   1.4423118e+02   1.5998054e+01   1.7704946e+02   2.0395931e+01   2.0923876e+02   2.9370935e+01   2.4213652e+02   2.9118049e+01   2.7405333e+02   3.6649388e+01   3.0650109e+02   3.7743348e+01   3.3808407e+02   4.4689653e+01   3.7015514e+02   4.6273432e+01   4.0121581e+02   5.3509599e+01   4.3311037e+02   5.4709869e+01   4.6328926e+02   6.3236391e+01   4.9537822e+02   6.3054193e+01   5.2552558e+02   6.3694342e+01   5.5696967e+02   7.1307075e+01
   1.4167244e+02   5.3053618e+01   1.7502938e+02   5.7034910e+01   2.0722232e+02   5.9383746e+01   2.3894302e+02   6.3738968e+01   2.7074310e+02   6.6494485e+01   3.0212349e+02   7.1153900e+01   3.3354483e+02   7.4222250e+01   3.6454302e+02   7.9199754e+01   3.9556520e+02   8.2700456e+01   4.2611964e+02   8.8094861e+01   4.5678837e+02   9.1877433e+01   4.8690290e+02   9.7584896e+01   5.1716026e+02   1.0168958e+02   5.4797782e+02   1.0173505e+02
   1.3989151e+02   8.4192892e+01   1.7368288e+02   8.6765342e+01   2.0499312e+02   9.0796162e+01   2.3633768e+02   9.3401418e+01   2.6728118e+02   9.7848485e+01   2.9826787e+02   1.0062675e+02   3.2885847e+02   1.0527374e+02   3.5947279e+02   1.0844965e+02   3.8969690e+02   1.1330239e+02   4.1994841e+02   1.1674564e+02   4.4979740e+02   1.2189830e+02   4.7967173e+02   1.2567041e+02   5.0913878e+02   1.3099822e+02   5.3966609e+02   1.3534729e+02
   1.3901717e+02   1.1346710e+02   1.7215177e+02   1.1717473e+02   2.0302922e+02   1.1976023e+02   2.3355546e+02   1.2389623e+02   2.6411497e+02   1.2668200e+02   2.9431511e+02   1.3092060e+02   3.2452494e+02   1.3376198e+02   3.5436180e+02   1.3829082e+02   3.8423586e+02   1.4149574e+02   4.1375431e+02   1.4610965e+02   4.4327970e+02   1.4949202e+02   4.7243028e+02   1.5435254e+02   5.0162267e+02   1.5783844e+02   5.3224318e+02   1.6332775e+02
   1.4078107e+02   1.3905803e+02   1.7083834e+02   1.4515221e+02   2.0095703e+02   1.4906016e+02   2.3109088e+02   1.5173851e+02   2.6087863e+02   1.5578037e+02   2.9067793e+02   1.5861773e+02   3.2014808e+02   1.6278483e+02   3.4964296e+02   1.6569811e+02   3.7878731e+02   1.6999293e+02   4.0793991e+02   1.7314080e+02   4.3676511e+02   1.7755904e+02   4.6561480e+02   1.8070803e+02   4.9412219e+02   1.8523372e+02   5.2497345e+02   1.8893014e+02
   1.3999969e+02   1.6692835e+02   1.6939662e+02   1.7348805e+02   1.9911778e+02   1.7606018e+02   2.2853329e+02   1.7995988e+02   2.5790854e+02   1.8277064e+02   2.8701126e+02   1.8664968e+02   3.1611414e+02   1.8948501e+02   3.4490223e+02   1.9350073e+02   3.7368337e+02   1.9632130e+02   4.0218455e+02   2.0040066e+02   4.3066918e+02   2.0340296e+02   4.5886763e+02   2.0752113e+02   4.8705774e+02   2.1052713e+02   5.1729205e+02   2.1522367e+02
   1.3559362e+02   1.9543723e+02   1.6818883e+02   1.9960413e+02   1.9718048e+02   2.0343785e+02   2.2618380e+02   2.0607914e+02   2.5492214e+02   2.0986262e+02   2.8360368e+02   2.1261316e+02   3.1207040e+02   2.1636086e+02   3.4046869e+02   2.1920120e+02   3.6862655e+02   2.2291395e+02   3.9677932e+02   2.2563915e+02   4.2462841e+02   2.2956870e+02   4.5248231e+02   2.3230938e+02   4.8009313e+02   2.3611625e+02   5.1042201e+02   2.3945983e+02
   1.3546792e+02   2.2236162e+02   1.6687566e+02   2.2581656e+02   1.9545113e+02   2.2859298e+02   2.2380648e+02   2.3229261e+02   2.5213256e+02   2.3508225e+02   2.8022088e+02   2.3863374e+02   3.0829255e+02   2.4133076e+02   3.3605979e+02   2.4496557e+02   3.6388777e+02   2.4748388e+02   3.9139357e+02   2.5117562e+02   4.1894611e+02   2.5362719e+02   4.4620605e+02   2.5732104e+02   4.7347458e+02   2.5977266e+02   5.0320338e+02   2.6328443e+02
   1.3530275e+02   2.4729035e+02   1.6572121e+02   2.4996315e+02   1.9371557e+02   2.5371810e+02   2.2164137e+02   2.5642062e+02   2.4938884e+02   2.6000350e+02   2.7704194e+02   2.6269363e+02   3.0455544e+02   2.6612646e+02   3.3195616e+02   2.6873131e+02   3.5921223e+02   2.7206824e+02   3.8635380e+02   2.7453263e+02   4.1336106e+02   2.7789716e+02   4.4027036e+02   2.8024289e+02   4.6698779e+02   2.8357389e+02   4.9669763e+02   2.8643450e+02
   1.3499926e+02   2.7088694e+02   1.6450052e+02   2.7440020e+02   1.9210050e+02   2.7715462e+02   2.1944967e+02   2.8065752e+02   2.4683467e+02   2.8329450e+02   2.7390813e+02   2.8669248e+02   3.0103391e+02   2.8923686e+02   3.2792192e+02   2.9241399e+02   3.5476206e+02   2.9482739e+02   3.8143650e+02   2.9798167e+02   4.0803399e+02   3.0019814e+02   4.3443278e+02   3.0343159e+02   4.6082072e+02   3.0545903e+02   4.8943780e+02   3.0886946e+02
   1.3469975e+02   2.9434661e+02   1.6345483e+02   2.9676992e+02   1.9048501e+02   3.0031049e+02   2.1747087e+02   3.0294636e+02   2.4426866e+02   3.0629941e+02   2.7102603e+02   3.0879454e+02   2.9759633e+02   3.1200815e+02   3.2411451e+02   3.1434937e+02   3.5043498e+02   3.1755968e+02   3.7673550e+02   3.1960548e+02   4.0283832e+02   3.2257203e+02   4.2889804e+02   3.2463365e+02   4.5476276e+02   3.2759125e+02   4.8271880e+02   3.2969737e+02
   1.3593250e+02   3.1542397e+02   1.6234551e+02   3.1922018e+02   1.8906241e+02   3.2170306e+02   2.1544920e+02   3.2531530e+02   2.4193762e+02   3.2764643e+02   2.6811021e+02   3.3097494e+02   2.9436184e+02   3.3327666e+02   3.2036984e+02   3.3634627e+02   3.4633975e+02   3.3840380e+02   3.7210447e+02   3.4147362e+02   3.9789598e+02   3.4335490e+02   4.2347419e+02   3.4598544e+02   4.4902027e+02   3.4768110e+02   4.7510596e+02   3.5059447e+02
   1.3628339e+02   3.3765712e+02   1.6148729e+02   3.3959605e+02   1.8752796e+02   3.4337295e+02   2.1368377e+02   3.4567695e+02   2.3953015e+02   3.4914426e+02   2.6545904e+02   3.5138077e+02   2.9115359e+02   3.5432830e+02   3.1682184e+02   3.5646344e+02   3.4230281e+02   3.5955196e+02   3.6777728e+02   3.6132851e+02   3.9305914e+02   3.6394278e+02   4.1830433e+02   3.6558976e+02   4.4335234e+02   3.6811368e+02   4.6939156e+02   3.6993442e+02
   1.3466902e+02   3.5707044e+02   1.6031134e+02   3.6199233e+02   1.8627857e+02   3.6271683e+02   2.1159307e+02   3.6802468e+02   2.3741599e+02   3.6844386e+02   2.6258909e+02   3.7360826e+02   2.8817627e+02   3.7365373e+02   3.1311642e+02   3.7874226e+02   3.3852347e+02   3.7847105e+02   3.6330028e+02   3.8330567e+02   3.8844262e+02   3.8313836e+02   4.1307596e+02   3.8749469e+02   4.3797215e+02   3.8710349e+02   4.6237390e+02   3.9139972e+02
