   1.5455376e+02  -1.8871595e-01   1.7993701e+02   3.1905780e+00   2.0518293e+02   8.4196061e+00   2.3083477e+02   9.9666401e+00   2.5634951e+02   1.3363438e+01   2.8190829e+02   1.6766102e+01   3.0450153e+02   2.0739138e+01   3.3147415e+02   2.4743217e+01   3.5931833e+02   2.8511521e+01   3.8591816e+02   3.2627436e+01   4.1343732e+02   3.6779807e+01   4.3981927e+02   4.1344756e+01   4.6206299e+02   4.0750251e+01   4.8399633e+02   3.9975661e+01   5.1393870e+02   4.7656434e+01
   1.4980706e+02   2.8136679e+01   1.7811169e+02   3.2069584e+01   2.0330391e+02   3.3760949e+01   2.2826669e+02   3.7758676e+01   2.5342090e+02   4.0617436e+01   2.7381047e+02   4.3506967e+01   3.0076775e+02   4.7113374e+01   3.2772298e+02   5.0694493e+01   3.5470178e+02   5.4767248e+01   3.8164521e+02   5.8703092e+01   4.0802479e+02   6.3067041e+01   4.3463816e+02   6.7143887e+01   4.6050540e+02   7.1949130e+01   4.8113577e+02   7.1145962e+01   5.0665387e+02   7.4567038e+01
   1.4841866e+02   5.5078397e+01   1.7665668e+02   5.7321191e+01   2.0118228e+02   6.1108084e+01   2.2591454e+02   6.3647392e+01   2.5058835e+02   6.6977569e+01   2.7068523e+02   6.9773993e+01   2.9741633e+02   7.3243922e+01   3.2386130e+02   7.7045284e+01   3.5056434e+02   8.0765471e+01   3.7687784e+02   8.4777688e+01   4.0318160e+02   8.8726653e+01   4.2930736e+02   9.3117657e+01   4.4947090e+02   9.3820368e+01   4.7451930e+02   9.7201102e+01   4.9801612e+02   1.0400209e+02
   1.4737683e+02   7.9823242e+01   1.7500517e+02   8.3740303e+01   1.9935286e+02   8.5783642e+01   2.2351975e+02   8.9573058e+01   2.4784720e+02   9.2487104e+01   2.6776772e+02   9.5415127e+01   2.9409429e+02   9.8889447e+01   3.2021945e+02   1.0245807e+02   3.4650101e+02   1.0625829e+02   3.7242511e+02   1.1006261e+02   3.9834329e+02   1.1408020e+02   4.2383101e+02   1.1788640e+02   4.4348162e+02   1.1906257e+02   4.6811792e+02   1.2240923e+02   4.9175429e+02   1.2917137e+02
   1.4623446e+02   1.0532050e+02   1.7361583e+02   1.0769338e+02   1.9735760e+02   1.1140733e+02   2.2134312e+02   1.1357689e+02   2.4519310e+02   1.1718656e+02   2.6505746e+02   1.2023250e+02   2.9070156e+02   1.2361944e+02   3.1658213e+02   1.2722035e+02   3.4240923e+02   1.3076553e+02   3.6811920e+02   1.3461836e+02   3.9347401e+02   1.3838798e+02   4.1348560e+02   1.4019034e+02   4.3768376e+02   1.4349797e+02   4.6192131e+02   1.4681098e+02   4.8618617e+02   1.5226308e+02
   1.4513467e+02   1.2966269e+02   1.7205903e+02   1.3253435e+02   1.9561912e+02   1.3479559e+02   2.1902488e+02   1.3851548e+02   2.4262197e+02   1.4111392e+02   2.6236000e+02   1.4436942e+02   2.8776686e+02   1.4775196e+02   3.1317081e+02   1.5127977e+02   3.3867422e+02   1.5479202e+02   3.6379090e+02   1.5840981e+02   3.8897732e+02   1.6212170e+02   4.0825497e+02   1.6389007e+02   4.3206831e+02   1.6716464e+02   4.5575451e+02   1.7133216e+02   4.7976568e+02   1.7601070e+02
   1.4467433e+02   1.5347534e+02   1.7071781e+02   1.5534211e+02   1.9372491e+02   1.5890524e+02   2.1698200e+02   1.6110334e+02   2.4012997e+02   1.6430482e+02   2.5996518e+02   1.6777733e+02   2.8485592e+02   1.7117223e+02   3.0986886e+02   1.7459075e+02   3.3474164e+02   1.7808349e+02   3.5972616e+02   1.8157611e+02   3.8433370e+02   1.8509525e+02   4.0318621e+02   1.8685634e+02   4.2662678e+02   1.9009829e+02   4.4987885e+02   1.9464923e+02   4.7397596e+02   1.9787161e+02
   1.4426355e+02   1.7516026e+02   1.6924991e+02   1.7855282e+02   1.9210169e+02   1.8096894e+02   2.1491796e+02   1.8362244e+02   2.3298228e+02   1.8725322e+02   2.5740064e+02   1.9044141e+02   2.8209382e+02   1.9380686e+02   3.0643519e+02   1.9724162e+02   3.3105110e+02   2.0057934e+02   3.5544298e+02   2.0398730e+02   3.7981338e+02   2.0757150e+02   3.9827194e+02   2.0912267e+02   4.2135122e+02   2.1233245e+02   4.4446635e+02   2.1554722e+02   4.6783627e+02   2.2027659e+02
   1.4196035e+02   1.9955219e+02   1.6802619e+02   1.9983978e+02   1.9033943e+02   2.0351247e+02   2.1291551e+02   2.0546964e+02   2.3090261e+02   2.0926996e+02   2.5513490e+02   2.1243317e+02   2.7916998e+02   2.1582769e+02   3.0333858e+02   2.1921158e+02   3.2737685e+02   2.2243387e+02   3.5153934e+02   2.2575779e+02   3.7529920e+02   2.2910335e+02   3.9350518e+02   2.3072058e+02   4.1623415e+02   2.3389866e+02   4.3899788e+02   2.3708159e+02   4.6235942e+02   2.4118940e+02
   1.4272538e+02   2.1828720e+02   1.6663993e+02   2.2178817e+02   1.8888305e+02   2.2356995e+02   2.1097192e+02   2.2667457e+02   2.2922371e+02   2.3053506e+02   2.5255333e+02   2.3385966e+02   2.7638963e+02   2.3711986e+02   3.0021360e+02   2.4031545e+02   3.2416347e+02   2.4356855e+02   3.4768827e+02   2.4670665e+02   3.7124686e+02   2.5005000e+02   3.8887941e+02   2.5167973e+02   4.1126853e+02   2.5482656e+02   4.3369139e+02   2.5797812e+02   4.5699844e+02   2.6228257e+02
   1.4203693e+02   2.3940984e+02   1.6550900e+02   2.4172258e+02   1.8731691e+02   2.4419029e+02   2.0443096e+02   2.4795472e+02   2.2749344e+02   2.5121258e+02   2.5080013e+02   2.5439139e+02   2.7399533e+02   2.5764199e+02   2.9750114e+02   2.6075775e+02   3.2063571e+02   2.6388247e+02   3.4391660e+02   2.6722413e+02   3.6690528e+02   2.7008953e+02   3.8438845e+02   2.7202804e+02   4.0644774e+02   2.7514407e+02   4.2853979e+02   2.7826473e+02   4.5132092e+02   2.8123120e+02
   1.4253171e+02   2.5866147e+02   1.6437080e+02   2.6118110e+02   1.8579547e+02   2.6422218e+02   2.0312378e+02   2.6795612e+02   2.2595722e+02   2.7128981e+02   2.4871709e+02   2.7430871e+02   2.7171561e+02   2.7750009e+02   2.9451143e+02   2.8047865e+02   3.1751266e+02   2.8366962e+02   3.4022953e+02   2.8663653e+02   3.6301857e+02   2.8977756e+02   3.8002649e+02   2.9179183e+02   4.0176553e+02   2.9487753e+02   4.2353638e+02   2.9796774e+02   4.4534802e+02   3.0052709e+02
   1.4218070e+02   2.7888295e+02   1.6319442e+02   2.8067819e+02   1.7985545e+02   2.8396812e+02   2.0223152e+02   2.8739402e+02   2.2435751e+02   2.9041149e+02   2.4688227e+02   2.9364125e+02   2.6933264e+02   2.9660380e+02   2.9204315e+02   2.9972701e+02   3.1428883e+02   3.0264076e+02   3.3688208e+02   3.0574897e+02   3.5892258e+02   3.0853198e+02   3.7578806e+02   3.1099593e+02   3.9721601e+02   3.1405175e+02   4.1867487e+02   3.1711198e+02   4.4044706e+02   3.1862633e+02
   1.4125143e+02   2.9665510e+02   1.5724082e+02   2.9936863e+02   1.7982354e+02   3.0246394e+02   2.0066987e+02   3.0602149e+02   2.2346724e+02   3.0905151e+02   2.4462413e+02   3.1218780e+02   2.6760974e+02   3.1521366e+02   2.8881240e+02   3.1828783e+02   3.1173429e+02   3.2128675e+02   3.3306222e+02   3.2419783e+02   3.5057235e+02   3.2664170e+02   3.7166799e+02   3.2966379e+02   3.9279362e+02   3.3269018e+02   4.1421330e+02   3.3363669e+02   4.3513511e+02   3.3875589e+02
