   2.8375366e+02   2.0942705e+00   3.0210351e+02   6.4747795e+00   3.2362474e+02   6.9443557e+00   3.4421311e+02   1.0815265e+01   3.6419100e+02   1.5783750e+01   3.8078535e+02   2.5257847e+01   4.0189213e+02   3.0296496e+01   4.2362454e+02   3.5484493e+01   4.4601079e+02   4.0828578e+01   4.6908085e+02   4.6335904e+01   4.9286654e+02   5.2014066e+01   5.1740168e+02   5.7871137e+01   5.4294681e+02   6.3198586e+01   5.6886660e+02   7.0156934e+01
   2.8126822e+02   1.9641809e+01   2.9967868e+02   2.4065701e+01   3.1881183e+02   2.8640775e+01   3.3844226e+02   3.3697775e+01   3.5880810e+02   3.8725171e+01   3.7422603e+02   4.7868806e+01   3.9506480e+02   5.3193655e+01   4.1651611e+02   5.8675022e+01   4.3860736e+02   6.4319912e+01   4.6238676e+02   6.6640689e+01   4.8591779e+02   7.2481837e+01   5.0958962e+02   8.0479525e+01   5.3445721e+02   8.7169723e+01   5.6200878e+02   9.6673402e+01
   2.7641170e+02   4.1445152e+01   2.9488065e+02   4.6137740e+01   3.1367844e+02   5.1137542e+01   3.2831900e+02   5.9377801e+01   3.4776995e+02   6.4672566e+01   3.6777186e+02   7.0117311e+01   3.8834849e+02   7.5718498e+01   4.0952495e+02   8.1482969e+01   4.3228224e+02   8.4262854e+01   4.5483394e+02   9.0093042e+01   4.7755051e+02   9.7842223e+01   5.0137690e+02   1.0445692e+02   5.2544685e+02   1.1286709e+02   5.5512800e+02   1.2139839e+02
   2.7197919e+02   6.2840419e+01   2.9005298e+02   6.7957465e+01   3.0871306e+02   7.3213727e+01   3.2244620e+02   8.0757118e+01   3.4166326e+02   8.6306590e+01   3.6142033e+02   9.2012007e+01   3.8174050e+02   9.7880034e+01   4.0352528e+02   1.0120726e+02   4.2512206e+02   1.0710206e+02   4.4692984e+02   1.1471504e+02   4.6977416e+02   1.2124430e+02   4.9283202e+02   1.2950337e+02   5.1703172e+02   1.3672038e+02   5.4647655e+02   1.4743347e+02
   2.6750033e+02   8.4056373e+01   2.8019167e+02   9.0676002e+01   2.9818361e+02   9.6167666e+01   3.1666354e+02   1.0180828e+02   3.3565159e+02   1.0760398e+02   3.5516901e+02   1.1356127e+02   3.7596583e+02   1.1751717e+02   3.9673011e+02   1.2339414e+02   4.1762796e+02   1.3098284e+02   4.3957374e+02   1.3746242e+02   4.6167741e+02   1.4559813e+02   4.8490599e+02   1.5264208e+02   5.0831781e+02   1.6141351e+02   5.3335544e+02   1.6794895e+02
   2.5759034e+02   1.0537412e+02   2.7491685e+02   1.1094571e+02   2.9270353e+02   1.1666527e+02   3.1096896e+02   1.2253878e+02   3.2973274e+02   1.2857254e+02   3.4956281e+02   1.3321361e+02   3.6950359e+02   1.3921975e+02   3.8962194e+02   1.4657366e+02   4.1066161e+02   1.5313213e+02   4.3188614e+02   1.6112735e+02   4.5413970e+02   1.6821889e+02   4.7662631e+02   1.7670651e+02   5.0019240e+02   1.8442738e+02   5.2486829e+02   1.9132118e+02
   2.5258584e+02   1.2512940e+02   2.6971969e+02   1.3091696e+02   2.8730520e+02   1.3685709e+02   3.0536047e+02   1.4295590e+02   3.2427729e+02   1.4821486e+02   3.4348367e+02   1.5418345e+02   3.6277632e+02   1.6163086e+02   3.8299224e+02   1.6819547e+02   4.0340544e+02   1.7602450e+02   4.2473801e+02   1.8317054e+02   4.4631535e+02   1.9155500e+02   4.6888661e+02   1.9928836e+02   4.9172557e+02   2.0827859e+02   5.1567931e+02   2.1646950e+02
   2.4285194e+02   1.4144250e+02   2.6496330e+02   1.4964006e+02   2.8254721e+02   1.5533294e+02   3.0005577e+02   1.6248749e+02   3.1851718e+02   1.6861045e+02   3.3707848e+02   1.7599986e+02   3.5652056e+02   1.8258277e+02   3.7609206e+02   1.9045857e+02   3.9661161e+02   1.9753524e+02   4.1730761e+02   2.0585557e+02   4.3898409e+02   2.1350810e+02   4.6088542e+02   2.2237164e+02   4.8381049e+02   2.3061678e+02   5.0704179e+02   2.4007776e+02
   2.3880600e+02   1.6169475e+02   2.5994444e+02   1.6903173e+02   2.7718085e+02   1.7617083e+02   2.9459859e+02   1.8235885e+02   3.1246036e+02   1.8970823e+02   3.3113966e+02   1.9641201e+02   3.4996896e+02   2.0418320e+02   3.6968734e+02   2.1130948e+02   3.8958206e+02   2.1950187e+02   4.1040134e+02   2.2712675e+02   4.3139325e+02   2.3597800e+02   4.5344560e+02   2.4404497e+02   4.7569663e+02   2.5336905e+02   4.9898339e+02   2.6221973e+02
   2.3519043e+02   1.8102268e+02   2.5461717e+02   1.8901174e+02   2.7170906e+02   1.9535014e+02   2.8888119e+02   2.0274593e+02   3.0688113e+02   2.0946011e+02   3.2496885e+02   2.1725564e+02   3.4392695e+02   2.2443607e+02   3.6303069e+02   2.3261277e+02   3.8308239e+02   2.4015620e+02   4.0323883e+02   2.4884237e+02   4.2440516e+02   2.5687965e+02   4.4571975e+02   2.6617422e+02   4.6816214e+02   2.7472745e+02   4.9080266e+02   2.8450862e+02
   2.2900029e+02   2.0124225e+02   2.4967440e+02   2.0794556e+02   2.6632618e+02   2.1507211e+02   2.8365190e+02   2.2185974e+02   3.0145836e+02   2.2873948e+02   3.1933721e+02   2.3675107e+02   3.3768936e+02   2.4488346e+02   3.5695009e+02   2.5254662e+02   3.7628037e+02   2.6117889e+02   3.9662238e+02   2.6927518e+02   4.1715598e+02   2.7832661e+02   4.3868578e+02   2.8678657e+02   4.6038528e+02   2.9645461e+02   4.8312632e+02   3.0551570e+02
   2.2765653e+02   2.1916106e+02   2.4484099e+02   2.2651903e+02   2.6147811e+02   2.3346035e+02   2.7854348e+02   2.4058034e+02   2.9605383e+02   2.4788599e+02   3.1402681e+02   2.5538466e+02   3.3248099e+02   2.6308409e+02   3.5143596e+02   2.7099246e+02   3.7091239e+02   2.7911839e+02   3.9093209e+02   2.8747099e+02   4.1151812e+02   2.9605987e+02   4.3132685e+02   3.0783519e+02   4.5319751e+02   3.1686802e+02   4.7529690e+02   3.2683706e+02
   2.2430995e+02   2.3810527e+02   2.3544051e+02   2.4320258e+02   2.5153821e+02   2.5055755e+02   2.7341276e+02   2.5925816e+02   2.9072846e+02   2.6675204e+02   3.0849825e+02   2.7444243e+02   3.2674022e+02   2.8233718e+02   3.4547345e+02   2.9044453e+02   3.6471806e+02   2.9877320e+02   3.8449527e+02   3.0733237e+02   4.0482751e+02   3.1613173e+02   4.2573847e+02   3.2518156e+02   4.4583151e+02   3.3758632e+02   4.6808215e+02   3.4689221e+02
   2.1949163e+02   2.5576407e+02   2.3140168e+02   2.6173245e+02   2.4825536e+02   2.6963844e+02   2.6355156e+02   2.7720867e+02   2.8161548e+02   2.8529813e+02   3.0305113e+02   2.9321946e+02   3.1662196e+02   3.0163930e+02   3.3960113e+02   3.0960239e+02   3.5861869e+02   3.1812670e+02   3.7815849e+02   3.2688509e+02   3.9824232e+02   3.3588733e+02   4.1889324e+02   3.4514377e+02   4.3887682e+02   3.5717172e+02   4.6199520e+02   3.6446350e+02
