   1.2728039e+02   2.5410985e+01   1.6494730e+02   2.8109743e+01   1.9882379e+02   3.0802108e+01   2.3021956e+02   3.8410342e+01   2.6338490e+02   4.2598380e+01   2.9600008e+02   4.6716945e+01   3.2807867e+02   5.0767752e+01   3.5883050e+02   5.9588455e+01   3.9067822e+02   5.8672670e+01   4.2122419e+02   6.2529939e+01   4.5128362e+02   6.6325770e+01   4.8086805e+02   7.0061620e+01   5.0998865e+02   7.3738898e+01   5.3883008e+02   7.3390928e+01   5.6688116e+02   8.0923083e+01
   1.2673423e+02   6.2323337e+01   1.6088113e+02   6.6324977e+01   1.9445967e+02   7.0260012e+01   2.2748393e+02   7.4130090e+01   2.5996751e+02   7.7936807e+01   2.9192359e+02   8.1681706e+01   3.2063022e+02   8.9126923e+01   3.5407057e+02   9.2497511e+01   3.8693645e+02   9.6291672e+01   4.1892818e+02   9.9739321e+01   4.4422361e+02   9.9529586e+01   4.7289723e+02   1.0553817e+02   5.0132116e+02   1.1032291e+02   5.2945117e+02   1.1334804e+02   5.5776638e+02   1.1283555e+02
   1.2249019e+02   9.7574353e+01   1.5963592e+02   1.0127591e+02   1.9251513e+02   1.0484308e+02   2.2444401e+02   1.1334370e+02   2.5669222e+02   1.1180585e+02   2.8801526e+02   1.1520418e+02   3.1613332e+02   1.2210640e+02   3.4912724e+02   1.2528489e+02   3.8143459e+02   1.2841245e+02   4.1294563e+02   1.3183863e+02   4.3744368e+02   1.3141613e+02   4.6557655e+02   1.3754984e+02   4.9374124e+02   1.4015359e+02   5.2129395e+02   1.4429350e+02   5.4995722e+02   1.4737119e+02
   1.2571201e+02   1.3149037e+02   1.5844265e+02   1.3476883e+02   1.9065106e+02   1.3799498e+02   2.2234962e+02   1.4117007e+02   2.5355035e+02   1.4429529e+02   2.8426489e+02   1.4737181e+02   3.1200225e+02   1.5417334e+02   3.4435291e+02   1.5679941e+02   3.7628605e+02   1.5982684e+02   4.0728772e+02   1.6262186e+02   4.3092751e+02   1.6206227e+02   4.5872667e+02   1.6702259e+02   4.8626700e+02   1.7049781e+02   5.1349208e+02   1.7275941e+02   5.4236093e+02   1.7671763e+02
   1.2523248e+02   1.6393722e+02   1.5729815e+02   1.6689310e+02   1.8886256e+02   1.6980276e+02   2.1956771e+02   1.7750896e+02   2.5053390e+02   1.7548774e+02   2.8066309e+02   1.7826510e+02   3.0778386e+02   1.8485433e+02   3.3971784e+02   1.8746225e+02   3.7090436e+02   1.8991565e+02   4.0161883e+02   1.9251988e+02   4.2440103e+02   1.9356713e+02   4.5193066e+02   1.9685042e+02   4.7913019e+02   1.9863360e+02   5.0582158e+02   2.0168887e+02   5.3512436e+02   2.0375276e+02
   1.2477230e+02   1.9507462e+02   1.5619948e+02   1.9773093e+02   1.8714514e+02   2.0034653e+02   2.1762027e+02   2.0292237e+02   2.4763551e+02   2.0545934e+02   2.7720120e+02   2.0795831e+02   3.0408604e+02   2.1461549e+02   3.3511253e+02   2.1681837e+02   3.6599456e+02   2.1916808e+02   3.9589469e+02   2.2128719e+02   4.1862712e+02   2.1991200e+02   4.4551265e+02   2.2441284e+02   4.7215599e+02   2.2710179e+02   4.9852960e+02   2.2849012e+02   5.2724427e+02   2.3159584e+02
   1.2433033e+02   2.2498025e+02   1.5514394e+02   2.2735808e+02   1.8549464e+02   2.2970018e+02   2.1539277e+02   2.3200736e+02   2.4484839e+02   2.3428039e+02   2.6911552e+02   2.4133610e+02   3.0015958e+02   2.4335682e+02   3.3087458e+02   2.4535282e+02   3.6098809e+02   2.4724357e+02   3.9058019e+02   2.4915380e+02   4.1281602e+02   2.4724212e+02   4.3927841e+02   2.5210484e+02   4.6555638e+02   2.5339072e+02   4.9140889e+02   2.5559511e+02   5.2031992e+02   2.5707421e+02
   1.2390550e+02   2.5372579e+02   1.5412904e+02   2.5584447e+02   1.8390722e+02   2.5793193e+02   2.1324978e+02   2.5998885e+02   2.4216624e+02   2.6201590e+02   2.6579412e+02   2.6889992e+02   2.9643940e+02   2.7070616e+02   3.2637359e+02   2.7244629e+02   3.5615040e+02   2.7416555e+02   3.8511428e+02   2.7577305e+02   4.0721465e+02   2.7358583e+02   4.3323148e+02   2.7780880e+02   4.5909621e+02   2.7973517e+02   4.8456230e+02   2.8072785e+02   5.1312008e+02   2.8075948e+02
   1.2349683e+02   2.8137746e+02   1.5280122e+02   2.8818655e+02   1.8237933e+02   2.8510489e+02   2.1118659e+02   2.8692847e+02   2.3958324e+02   2.8872606e+02   2.6757801e+02   2.9049820e+02   2.9283593e+02   2.9704121e+02   3.2248695e+02   2.9854378e+02   3.5145204e+02   2.9997658e+02   3.8000379e+02   3.0147290e+02   4.0181186e+02   2.9899558e+02   4.2743601e+02   3.0357107e+02   4.5288543e+02   3.0403404e+02   4.7796665e+02   3.0566129e+02   5.0589711e+02   3.0681612e+02
   1.2028594e+02   3.1226475e+02   1.5185158e+02   3.1461454e+02   1.8064261e+02   3.1576353e+02   2.0919881e+02   3.1288335e+02   2.3709401e+02   3.1446669e+02   2.6035692e+02   3.2075840e+02   2.8974019e+02   3.2229711e+02   3.1852053e+02   3.2363611e+02   3.4719158e+02   3.2475316e+02   3.7491011e+02   3.2589375e+02   3.9659728e+02   3.2352018e+02   4.2182300e+02   3.2714359e+02   4.4688246e+02   3.2849682e+02   4.7158403e+02   3.2886971e+02   4.9830786e+02   3.3036231e+02
   1.2030674e+02   3.3799353e+02   1.5105138e+02   3.3884070e+02   1.7915803e+02   3.4095008e+02   2.0728240e+02   3.3790651e+02   2.3469352e+02   3.3928965e+02   2.5797665e+02   3.4517051e+02   2.8646152e+02   3.4634892e+02   3.1486852e+02   3.4764312e+02   3.4264832e+02   3.4846291e+02   3.7019998e+02   3.4953472e+02   3.9156125e+02   3.4720508e+02   4.1650581e+02   3.4846376e+02   4.4107535e+02   3.5094958e+02   4.6541550e+02   3.5196284e+02   4.9152368e+02   3.5224167e+02
   1.2211208e+02   3.6069314e+02   1.5018119e+02   3.6290624e+02   1.7812116e+02   3.6083496e+02   2.0543356e+02   3.6204724e+02   2.3237711e+02   3.6324315e+02   2.5538226e+02   3.6825548e+02   2.8357323e+02   3.6949735e+02   3.1107402e+02   3.7034580e+02   3.3861037e+02   3.7141207e+02   3.6540896e+02   3.7185465e+02   3.8669474e+02   3.7009268e+02   4.1125353e+02   3.7118274e+02   4.3547925e+02   3.7355493e+02   4.5943387e+02   3.7328706e+02   4.8418754e+02   3.7432210e+02
   1.2370420e+02   3.8423293e+02   1.4952004e+02   3.8494127e+02   1.7665731e+02   3.8697966e+02   2.0364879e+02   3.8535141e+02   2.2539646e+02   3.8946595e+02   2.5325863e+02   3.9047619e+02   2.8048080e+02   3.9156122e+02   3.0778602e+02   3.9229370e+02   3.3439145e+02   3.9300442e+02   3.6090234e+02   3.9362749e+02   3.8659984e+02   3.9388734e+02   4.0617403e+02   3.9315437e+02   4.3005392e+02   3.9407442e+02   4.5363178e+02   3.9464309e+02   4.7801196e+02   3.9437140e+02
   1.2166653e+02   4.0522327e+02   1.4877532e+02   4.0611446e+02   1.7552573e+02   4.0699388e+02   2.0192481e+02   4.0786176e+02   2.2443913e+02   4.1058348e+02   2.5056824e+02   4.1185310e+02   2.7834243e+02   4.1243892e+02   3.0392850e+02   4.1363434e+02   3.3110675e+02   4.1410223e+02   3.5627914e+02   4.1431553e+02   3.7743717e+02   4.1363178e+02   4.0125892e+02   4.1441493e+02   4.2478048e+02   4.1679255e+02   4.4924938e+02   4.1413861e+02   4.7097318e+02   4.1670667e+02
