d32 = [66.9587 56.9283 1602.47
53.3876 -211.379 1447.69
560.264 -414.168 1198.62
-520.482 -490.15 1251.12
67.1865 56.0883 1602.73
53.4791 -211.405 1447.57
562.008 -414.054 1202.26
-525.953 -488.952 1246.81
67.1369 55.9573 1602.56
53.8505 -212.06 1447.26
555.817 -411.307 1208.03
-549.5 -494.733 1225.7
67.5261 56.4495 1602.69
53.8373 -212.814 1447.22
562.422 -418.934 1199.89
-528.631 -492.629 1244.88
68.1378 56.7346 1603.51
53.3983 -213.788 1446.54
557.83 -414.384 1205.94
-528.566 -494.155 1241.68
68.1479 56.5561 1604.41
53.559 -214.912 1444.08
559.824 -407.984 1203.54
-530.572 -495.546 1243.29
68.2029 56.4782 1605.23
53.3568 -214.588 1444.61
562.278 -409.679 1199.87
-525.217 -495.336 1240.95
68.1548 56.354 1605.84
53.3059 -215.323 1444.25
562.162 -413.073 1197.08
-539.723 -498.814 1236.71
67.9897 56.2929 1606.71
53.6265 -215.457 1444.39
566.903 -410.596 1202.33
-545.915 -498.564 1233.74
68.2226 56.1766 1606.98
54.5114 -216.133 1443.9
555.385 -407.506 1210.06
-532.68 -495.535 1244.2
68.654 55.8826 1607.72
55.8822 -216.797 1444.1
555.587 -412.228 1210.19
-532.511 -495.687 1245.1
69.1322 55.6021 1608.3
57.1646 -217.013 1443.88
555.544 -415.422 1205.48
-525.794 -495.218 1245.92
69.1051 55.1461 1608.96
57.9552 -216.91 1443.14
552.236 -417.52 1207.53
-514.759 -491.406 1253.33
69.3436 54.5229 1609.57
58.6765 -216.263 1442.7
557.637 -420.288 1203.64
-505.984 -488.648 1258.85
69.6687 53.9698 1610.18
58.855 -215.88 1442.96
546.345 -414.95 1210.14
-512.808 -489.698 1255.96
69.6504 53.2813 1611.22
58.8684 -215.641 1443.58
559.01 -418.743 1188.52
-516.951 -492.099 1253.64
70.0446 52.6848 1612.18
60.214 -214.233 1444.65
550.855 -417.084 1190.9
-521.734 -490.388 1244.33
70.0571 52.3565 1612.71
60.576 -213.144 1445.93
549.395 -421.07 1184.83
-512.625 -486.603 1242.08
69.7147 52.2467 1612.8
61.0519 -211.493 1445.45
539.689 -414.483 1180.88
-513.289 -482.487 1228.86
69.6634 52.0022 1612.68
60.9342 -210.75 1445.65
539.465 -402.918 1175.31
-520.065 -476.015 1208.27
69.902 51.7625 1613.17
60.3408 -210.524 1446.79
521.28 -392.66 1174.96
-511.108 -460.629 1205.38
69.8844 51.3195 1613.28
59.8994 -210.896 1447.37
517.614 -375.399 1150.95
-516.106 -450.924 1174.53
69.7019 50.5058 1612.9
59.6652 -211.522 1446.79
496.659 -364.575 1110.34
-522.085 -439.925 1147.91
69.9517 49.8701 1613.11
59.4548 -211.755 1446.62
517.317 -330.855 1019.83
-516.967 -417.595 1117.3
70.1286 48.9715 1613.61
60.0235 -211.506 1447.01
501.497 -318.785 1001.52
-498.586 -394.319 1095.34
70.3063 47.7691 1613.86
59.7069 -211.219 1444.39
473.876 -300.525 985.861
-481.563 -380.89 1069.33
70.1908 46.3526 1614.92
59.1666 -209.872 1442.01
451.799 -298.684 981.337
-456.238 -357.501 1042.73
70.4532 44.8367 1616.74
58.6552 -208.611 1439.93
422.584 -277.876 961.81
-437.573 -336.695 1018.12
71.1941 43.072 1619.21
58.0791 -207.191 1435.93
389.281 -257.738 942.444
-411.352 -323.872 1003.63
72.0156 42.0058 1621.1
56.7683 -207.425 1435.35
358.641 -248.357 933.235
-377.808 -306.978 981.194
72.0872 40.6268 1622.3
54.8617 -207.017 1430.53
332.409 -233.218 920.78
-298.268 -268.351 936.914
71.3776 38.663 1623.92
54.6519 -206.882 1426.19
291.478 -218.571 902.579
-266.305 -276.613 981.163
71.0839 35.4608 1627.22
57.263 -202.583 1413.34
266.39 -227.381 902.061
-291.336 -285.944 955.833
70.6103 35.61 1627.79
57.8858 -198.398 1408.08
243.148 -237.899 895.109
-259.88 -265.707 920.341
69.2854 32.2681 1634.19
54.9582 -181.127 1420.06
216.745 -232.936 895.11
-250.086 -240.045 854.535
68.7694 31.1914 1636.37
57.1178 -176.053 1426.46
201.306 -234.322 897.81
-210.478 -251.979 886.668
68.7133 33.0743 1635.25
59.3001 -176.398 1429.17
188.393 -231.739 901.182
-179.226 -298.418 929.994
68.759 31.8762 1637.92
66.7078 -162.142 1427.94
174.9 -221.917 898.132
-154.18 -309.103 954.085
68.9494 32.0573 1641.49
67.4702 -147.989 1430.69
165.844 -210.584 879.529
-171.831 -262.077 909.967
69.3256 32.7587 1641.3
59.2896 -134.374 1431.95
156.506 -203.674 874.471
-142.59 -279.589 961.97
70.3222 33.7981 1641.39
54.2659 -115.641 1431.48
145.642 -203.603 865.293
-149.026 -212.794 903.393
71.2549 33.7119 1642.62
49.0059 -129.646 1426.25
142.809 -196.624 855.34
-130.997 -178.466 894.89
72.135 33.7867 1642.81
48.0264 -135.812 1405.79
127.813 -189.868 854.946
48.4699 -174.714 953.569
73.1505 34.3607 1642.35
47.356 -136.591 1405.44
137.168 -169.681 853.444
83.4706 -171.743 926.834
73.0076 34.649 1641.75
58.2329 -147.408 1371.95
-108.184 -147.888 877.356
110.349 -162.776 907.128
73.7275 35.1047 1641.79
59.1409 -148.975 1372.43
-120.026 -122.604 875.398
154.443 -77.588 866.569
74.3405 35.475 1641.12
59.5341 -145.526 1368.16
106.013 -81.3734 873.493
146.88 -58.7644 878.53
75.4752 37.5193 1640.99
66.8905 -139.625 1362.76
21.6091 -101.011 900.76
166.473 -34.1836 879.5
76.5066 39.7916 1640.81
68.0577 -131.993 1361.3
79.0715 -23.1353 921.609
189.203 -57.0789 1031.12
80.3599 43.3433 1638.09
68.8022 -127.377 1364.22
-85.1166 -45.9289 951.462
159.746 -116.339 1062.17
87.862 148.769 1420.14
72.2092 -110.405 1372.98
-71.7388 -70.3765 1076.57
147.478 -12.0347 1022.11
86.7988 150.619 1419.22
74.1568 -102.761 1382.83
-62.4833 -30.2612 1135.97
141.906 -43.8402 1065.89
85.1798 151.762 1419.62
67.1066 -105.904 1388.07
-104.48 -4.38907 1135.69
105.655 70.3129 996.198
83.8324 151.953 1420.65
70.1736 -105.553 1380.3
-93.6636 61.0367 972.423
133.439 54.4347 1043.4
82.5158 151.673 1423.3
69.485 -99.7593 1400.58
-41.596 16.3652 1137.49
-52.4764 -24.8073 1122.71
115.371 185.55 1423.76
70.2831 -94.4545 1410.31
118.694 148.321 985.276
-96.9632 88.9487 1022.48
116.238 184.902 1425.24
72.0481 -84.937 1417.78
127.583 168.668 998.606
-103.972 130.281 1013.93
131.258 206.04 1503.94
71.6832 -82.0315 1418.27
132.929 191.409 1013.4
-105.927 146.047 1017.57
127.255 201.754 1496.9
59.8327 -134.56 1414.51
129.201 162.135 1005.78
-107.893 213.131 1055.26
126.071 200.138 1491.48
58.8287 -144.254 1422.17
124.687 184.631 1012.88
-118.634 225.472 1066.72
122.499 192.205 1484.12
55.8257 -155.348 1424.81
127.633 207.97 1029.52
-117.663 233.196 1075.97
119.661 184.439 1476.19
57.8424 -145.869 1402.98
121.154 216.32 1047.01
-126.678 253.811 1081.81
116.504 188.949 1469.91
58.6153 -159.993 1395.26
123.377 218.224 1071.96
-131.996 279.552 1084.11
111.728 192.357 1463.82
59.1595 -170.2 1408.95
128.862 236.333 1070.99
-138.104 298.198 1099.93
108.706 195.183 1457.96
59.2126 -171.869 1411.79
130.589 243.641 1085.18
-135.472 310.613 1121.65
109.315 196.627 1458.17
59.5754 -170.531 1413.68
131.413 255.039 1093.73
-142.382 319.966 1137.33
109.904 203.581 1456.59
70.0433 -160.122 1426.41
131.158 279.071 1107.72
-140.021 321.8 1151.86
106.42 210.604 1457.24
68.5343 -152.809 1432.37
130.837 293.211 1126.13
-153.869 325.703 1161.51
105.692 213.674 1456.9
67.2085 -153.192 1437.05
139.445 298.938 1130.49
-154.267 338.28 1180.62
103.274 207.69 1457.75
63.6692 -158.256 1445.7
143.112 308.197 1138.55
-156.347 338.544 1198.92
107.945 195.461 1456.07
62.6217 -161.557 1450.82
148.983 309.829 1148.77
-157.878 336.22 1211.45
94.2519 106.223 1465.59
62.3549 -163.505 1444.58
150.189 311.463 1153.27
-161.166 339.899 1226.85
68.1146 100.457 1494.33
47.4828 -139.318 1433.53
161.36 300.206 1169.82
-168.807 335.465 1232.41
74.0174 97.8527 1483.09
50.5829 -150.028 1437.92
160.474 304.606 1178.74
-164.991 334.441 1239.5
78.8807 89.2625 1460.94
48.0386 -150.207 1429.49
161.359 311.279 1187.47
-172.237 341.055 1247.45
78.4454 88.4384 1465.8
47.8017 -151.814 1429.41
158.981 313.806 1194.45
-173.069 336.26 1248.75
85.0954 87.882 1457.01
48.3493 -158.453 1427.22
158.389 305.655 1194.58
-167.553 338.61 1247.99
92.2451 94.0095 1449.7
52.412 -165.926 1425.67
154.099 308.96 1193.66
-158.701 330.481 1247.53
93.6593 94.3303 1447.95
55.6718 -166.325 1416.78
144.144 290.751 1185.52
-150.545 305.007 1226.95
94.6492 94.1451 1446.01
55.9041 -166.583 1413.92
151.478 301.057 1185.95
-155.403 295.182 1215.09
95.0405 94.0532 1445.36
54.161 -165.782 1417.12
140.772 304.025 1177.56
-137.886 283.116 1203.27
97.0807 94.2116 1442.34
54.0341 -165.676 1421.33
135.028 286.752 1164.98
-132.52 273.935 1192.93
98.812 93.0687 1439.41
57.8202 -176.582 1412.69
122.541 285.043 1148.33
-124.903 249.062 1181.51
98.9902 102.325 1440.83
59.2693 -173.169 1413.09
120.116 259.545 1133.62
-115.384 247.51 1167.64
96.488 114.22 1442.23
53.6152 -163.073 1431.89
119.199 235.689 1115.54
-114.215 245.43 1162.23
95.8985 123.339 1442.58
52.7463 -155.914 1439.52
122.627 219.303 1100.51
-113.809 245.021 1152.86
95.6229 131.388 1443.02
65.0116 -151.03 1432.05
121.226 195.34 1081.96
-103.629 249.2 1150.69
95.7225 137.577 1443.6
67.068 -147.272 1435.48
122.979 175.202 1070.42
-103.554 253.07 1143.69
139.836 201.692 1499.01
69.3378 -136.663 1434.79
126.384 166.819 1062.53
-99.1678 232.993 1123.32
139.747 201.129 1498.01
63.806 -113.531 1431.89
117.157 154.366 1060.24
-95.7001 216.902 1102.17
136.376 200.029 1493.65
65.578 -111.202 1433.98
118.821 143.413 1053.46
-91.3663 204.744 1089.14
134.415 198.748 1489.86
64.8599 -110.101 1422.29
116.407 124.056 1038.53
-100.159 197.089 1085.28
130.708 198.489 1481.31
65.9896 -112.81 1421.1
119.773 117.053 1026.65
-85.8891 189.308 1081.87
127.05 199.3 1473.69
62.145 -121.046 1430.48
123.168 104.002 1024.07
-81.8003 183.258 1069.09
115.021 198.887 1475.09
62.4684 -117.705 1426.6
121.992 87.9678 1015.74
-85.5802 171.01 1061.79
107.791 194.794 1474.26
61.1515 -120.803 1417.44
124.71 68.5589 1003.68
-70.5238 126.42 1053.51
102.266 190.724 1474.09
61.8879 -121.463 1409.96
121.775 53.344 995.353
-50.1026 112.659 1047.72
99.435 188.71 1469.51
67.2056 -130.194 1411.63
-79.1221 51.3898 997.14
-56.4599 103.257 1043.7
96.3715 188.369 1465.83
64.0914 -65.7513 1386.53
109.693 72.1074 991.464
-48.6241 26.0458 1025.8
93.3647 186.856 1464.57
63.9912 -69.5398 1383.62
90.2601 71.3458 948.084
-34.5298 2.77535 1054.28
86.0384 178.18 1463.48
63.1847 -70.6402 1380.1
-77.1127 76.2478 957.469
123.272 -53.4028 1107.38
80.47 174.036 1465.55
63.2774 -72.439 1377.18
110.959 48.8925 944.828
145.817 -66.4911 1034.6
77.1627 170.115 1469.57
63.3485 -75.4441 1375.02
-77.519 35.0905 969.828
136.054 -78.6004 1003.05
78.1912 156.842 1482.61
64.8311 -79.7123 1374.78
-63.0295 19.5771 962.578
140.422 -63.741 986.764
79.4761 133.007 1487.61
65.9578 -82.8624 1373.21
-56.0555 -1.32127 952.984
132.936 -41.8996 973.678
74.2591 125.527 1515.91
67.9433 -87.6391 1371.32
-63.2568 -16.0424 959.186
130.26 -59.015 954.545
78.7099 92.0655 1557.38
66.8152 -86.9824 1367.39
-87.5737 -18.1236 942.676
124.169 -68.5855 949.029
81.818 74.3335 1576.26
67.1459 -90.4439 1365.04
-91.8058 -25.7306 931.854
113.004 -58.0194 931.84
81.3553 63.3896 1587.16
68.9599 -93.4016 1363.55
-90.2134 -36.7223 926.363
110.538 -75.483 914.833
80.4195 58.2888 1595.28
76.8093 -105.034 1370.75
-100.076 -68.4781 924.6
134.617 -141.147 933.732
80.5207 52.5515 1602.47
78.8443 -106.331 1365.62
-113.445 -64.6444 1073.44
137.364 -169.55 942.178
79.8782 48.7487 1606.34
78.0771 -107.918 1365.11
-107.921 -165.054 950.079
127.365 -190.583 935.956
77.9577 46.0075 1607.41
78.1105 -114.642 1370.83
-234.311 -151.743 983.088
234.985 -242.496 1027.46
74.6055 42.5453 1608.44
77.6714 -118.776 1365.1
-238.492 -160.364 991.811
235.884 -237.32 1010.12
73.0396 41.9548 1607.49
77.4731 -124.702 1361.61
-124.3 -161.472 1117.79
127.907 -254.22 883.337
72.4025 41.3591 1607.61
81.5066 -142.846 1374.44
-154.654 -212.645 1071.03
156.677 -227.571 937.775
71.6237 40.6882 1609.62
73.412 -129.198 1384.39
-140.451 -255.112 1044.59
161.237 -235.327 935.645
71.8452 41.2805 1610.84
65.9998 -133.239 1402.92
-137.099 -329.091 956.372
18.0465 -312.425 975.087
72.0843 41.9765 1612.16
63.4993 -149.637 1428.9
-134.725 -269.587 915.579
138.955 -275.446 925.56
72.1048 42.4417 1613.05
58.3536 -157.823 1438.95
-118.005 -273.128 961.917
145.212 -305.877 942.305
71.537 44.2097 1612.93
54.5706 -159.34 1447.82
104.95 -272.315 866.471
-60.844 -361.742 997.197
71.5802 45.2704 1612.96
52.8365 -159.753 1452.41
89.2251 -310.115 986.86
-71.1758 -367.352 987.337
71.335 45.7076 1612.59
53.2327 -162.24 1454.46
154.618 -277.684 974.466
-81.5672 -311.979 925.494
70.9936 45.6316 1612.76
54.5679 -165.163 1449
135.891 -326.85 925.283
-69.3272 -383.563 989.477
71.2394 45.3217 1612.83
58.9031 -167.88 1443.46
173.221 -286.758 934.607
-65.6433 -396.158 1002.81
71.2699 45.0548 1612.66
60.2854 -170.001 1442.68
124.834 -296.626 826.518
-34.0833 -460.11 1071.99
71.2471 45.2826 1612.77
61.5868 -170.471 1440.68
111.4 -325.108 857.967
-38.0413 -465.637 1071.66
71.0042 45.6748 1612.82
61.7427 -169.887 1439.9
121.08 -328.131 880.385
-41.973 -495.611 1057.76
70.4779 45.1852 1613.13
62.1346 -170.239 1439.69
148.06 -285.433 992.794
-45.8723 -504.238 1062.54
70.1706 44.6553 1613.1
61.9665 -170.805 1439.33
137.134 -321.04 901.032
-45.0978 -502.302 1061.92
69.7645 44.1022 1612.83
62.6213 -172.19 1437.67
145.221 -314.662 903.75
-44.9511 -495.779 1059.38
69.3172 43.6472 1613.01
62.6856 -171.608 1438.52
137.935 -304.989 904.774
-71.5463 -398.085 1002.99
69.0985 43.537 1613.25
62.4469 -171.098 1439.25
156.273 -281.43 951.238
-85.1909 -397.927 967.56
69.5931 43.909 1613.85
62.5547 -171.051 1440.82
153.41 -272.182 937.802
-80.9992 -390.52 974.946
69.5626 43.5301 1615.26
62.0117 -170.46 1442.05
153.574 -261.079 930.823
-81.637 -383.382 975.75
68.8991 43.1098 1616.66
60.9622 -170.548 1442.54
148.96 -247.228 917.576
-80.9027 -370.954 982.417
69.2935 42.8792 1618.25
59.6739 -169.628 1441.93
140.491 -231.732 903.263
-81.6162 -349.354 981.425
69.5724 42.2835 1619.55
58.8069 -164.865 1440.58
135.217 -220.392 890.468
-83.0225 -329.47 985.204
69.9689 41.8196 1620.32
60.8175 -149.252 1431.74
111.431 -222.208 854.086
-61.9856 -289.057 1022.05
70.2038 41.5238 1621.63
59.4275 -146.504 1436.57
114.07 -196.43 859.876
-59.3198 -269.458 1015.3
70.7227 40.9822 1622.73
59.4725 -135.087 1437.83
112.043 -190.713 861.346
-55.2065 -241.228 999.593
71.4845 39.956 1623.33
64.6197 -133.52 1419.69
-88.0773 -173.83 911.765
140.368 -217.972 949.449
72.0296 38.9982 1624.51
68.1452 -127.106 1413.2
-79.2231 -151.552 938.818
131.89 -190.739 936.712
72.857 37.8212 1624.66
67.6694 -123.262 1405.68
-39.0625 -168.635 939.943
130.202 -153.012 928.447
73.6614 36.6412 1624.62
69.2473 -119.83 1396.82
-33.8745 -153.639 944.98
126.592 -133.173 930.297
74.3178 35.6505 1624.68
69.5668 -118.863 1388.51
-40.5277 -132.491 935.945
124.508 -118.452 929.779
75.9639 35.4377 1624.72
72.1961 -116.208 1385.94
-75.6241 -93.4538 944.861
124.845 -95.6326 934.428
76.5088 35.8296 1624.86
74.2169 -113.631 1386.76
-74.5786 -76.3754 946.145
125.361 -71.296 940.825
77.3561 36.9414 1625.36
75.6036 -108.007 1388.83
-61.142 -61.3773 941.669
132.81 -53.9323 943.73
60.9978 56.317 1623.2
74.9902 -103.703 1391.1
-71.8286 -41.9117 943.596
128.532 -35.896 952.402
82.0421 81.5022 1611.17
75.1554 -98.9867 1393.12
-69.9545 -22.7309 946.433
126.691 -19.4778 957.481
97.2404 144.003 1514.88
59.9877 -72.6836 1401.53
-62.016 19.4562 947.946
124.309 -33.2699 959.955
94.3126 146.222 1507.52
69.59 -83.0256 1413.88
-65.5813 42.218 950.626
122.624 -24.3512 967.007
92.2713 147.663 1502.42
72.911 -88.5247 1418.86
145.97 82.6597 966.579
-73.6807 -26.2812 985.479
90.1916 153.577 1498.87
73.2431 -64.8014 1443.16
139.432 97.7613 950.33
-26.0486 -90.6201 1007.35
88.8474 159.266 1495.78
71.0195 -54.4858 1440.78
131.971 99.686 958.78
-51.1854 -55.2962 1045.17
88.4169 163.843 1493.71
71.7928 -54.6042 1440.29
136.079 107.992 974.36
-58.8939 -16.045 1087.19
89.4186 178.237 1492.54
73.3349 -54.8743 1441.68
135.974 116.562 977.944
-54.8035 -19.6747 1134.01
87.235 186.592 1488.36
73.7973 -54.7438 1442.03
183.323 63.4178 1116.29
-53.7268 -15.171 1143.86
86.9498 191.258 1487.41
70.0414 -40.4985 1445.57
179.503 64.0551 1110.94
-52.8471 -10.1657 1165.58
85.8488 196.526 1484.5
69.9555 -46.6317 1442.95
178.388 100.51 1171.57
-55.2459 -17.7778 1156.68
84.6694 201.152 1480.93
66.3861 -68.0465 1443.85
151.491 179.633 1009.66
-85.602 72.4809 1023.21
83.0781 204.848 1477.88
63.9924 -75.1782 1444.34
202.414 138.79 1155.02
-98.329 67.6476 1032.3
74.552 216.158 1471.72
61.0116 -76.2682 1442.99
161.223 208.983 1060.78
-82.2846 12.3109 1121.48
67.3895 224.164 1467.08
58.7168 -73.6355 1442.25
165.903 221.058 1068.25
-85.0024 38.6769 1124.48
63.2806 223.074 1479.33
60.498 -70.7797 1451.9
175.015 220.252 1065.59
-82.6368 58.8571 1127.91
58.0464 221.384 1491.31
61.7007 -75.7111 1457.72
174.226 222.243 1088
-89.6824 69.4496 1134.99
94.2856 168.824 1596.59
72.9166 -126.885 1502.27
159.077 184.499 1118.77
-75.8555 115.42 1121.35
120.436 181.15 1536.71
69.1461 -108.732 1473.86
156.973 213.664 1096.45
-79.7503 110.14 1136.03
119.934 178.28 1527.98
59.4714 -113.685 1461.51
156.329 217.748 1105.88
-76.6723 126.56 1135.99
119.866 174.007 1515.6
63.5925 -167.823 1453.52
153.942 181.224 1088.38
-101.302 217.088 1104.04
94.2278 78.5606 1475.78
62.7766 -171.389 1455.38
148.04 180.782 1081.63
-99.0408 239.933 1123.98
96.9227 86.9042 1475.62
55.4269 -186.99 1465.86
152.277 192.958 1081.36
-102.842 247.529 1129.9
99.0267 97.2857 1479.23
58.5938 -191.488 1470.53
154.653 186.641 1071.2
-110.429 261.068 1157.74
101.107 104.446 1480.31
65.6612 -191.276 1475.5
154.53 190.253 1068.85
-108.118 280.96 1167.55
101.818 103.836 1471.85
64.5752 -189.846 1477.66
153.525 197.1 1074.39
-112.1 285.654 1178.15
98.4399 100.623 1459.7
64.9478 -189.983 1470.5
149.842 208.399 1076.49
-113.42 293.124 1184.78
98.1571 104.072 1459.43
64.1779 -189.064 1466.46
148.079 208.372 1085.19
-115.205 295.134 1192.75
97.8143 105.575 1460.11
63.598 -188.013 1463.51
138.909 250.061 1099.12
-114.33 257.813 1193.21
95.4692 101.073 1458.73
64.6497 -189.803 1458.45
142.138 238.274 1111.03
-118.044 263.742 1189.86
97.3063 101.727 1447.41
62.1925 -183.73 1468.55
142.917 237.918 1117.52
-114.107 255.779 1183.82
100.379 106.483 1439.01
63.6464 -179.677 1466.59
138.698 241.711 1127.73
-109.712 239.064 1170.92
99.5315 114.607 1434.96
63.2638 -173.569 1470.55
131.494 235.472 1118.86
-103.494 224.977 1165.57
104.404 120.264 1431.47
65.8857 -170.235 1470.89
124.357 227.248 1110.61
-96.5799 210.835 1156.45
107.138 125.284 1435.2
71.267 -149.873 1470.66
129.258 187.203 1088.69
-97.5169 215.841 1148.47
112.633 163.261 1428.09
57.713 -153.65 1419.67
142.616 138.899 1055.3
-118.014 235.43 1154.87
107.589 171.731 1419.07
74.7193 -69.8366 1410.5
133.041 149.647 1045.74
-42.9843 136.542 1184.12
97.9717 182.197 1410.67
73.6168 -56.9967 1406.32
128.519 136.723 1051.9
-31.2049 106.053 1157
94.1157 193.394 1403.56
72.6362 -51.8342 1407.79
129.489 134.551 1038.5
-32.6781 -51.5644 1219.04
95.095 204.635 1399.31
71.6724 -47.2767 1408.78
128.583 127.689 1022.07
64.8809 -65.9588 1172.35
92.2829 211.605 1394.45
72.444 -58.6406 1401.06
125.345 137.085 1020.95
107.298 -93.1465 1136.62
93.4619 213.14 1397.16
74.5968 -63.9178 1401.58
131.353 134.456 1013.32
53.1718 -121.454 1170.04
91.5001 211.033 1399.36
75.4877 -63.2554 1402.34
129.811 127.163 1004.81
-130.238 -253.642 1319.07
88.9104 205.566 1408.49
79.8269 -79.3476 1400.91
129.13 131.393 994.634
-57.158 -225.993 1338.29
87.1867 200.587 1418.18
82.645 -86.5123 1399.65
125.774 108.424 983.532
-71.1389 -245.853 1334.29
84.5923 196.761 1426.22
81.826 -88.7063 1400.93
130.061 99.8866 973.322
9.30146 -214.964 1227.61
82.2371 193.099 1434.86
63.7757 -75.5276 1420.97
130.308 114.954 972.134
113.116 -217.97 1076.15
73.2176 177.262 1475.86
64.0785 -76.9067 1418.87
-84.8256 93.1068 969.986
138.543 -206.904 1065.66
69.7357 168.027 1494.83
68.1891 -88.2489 1405.94
-94.4783 51.0798 956.938
166.533 -186.096 1055.28
69.4349 161.022 1502.97
67.766 -88.413 1404.35
28.0787 39.5023 990.822
165.16 -194.077 1045.24
76.146 128.099 1526.38
74.7051 -93.919 1386.59
-91.1303 25.4974 946.462
163.777 -203.255 1044.66
77.9678 97.2612 1539.96
59.2629 -109.126 1344.45
-87.8185 -9.75989 917.61
187.157 -189.185 1064.2
73.2019 97.0208 1542.52
58.2774 -104.953 1342.33
-44.2883 -47.026 946.867
163.057 -193.432 1069.1
67.2112 70.054 1576.13
57.8034 -103.075 1337.78
-89.8102 -54.638 903.366
146.611 -115.49 984.884
66.0002 55.7622 1586.83
95.0031 -78.4526 1356.95
-98.1015 -82.483 930.993
129.918 -132.832 958.299
66.3312 46.9346 1591.87
93.2099 -77.4742 1351.53
-118.183 -81.3951 912.06
121.756 -150.715 952.544
67.9003 42.6087 1594.49
91.2751 -78.9156 1346.6
-125.012 -84.9006 1080.82
117.942 -171.957 943.118
68.0513 40.1704 1594.47
88.832 -82.7054 1345.14
-131.857 -120.063 1104.34
115.098 -187.604 931.361
68.0511 38.3722 1594.71
77.6526 -113.044 1402.41
-104.559 -105.968 1053.12
101.357 -245.094 969.512
68.8418 38.1253 1596.21
76.6353 -118.45 1399.45
-110.049 -108.061 1054.97
-81.1448 -183.863 924.065
69.0866 37.8398 1597.95
76.111 -124.781 1395.74
-125.071 -85.7155 983.704
117.386 -314.245 1001.83
69.6846 37.4241 1598.16
91.3729 -131.481 1377.64
-83.2546 -104.077 884.786
138.492 -338.547 1001.37
70.2674 36.546 1599.61
91.9787 -151.129 1377.74
-86.5523 -95.0756 849.341
137.342 -314.881 986.331
71.0051 36.9843 1601.14
96.3894 -152.747 1377.88
-108.556 -118.403 848.76
148.262 -320.821 984.912
71.929 36.5251 1602.23
88.7243 -153.417 1381.16
-102.522 -141.627 848.862
199.724 -280.793 938.975
73.2254 36.1667 1603.78
80.1417 -155.609 1387.56
-94.7211 -184.42 852.225
153.763 -323.731 1009.04
73.9374 35.8763 1605.05
79.6034 -154.035 1389.98
-101.993 -242.349 879.813
135.715 -305.886 978.047
74.6975 36.0212 1605.76
81.0757 -152.822 1391.11
-99.7884 -284.974 977.413
28.0084 -325.389 958.791
74.7904 36.6475 1606.9
81.4271 -152.68 1402.98
-89.5685 -303.001 994.957
-82.7444 -303.039 939.571
74.9379 37.7592 1607.77
82.0823 -151.496 1405.2
-116.839 -320.935 1014.57
125.27 -333.371 973.777
74.6811 38.3849 1608.67
69.2848 -156.318 1416.97
84.0442 -354.99 1018.61
-85.2932 -351.288 967.414
73.9001 38.7879 1609.6
59.3351 -165.549 1428.61
100.527 -330.468 968.559
-53.6538 -375.861 1010.13
73.3431 38.7817 1610.65
57.3688 -168.724 1435.87
165.941 -262.27 958.03
-134.071 -357.165 982.162
73.1494 38.8121 1611.12
58.4117 -174.269 1441.57
136.409 -329.869 944.606
-88.294 -399.135 1028.42
72.5062 38.4682 1611.41
59.3001 -174.233 1438.87
106.612 -365.138 1002.59
-37.9435 -451.815 1058.98
72.0761 37.9863 1612.08
60.9231 -175.021 1439.65
102.997 -361.675 1001.24
-56.3142 -461.817 1053.32
72.3788 37.3926 1612.87
62.2066 -175.557 1438.06
126.821 -367.327 961.524
-66.4887 -466.062 1049.48
72.927 37.2133 1613.44
63.6068 -175.843 1438.9
152.175 -376.566 963.938
-79.1266 -383.525 970.31
73.212 37.3034 1613.93
64.5995 -175.868 1438.16
157.965 -334.101 899.836
-90.048 -390.805 989.503
73.381 37.4116 1614.37
64.2242 -174.807 1435.51
160.661 -341.765 912.254
-87.9384 -397.774 993.822
73.5507 37.0095 1614.89
64.2367 -174.575 1435.37
161.705 -339.794 923.499
-95.5693 -403.47 991.281
73.3557 36.5255 1615.58
64.1061 -174.047 1435.68
180.75 -334.653 952.858
-95.0017 -405.03 1000.54
72.8957 36.0598 1616.09
63.5244 -173.794 1435.95
181.959 -328.899 966.086
-87.9415 -408.8 1003.55
72.3627 35.3042 1616.32
62.6304 -173.622 1436.88
183.565 -327.337 973.174
-89.243 -407.576 1005.89
71.5164 34.272 1616.53
62.0433 -173.724 1438.17
183.198 -329.721 963.745
-92.5981 -404.14 1009.88
71.021 33.4268 1617.59
61.8016 -173.549 1438.79
184.157 -320.047 973.348
-90.7039 -403.731 1003.48
70.8755 33.1116 1618.31
61.5921 -173.123 1438.75
174.043 -315.766 957.299
-84.2332 -403.581 998.331
71.3577 32.9192 1619.38
61.6968 -172.53 1439.45
173.952 -311.606 955.415
-89.0241 -392.982 997.819
71.2854 33.1474 1620.36
61.5428 -171.606 1440.59
174.042 -303.219 951.116
-95.2436 -379.287 996.147
71.0755 32.8775 1620.96
61.3341 -170.57 1441.73
177.353 -284.209 956.099
-91.8216 -370.399 989.577
71.3491 32.4133 1622.17
61.8165 -169.49 1442.29
168.819 -279.851 936.493
-92.3829 -361.282 986.462
71.684 31.9036 1623.17
63.5454 -167.477 1443.69
170.267 -255.495 940.286
-96.4448 -335.01 996.261
72.1133 31.7568 1623.86
63.8409 -169.575 1445.32
166.762 -244.051 925.799
-92.6975 -311.111 997.768
72.5839 31.0423 1625.01
69.3453 -161.295 1426.53
144.594 -212.41 860.267
-82.8626 -314.164 1037.26
73.192 30.6313 1625.86
71.2804 -163.753 1426.04
140.151 -195 857.96
-74.217 -306.014 1017.59
73.9166 29.8861 1626.14
67.6124 -166.208 1434.44
134.584 -166.918 864.639
-65.1421 -296.838 1001.75
74.6274 28.9749 1626.22
75.0685 -159.216 1426.49
140.261 -175.517 881.987
-68.7556 -252.53 975.863
74.7144 28.5649 1626.34
70.9736 -152.139 1418.5
144.148 -163.013 882.175
-72.1056 -225.189 969.072
74.9445 28.4802 1626.88
66.6069 -152.098 1433.72
153.467 -138.63 886.916
-72.6541 -216.124 953.747
75.3493 28.5064 1627.4
69.0212 -137.439 1441.18
145.014 -119.305 900.321
115.5 -150.241 950.246
75.7003 28.5835 1627.96
69.2839 -138.198 1441.67
124.335 -103.503 894.16
119.383 -110.578 966.685
75.9817 29.5928 1628.51
78.8461 -131.41 1434.4
123.501 -79.3367 902.724
118.028 -83.2784 953.966
77.7168 32.0327 1627.89
78.1894 -128.562 1436.35
140.056 -56.3421 896.936
78.4463 -56.4282 988.673
83.0199 54.0878 1616.15
76.185 -110.467 1424.85
129.241 -55.3267 865.754
105.185 -20.1055 983.357
83.9166 60.357 1617.13
76.4062 -102.654 1420.69
103.459 -98.3008 929.759
102.505 5.93946 993.186
78.8913 126.11 1488.9
64.0561 -90.6699 1426.85
111.284 36.3775 931.174
-38.8247 -26.359 966.571
79.7681 126.425 1489.47
63.0873 -95.4382 1418.48
74.3967 -32.366 1019.2
-11.4825 1.20598 955.88
80.7938 127.207 1489.93
64.5168 -97.9855 1416.2
78.1844 -20.7049 1044.49
-46.6703 13.7623 963.719
82.0133 130.039 1487.83
68.045 -108.947 1408.22
111.309 96.4589 981.181
-52.689 25.5766 970.983
82.3306 135.944 1488.45
67.1971 -110.22 1408.76
111.476 107.777 990.952
-27.0767 -45.9149 1132.61
82.5592 139.26 1487.73
67.2831 -107.208 1412.19
110.64 131.03 987.85
-31.2847 -46.6226 1121.85
69.6075 184.754 1454.27
68.5791 -106.61 1416.39
129.356 140.623 1030.73
-36.7871 8.45136 1095.17
69.3534 183.712 1452.53
79.9693 -124.384 1437.32
146.185 121.881 1087.37
-30.2966 57.77 1065.89
78.2755 119.499 1477.65
77.6082 -143.799 1435.43
136.46 115.968 1076.54
-27.497 97.0201 1075.66
80.4384 120.209 1472.1
74.9929 -149.221 1439.63
125.902 137.287 1053.78
-39.763 114.476 1087.83
81.6533 122.26 1465.53
75.6481 -157.601 1442.43
123.231 145.028 1058.83
-48.946 132.545 1102.3
78.9862 120.284 1457.14
67.8533 -166.458 1444.09
121.076 164.248 1060.74
-71.4433 157.117 1054.95
76.3294 117.996 1449.64
69.6277 -167.101 1448.45
123.009 173.393 1071.71
-74.8588 175.544 1058.03
74.7729 117.133 1441.99
71.0717 -169.151 1440.88
121.44 184.969 1082.8
-78.5184 181.602 1062.32
73.5041 117.009 1435.03
59.4116 -161.306 1449.77
126.432 192.087 1091.56
-79.3005 197.125 1073.14
70.4947 122.514 1423.48
65.0468 -161.85 1449.78
122.325 205.445 1095.7
-78.7517 203.811 1086.02
69.854 123.279 1418.34
64.028 -166.464 1451.8
123.626 213.405 1111.5
-84.011 216.318 1089.05
77.1813 118.487 1415.75
61.3875 -186.611 1443.73
123.755 211.786 1102.93
-85.2508 242.829 1112.2
84.2827 114.428 1419.51
62.1887 -180.533 1445.81
126.182 234.411 1114.86
-83.4422 238.487 1118.84
89.3165 111.765 1421.92
58.0251 -174.827 1463.22
128.485 245.985 1119.75
-92.7478 241.273 1133.73
96.0271 119.02 1429.12
65.4476 -163.067 1456.5
136.906 239.216 1122.18
-88.5971 251.643 1153.3
101.518 125.496 1436.69
75.5977 -161.813 1457.6
133.845 241.862 1128.15
-93.1851 265.277 1169.48
93.3304 137.905 1484.01
71.3654 -165.266 1457.43
136.295 256.34 1146.34
-97.3789 260.058 1175.81
125.374 152.851 1525.11
96.8625 -67.4981 1434.59
176.536 348.647 1159.55
-130.393 165.986 1179.26
151.93 126.703 1538.37
88.258 -67.427 1437.83
182.69 348.395 1172.23
-137.082 137.188 1182.39
100.824 286.623 1420.82
85.5798 -59.7848 1441.79
178.655 378.403 1149.32
-165.202 167.217 1234.59
109.703 278.004 1428.7
83.8567 -54.7244 1446.95
183.375 386.139 1159.68
-165.435 -79.9779 1147.42
102.605 277.158 1424.85
82.1688 -51.2891 1449.68
191.075 381.944 1174.89
-174.276 151.374 1227.76
100.517 276.748 1424.1
80.7816 -46.3453 1452.1
189.333 375.834 1170.44
-165.334 -78.4023 1136.54
94.2039 273.835 1425.68
81.6232 -50.7371 1452.79
185.02 359.501 1166.53
-161.228 143.001 1218.45
89.3812 269.766 1426.65
78.6566 -52.0081 1459.42
178.347 349.319 1168.13
-152.91 139.637 1207
86.2838 261.764 1422.23
73.5647 -70.7988 1479.65
163.511 335.79 1171.61
-156.357 -42.0245 1133.43
83.9896 253.213 1419.76
71.8335 -83.4393 1485.78
155.021 317.414 1169.35
-128.412 110.75 1166.92
81.5969 245.486 1418.26
56.6137 -130.331 1467.06
136.237 269.418 1157.19
-115.471 155.651 1160.73
79.3927 236.956 1417.92
55.7761 -154.448 1457.52
127.86 242.653 1142.01
-103.625 168.464 1154.7
107.765 127.114 1428.21
58.8205 -166.723 1464.59
126.024 212.475 1127.79
-104.808 177.553 1144.33
106.855 135.547 1432.71
64.3396 -170.058 1469.08
128.623 198.422 1118.42
-106.129 180.741 1131.6
105.29 142.035 1435.5
68.5478 -161.47 1458.4
131.654 181.231 1094.97
-103.108 179.928 1128.98
101.869 141.908 1436.49
66.0416 -165.241 1457.65
130.993 180.481 1089.22
-107.511 182.262 1118.08
101.124 142.999 1437.36
56.6447 -177.105 1436.08
123.091 167.109 1072.66
-109.819 183.198 1115.72
100.098 143.351 1437.68
55.4304 -182.629 1423.62
125.839 142.253 1052.43
-100.899 180.241 1111.08
99.1696 142.996 1437.2
56.624 -183.474 1419.84
127.876 130.64 1035.75
-100.9 175.624 1103
101.972 134.983 1433.76
59.8816 -179.978 1423.14
132.362 111.467 1023.05
-103.288 163.38 1090.54
100.744 132.745 1433.26
65.8299 -147.483 1423.43
129.116 106.918 1020.08
-94.7507 151.975 1071.12
104.488 137.136 1473.9
69.0153 -147.764 1427.82
127.104 82.6982 1009.01
-98.6213 149.861 1061.88
94.672 161.707 1494.03
83.9319 -90.3501 1407.55
123.511 107.56 999.401
-92.446 99.7257 1050.69
75.7449 152.804 1546.98
77.4809 -84.439 1403.4
116.547 98.8626 989.596
-101.653 93.9065 1042.69
65.9925 159.681 1500.55
72.8348 -80.0001 1400.31
119.687 88.9181 982.373
-85.304 73.0973 1029.54
66.911 160.344 1501.35
54.4513 -54.0229 1393.09
130.217 105.024 974.333
-155.429 -276.43 1291.76
67.2358 160.851 1502.08
54.6144 -55.2326 1392.6
127.331 91.8967 973.183
-122.714 -201.061 1088.51
68.6038 160.985 1502.49
55.4105 -56.2126 1392.4
127.198 85.7226 949.193
-128.382 -228.726 1042.85
69.7795 160.86 1502.73
57.5568 -56.6105 1391.62
127.773 75.6067 944.303
98.5104 -202.6 1102.42
71.057 160.583 1502.52
64.5818 -62.0999 1368.02
128.881 48.3046 924.806
139.578 -190.142 1090.23
72.2449 158.63 1500.35
64.8486 -62.4774 1367.21
121.936 35.8373 917.928
156.654 -182.661 1077.86
81.482 125.066 1486.12
65.8206 -62.6775 1367.38
125.486 35.7631 906.419
163.419 -178.854 1056.8
79.3864 240.108 1292.64
66.9453 -63.5984 1368.06
-90.6901 22.9892 917.919
157.223 -166.827 1030.14
90.7332 119.465 1362.92
65.9267 -64.784 1364.42
28.7745 15.2127 953.069
155.298 -163.325 1011.66
89.7262 117.934 1368.87
65.6779 -64.4281 1359.95
17.0069 3.63794 959.139
161.082 -156.536 999.177
91.8042 82.9479 1470.85
64.878 -65.431 1355.42
2.73606 -5.97575 963.634
151.768 -148.723 987.383
83.9446 61.8999 1515.42
97.2904 -67.7264 1351.46
-41.7926 -44.8276 986.712
128.412 -115.313 957.484
77.4323 53.4667 1556.46
95.2583 -67.35 1345.28
-50.7631 -82.1657 972.648
121.877 -128.678 947.757
77.3428 47.0427 1574.82
93.318 -67.0729 1336.74
-112.816 -81.2771 913.67
124.159 -141.762 951.275
75.7294 41.1357 1582.07
80.2483 -85.6787 1277.65
-87.4313 -101.448 1048.78
105.358 -159.7 932.826
75.2904 38.6753 1588.09
78.5376 -87.752 1285.26
-110.501 -103.684 935.677
98.0053 -181.192 928.513
76.3777 36.7643 1591.02
77.0952 -90.8612 1287.21
-115.322 -122.21 1094.54
100.242 -197.833 928.921
76.6424 35.163 1590.98
76.0544 -94.5579 1288.56
-130.069 -116.748 1086.3
98.9893 -213.666 935.464
76.2673 33.2252 1589.85
75.6756 -97.1483 1289.63
-143.611 -176.27 1095.69
115.049 -168.106 923.23
77.2747 33.128 1586.32
77.9923 -123.482 1299.2
-94.0654 -175.855 1159.35
62.9422 -210.577 885.726
76.5141 32.6437 1587.11
77.3779 -131.151 1302.84
-96.918 -186.032 1160.15
71.7496 -183.77 858.964
76.7476 31.8655 1587.45
84.3682 -146.831 1314.42
-104.713 -155.739 1144.94
81.2409 -233.541 871.736
76.8334 30.9553 1587.45
75.4823 -171.042 1331.71
-141.379 -199.001 1084.6
133.96 -303.82 966.728
76.78 31.1207 1588.4
65.5725 -167.018 1356.95
-102.849 -219.794 1082.49
124.492 -324.116 905.094
76.5829 31.4078 1590.76
61.6875 -164.175 1373.09
-72.3341 -218.036 963.29
106.638 -258.77 850.652
76.5305 31.8696 1593.25
66.8248 -165.26 1392.81
-44.5046 -268.94 973.118
121.45 -226.146 820.374
76.5931 32.0441 1595.36
68.5878 -167.361 1404.75
103.2 -276.638 929.924
-63.705 -237.153 870.801
76.8038 33.0882 1596.82
67.2196 -165.52 1414.43
110.047 -266.978 929.988
-85.2049 -280.434 887.417
76.3277 34.5834 1597.76
65.5577 -164.402 1432.38
112.768 -263.869 914.318
-99.2597 -323.598 923.906
76.1487 35.9213 1598.93
64.5629 -163.488 1441.31
127.227 -263.008 926.481
-95.6427 -361.678 935.185
75.7216 38.3559 1603.19
61.5626 -163.79 1450.43
131.112 -259.181 889.75
-72.5088 -414.009 1079.38
76.2162 39.7911 1606.03
62.1214 -162.6 1451.08
130.636 -264.072 882.255
-72.729 -395.982 1084.13
77.0808 41.8858 1609.9
61.4013 -161.785 1454.33
121.026 -272.25 888.962
-121.412 -339.85 971.564
77.5579 42.0827 1610.5
61.1367 -163.342 1457.06
163.143 -310.464 949.151
-107.555 -348.743 952.429
77.7809 41.4282 1609.37
62.3011 -165.069 1453.49
165.215 -310.125 942.438
-88.6651 -422.071 1086.24
78.1505 42.5262 1610.92
62.0809 -165.26 1452.52
184.7 -313.679 988.767
-68.9661 -438.307 1053.3
78.4402 43.237 1612.09
61.6268 -165.976 1454.34
187.346 -310.189 978.109
-58.0853 -455.893 1040.31
78.5911 42.5865 1611.94
61.5119 -166.487 1452.69
154.629 -302.767 907.042
-57.5372 -468.942 1036.14
78.7761 42.0206 1613.33
61.6525 -166.965 1450.64
175.287 -307.212 921.248
-75.9413 -403.091 974.467
78.8409 41.3891 1613.86
61.6889 -167.747 1448.63
227.147 -286.761 1017.4
-75.1399 -411.707 983.357
78.2107 40.9846 1614.31
60.7774 -168.237 1446.57
178.279 -306.771 943.518
-75.0203 -412.149 992.423
78.4273 40.8292 1614.83
60.0378 -168.871 1443.68
163.726 -321.487 900.687
-65.0581 -421.072 989.736
78.5028 40.2078 1616.47
60.3777 -168.956 1441.54
186.588 -296.459 952.568
-69.0992 -417.493 997.72
78.202 39.71 1617.67
61.0947 -168.401 1438.22
193.943 -283.303 964.159
-66.1257 -419.257 1003.91
78.0187 39.3535 1618.32
61.367 -168.071 1437.81
181.513 -285.69 933.211
-65.2949 -414.942 1001.07
78.3469 38.9376 1619.14
62.3201 -167.837 1438.96
172.999 -281.054 920.352
-71.7496 -394.598 1013.44
77.938 38.691 1619.11
62.8574 -167.517 1439.3
163.722 -274.46 911.588
-68.3408 -386.756 1011.52
78.7681 38.7128 1619.7
63.8312 -166.437 1438.76
166.719 -261.142 914.541
-68.5517 -377.824 1009.37
79.4293 38.4246 1621.45
64.1509 -165.324 1439.97
165.632 -249.092 911.8
-66.5833 -372.637 1001.22
80.4566 38.1936 1622.8
64.487 -164.654 1441.87
155.301 -233.289 917.406
-74.8057 -350.655 996.49
81.8076 37.7757 1622.95
64.2264 -163.969 1440.67
150.297 -228.239 930.9
-73.6157 -333.775 962.876
82.6925 37.399 1623.16
64.3819 -163.466 1441.13
146.29 -212.341 942.843
-82.1523 -307.787 960.773
83.2103 37.0891 1623.1
53.9398 -104.048 1404.69
135.175 -226.076 931.595
-56.6533 -277.417 944
83.5898 37.2495 1623.81
66.0322 -89.2226 1412.82
139.298 -202.511 946.557
-61.4067 -266.787 924.801
84.0578 36.6859 1623.83
81.3059 -83.5218 1390.05
132.139 -204.918 926.406
-57.1555 -245.763 930.561
84.7479 36.306 1623.56
75.9318 -105.138 1424.2
134.854 -167.563 911.685
-63.6605 -242.65 940.66
85.3579 36.0368 1623.56
79.2139 -106.695 1434.8
-44.8282 -148.115 931.935
-24.9774 -264.947 920.824
85.8997 35.783 1623.28
87.268 -116.104 1440.45
-39.2824 -141.836 918.787
92.4743 -185.22 943.663
86.2753 35.8713 1622.33
95.5673 -109.895 1439.94
-33.4451 -153.351 891.97
99.4827 -160.584 936.844
86.796 36.1109 1621.59
94.0641 -108.257 1436.47
127.335 -98.8621 897.996
-70.4674 -172.221 947.517
87.3301 36.4953 1621.9
93.2827 -106.914 1433.77
123.738 -81.6419 896.578
-56.734 -136.47 966.338
88.6811 37.5527 1622.96
92.3845 -105.357 1431.31
109.141 -63.9888 902.571
-52.9266 -113.697 972.369
91.2279 39.7165 1623.15
66.0894 -105.158 1437.73
-46.0924 -51.2224 928.102
73.0126 -155.664 976.869
94.0425 47.0958 1621.09
71.8604 -96.7251 1426.99
-51.4033 -42.8388 925.551
69.8902 -130.555 985.952
92.4633 66.6393 1623.01
69.5079 -81.7729 1413.1
104.077 -3.03629 938.38
-50.3241 -40.0755 991.426
93.6444 73.0695 1623.33
68.3709 -78.7153 1413.54
104.768 15.535 941.957
-53.8231 -32.3693 980.808
85.9112 116.361 1594.13
66.6975 -75.2005 1414.06
121.623 49.8215 971.823
-57.9345 -9.75346 996.988
79.577 153.498 1553.72
62.3645 -66.4832 1405.5
125.333 49.7559 986.86
-51.8708 4.48133 1001.76
69.2763 183.4 1523.59
69.182 -73.3072 1412.44
102.235 75.0255 969.097
-49.1085 14.5724 1006.98
68.8169 186.248 1520.23
71.2432 -72.4653 1414.36
113 83.8692 958.392
-35.4275 -18.7274 1125.98
69.4504 187.579 1518.04
65.1031 -92.3911 1410.78
179.726 55.9508 1112.21
-50.9997 -43.8877 1162.1
70.1056 189.845 1513.84
67.9495 -91.3716 1418.2
185.175 71.1987 1114.01
-55.5537 -49.4828 1178.53
69.5711 193.51 1505.39
68.5132 -84.8233 1417.84
179.833 79.5301 1119.54
-118.913 -5.93899 1144.98
69.0249 197.487 1498.26
64.3468 -83.0464 1432.62
142.824 152.354 1000.85
-83.2975 4.65376 1179.38
69.6628 200.583 1492.67
65.823 -87.5042 1433.96
150.803 153.907 1025.54
-85.514 2.4065 1158.69
70.918 193.751 1490.92
65.6842 -97.359 1442.77
150.092 178.922 1017.04
-89.2769 1.35789 1149.48
71.5724 188.356 1489.57
62.4867 -109.341 1468.37
141.056 184.902 1025.77
-84.8241 9.81349 1141.66
71.7493 183.45 1487.76
64.2243 -121.646 1479.89
190.062 134.771 1137.11
-92.1207 107.173 1064.51
70.4271 179.53 1486.28
66.1734 -128.648 1482.6
146.793 173.805 1067.12
-86.5029 122.181 1065.92
70.3465 175.383 1485.27
69.5451 -133.324 1482.42
200.96 127.352 1170.72
-84.8439 126.145 1075.86
70.8539 171.061 1484.4
73.1826 -135.373 1481.56
143.444 189.083 1067.79
-82.665 146.946 1083.48
71.8637 166.909 1483.6
73.4078 -136.82 1478.32
144.507 194.324 1088.71
-79.0156 156.767 1091.51
77.3142 162.94 1477.6
74.1289 -128.714 1479.29
149.032 213.285 1104.25
-85.8959 151.684 1086.79
82.5713 165.192 1473.81
75.4026 -132.398 1473.93
145.581 227.747 1107.88
-87.9818 160.822 1094.49
85.4679 166.066 1470.46
74.3486 -134.747 1473.19
139.173 233.618 1117.23
-91.666 172.782 1088.41
85.4488 164.88 1466.37
73.2279 -136.489 1470.97
144.265 232.311 1123.15
-90.081 186.871 1098.1
85.6868 163.897 1463.36
69.9564 -134.994 1474.8
138.86 237.042 1124.12
-88.914 195.113 1112
86.7722 164.559 1460.85
71.0624 -142.73 1472.92
134.607 240.146 1123.35
-88.3498 207.262 1125.09
102.372 121.171 1464.98
67.7597 -161.447 1466.82
132.638 236.645 1118.62
-85.7579 223.722 1144.91
104.074 122.382 1459.58
71.406 -175.292 1460.75
133.073 234.582 1121.01
-90.308 232.622 1157.51
104.227 129.454 1462.15
68.9871 -167.279 1465.82
133.163 239.113 1129.69
-92.486 233.319 1165.23
106.774 132.714 1466.95
67.6895 -161.709 1474.07
136.852 228.659 1123.49
-94.2818 246.378 1184.92
120.647 141.497 1485.23
69.0281 -158.94 1473.98
132.79 232.389 1125.84
-95.3256 236.039 1191.21
117.2 143.622 1475.78
73.2668 -158.059 1476.74
133.521 246.68 1135.65
-99.2582 213.531 1185.59
149.94 181.849 1447.85
86.9652 -148.432 1473.81
132.052 238.435 1136.41
-96.589 193.6 1171.89
145.2 182.754 1448.32
70.7114 -155.739 1434.26
148.326 162.298 1094.08
-109.783 250.019 1200.84
142.101 179.755 1448.31
58.738 -153.483 1436.72
152.504 131.998 1081.25
-115.37 254.554 1191.38
138.68 176.078 1448.32
45.088 -165.688 1414.85
145.819 156.875 1088.79
-104.104 215.434 1166.37
134.925 171.873 1448.47
46.4499 -161.127 1412.67
133.122 172.052 1087.18
-93.8623 193.879 1146.96
131.717 168.119 1448.69
49.3198 -148.812 1430.22
130.006 166.648 1084.15
-93.2725 182.749 1126.84
129.152 165.412 1448.62
66.2361 -127.445 1469.75
121.433 158.938 1084.73
-91.9192 168.339 1101.99
126.333 163.622 1441.88
88.7168 -50.1076 1434.02
130.106 194.925 1056.88
-89.5418 116.185 1110.72
120.468 166.482 1429.11
91.5462 -45.2642 1428.83
126.839 186.103 1041
-75.8822 94.808 1100.12
116.58 169.408 1419.57
89.8444 -45.039 1427.26
127.781 179.828 1032.87
13.947 -19.2724 1161.53
115.004 173.119 1413.81
87.3877 -44.7882 1424.25
128.176 161.434 1018.91
-95.2695 79.8601 1082.16
107.66 181.277 1407.05
85.9188 -42.8828 1420.44
131.852 148.212 1015.18
-78.8465 63.4348 1064.19
104.563 184.402 1401.72
64.4718 -46.8201 1385.74
127.424 136.835 1003.7
-61.8618 33.3421 1053.08
100.885 181.785 1400.57
64.1183 -47.5536 1382.2
131.525 130.54 998.18
-119.884 -251.189 1266.97
98.1641 183.791 1397.48
64.6014 -48.5539 1379.56
118.061 111.711 993.897
-115.083 -253.438 1262.38
96.4148 180.933 1382.23
64.9443 -49.3494 1376.08
121.811 109.201 978.448
75.6293 -146.573 1118.84
94.325 182.005 1374.01
65.2006 -50.4323 1373.41
121.474 103.359 965.558
99.7824 -117.006 1095.93
92.7088 181.441 1366.71
65.6482 -51.8843 1371.64
127.531 98.4118 964.933
130.565 -97.8409 1020.21
90.6961 181.107 1363.81
65.1456 -53.9652 1371.68
-77.2857 94.3343 975.575
137.007 -102.046 1004.01
88.3779 177.258 1370.39
66.9912 -58.3982 1369.59
-79.2455 79.1798 968.398
150.689 -93.5465 998.627
87.2819 173.829 1377.42
72.9517 -76.9784 1365.5
-76.9457 71.1984 964.69
160.848 -122.586 1007.66
88.9044 170.286 1388.94
72.7226 -87.546 1366.62
-74.8024 76.8722 957.311
160.244 -155.064 1007.33
88.6253 168.085 1395.37
71.6038 -89.838 1366.95
139.037 43.1464 929.676
165.261 -162.001 1009.69
89.0151 165.182 1402.08
69.9233 -92.0433 1366.73
144.065 35.851 927.973
162.614 -170.016 996.302
92.2031 139.253 1447.82
65.0793 -90.547 1361.25
124.678 21.3246 934.239
167.26 -154.431 970.958
93.1337 110.935 1474
65.2044 -89.987 1362.82
137.564 17.8806 931.558
168.342 -163.054 958.285
85.7362 52.6654 1573.61
64.5144 -87.5615 1360.9
146.997 3.68079 926.662
165.782 -202.767 976.574
87.6481 47.2519 1576.63
101.93 -74.7239 1361.19
-54.0542 -16.4535 926.322
160.796 -195.935 970.919
87.5062 46.7384 1578.31
101.165 -75.7578 1351.48
-71.6128 -50.1562 924.108
151.477 -177.156 959.351
86.0099 45.4228 1578.08
100.745 -77.9084 1342.03
-90.7822 -50.9927 907.189
151.939 -172.817 948.276
86.1415 42.9815 1579.51
100.784 -80.9606 1334.5
-105.021 -94.6361 1080.33
146.134 -176.448 943.647
86.1941 40.6253 1580.79
97.1698 -84.0104 1327.53
-106.845 -95.3368 1087.36
132.583 -183.736 937.065
85.6144 38.8519 1581.17
95.0731 -87.862 1331.98
-120.404 -114.008 1082.49
144.49 -226.72 944.89
85.611 37.8226 1580.98
86.7829 -135.622 1379.9
-82.2745 -91.6412 1069.8
99.0281 -283.266 956.978
85.2346 38.5533 1581.49
81.379 -136.627 1383.09
-99.2847 -120.427 1066.07
111.801 -270.986 955.174
85.6642 39.644 1582.81
74.6011 -147.729 1384.78
-99.6988 -138.875 1061.47
113.606 -258.776 952.343
85.8702 40.9746 1583.86
73.2069 -148.646 1386.8
-99.024 -143.536 1066.44
105.387 -262.992 938.714
86.5912 42.4356 1584.87
81.2682 -137.657 1374.98
-109.64 -161.647 1138.86
131.924 -266.54 871.886
86.3368 43.2746 1586.39
82.5452 -142.621 1400.85
-113.216 -185.41 1129.63
139.837 -263.143 874.385
86.6057 44.1267 1588.49
81.7207 -149.702 1414.8
-97.2133 -234.864 1088.89
126.501 -229.734 861.502
85.9968 44.674 1591.09
73.9097 -157.871 1420.55
-88.57 -297.183 1011.16
62.0359 -251.748 863.933
85.7734 44.6678 1591.85
74.8623 -166.21 1417.46
-74.0062 -271.826 979.135
118.078 -238.23 858.016
85.988 44.4693 1592.46
74.2771 -169.779 1418.93
-44.6808 -301.873 956.566
-66.3624 -228.02 830.454
85.9903 46.2668 1597.03
72.1178 -168.749 1419.99
123.054 -269.737 950.423
-75.0215 -246.976 838.457
85.3033 47.9889 1599.84
69.8158 -168.849 1423.61
119.242 -251.835 925.453
-61.9536 -299.204 872.41
84.397 49.2483 1601.93
65.8634 -167.389 1436.66
116.536 -259.379 935.381
-76.4654 -304.771 859.031
84.2798 50.1227 1603.73
61.8668 -168.214 1450.56
130.863 -256.871 954.558
-56.7519 -337.156 875.993
84.0101 51.1804 1605.35
58.5822 -170.339 1456.22
121.997 -249.734 927.878
-38.0097 -372.361 909.796
83.4713 50.3042 1604.79
59.9772 -171.693 1450.03
169.175 -222.197 972.913
-84.624 -348.058 1003.63
82.2458 51.2782 1606.98
61.8719 -169.832 1454.6
149.117 -273.911 932.174
-23.9396 -429.251 1015.36
81.0761 51.2707 1609.12
61.8471 -168.012 1454.65
138.415 -266.388 882.32
-35.0691 -424.723 1032.27
80.9405 50.7254 1608.37
63.0704 -167.888 1450.97
137.486 -263.33 875.269
-80.2356 -408.176 1008.18
80.3683 50.2519 1608.15
63.5611 -167.74 1449.33
156.798 -284.035 939.428
-50.8663 -450.691 1056.15
80.2013 50.5499 1607.58
64.1828 -167.877 1448.69
166.518 -298.314 942.26
-55.8428 -461.875 1031.2
80.0762 50.2696 1607.35
65.0739 -167.242 1448.34
171.717 -305.692 945.686
-62.9907 -459.775 1028.73
79.9906 49.3869 1607.29
65.7609 -166.631 1448.07
176.89 -297.643 956.512
-70.0291 -466.912 1026.37
79.7388 48.4683 1607.38
65.8141 -164.578 1446.24
169.268 -303.055 919.588
-87.6334 -400.975 975.32
79.9647 47.6986 1607.94
65.44 -164.451 1446.57
170.488 -305.352 917.284
-88.6368 -398.64 974.615
80.0804 46.7794 1608.44
65.8764 -163.384 1444.42
181.693 -266.273 996.626
-74.4122 -404.336 969.062
79.6475 45.7089 1608.79
66.3098 -163.574 1442.23
170.865 -291.082 947.438
-79.3002 -397.623 974.326
79.0522 44.584 1608.73
66.3542 -164.039 1441.5
167.26 -300.628 915.632
-85.8969 -386.7 983.846
78.5668 44.2535 1609.06
65.2952 -164.478 1442.86
170.506 -274.827 937.298
-79.0778 -383.797 977.23
78.358 43.8874 1609.43
65.2161 -164.375 1443.62
170.888 -267.917 932.722
-77.6387 -372.609 977.239
78.261 42.6104 1610.24
65.3688 -164.578 1443.74
164.491 -256.396 930.487
-77.8239 -357.501 972.55
78.1627 41.5707 1610.47
65.2407 -165.015 1444.6
161.532 -250.027 920.316
-86.7099 -342.216 982.294
78.4285 40.3233 1611.19
65.5038 -164.233 1444.58
160.93 -232.06 917.37
-80.0584 -319.91 979.114
79.0274 39.3897 1611.11
65.2212 -164.337 1446.3
158.675 -222.562 913.898
-80.9129 -306.997 980.571
79.6405 38.4338 1610.75
72.0861 -163.312 1441.3
159.711 -207.877 906.469
-82.5193 -285.397 988.787
79.5687 37.1628 1611.08
78.7036 -167.602 1433.4
160.637 -193.013 901.134
-72.744 -273.456 977.816
80.0166 36.0782 1611.66
80.1919 -164.187 1420.29
159.7 -165.824 891.119
-64.8412 -274.316 979.447
81.2115 35.8848 1611.96
66.2431 -106.488 1422.3
165.978 -184.944 892.002
-62.8296 -218.279 979.521
82.2848 35.8364 1612.36
84.3745 -130.022 1448.19
179.455 -153.028 898.411
-77.6111 -201.268 984.657
83.2098 35.3484 1613.22
86.5714 -129.538 1447.11
177.824 -137.393 903.024
-69.5853 -178.853 982.493
83.785 35.2235 1614.21
86.5769 -94.8016 1380.38
161.347 -138.475 926.185
-38.2463 -135.672 959.111
83.9869 35.5689 1615.32
94.5879 -108.291 1374.18
171.747 -80.7583 961.084
147.98 -115.269 943.12
84.2543 36.6946 1615.5
92.3192 -106.554 1375.3
144.513 -76.8854 946.424
135.701 -156.283 970.681
84.5009 38.0863 1616.21
68.4576 -110.553 1394.63
139.586 -48.836 950.087
159.673 -100.193 935.487
85.8081 40.7023 1617.2
73.5331 -111.547 1403.29
142.326 -42.4296 936.494
115.466 -134.265 961.256
68.1652 46.3302 1635.86
74.1399 -112.728 1409.63
140.16 -28.7872 936.953
67.4926 -103.56 971.198
72.4706 55.6111 1634.17
74.6126 -109.928 1412.23
139.221 -4.56832 944.736
-47.2346 -59.0462 969.688
78.7157 80.3915 1595.75
74.8724 -105.493 1412.41
137.653 21.2484 956.741
-71.5712 -43.15 987.214
87.7997 109.864 1552.4
75.9331 -102.713 1413.44
143.519 36.0863 967.388
-72.8104 -35.1474 991.914
93.2734 131.441 1533.52
81.5026 -82.2659 1408.16
142.839 70.0817 973.972
-76.2494 -41.6815 992.522
86.4938 166.734 1514.61
82.7831 -74.0397 1416.5
153.785 87.1157 995.131
-46.6186 -98.7041 1021.92
86.423 171.067 1513.59
82.4905 -81.3717 1422.42
148.935 111.426 987.991
-59.8775 -97.0273 1029.65
85.8737 177.698 1512.81
82.2739 -82.8633 1424.83
189.854 51.9139 1114.92
-66.3068 -92.5941 1065.48
84.7277 183.738 1511.81
66.0559 -70.5687 1429.32
234.21 109.236 1117.66
-73.4767 -121.882 1102.47
81.8608 189.288 1504.74
70.7249 -51.6229 1429.44
166.382 202.07 1004.59
-100.735 -135.502 1159.6
80.6227 189.914 1495.11
71.6958 -54.6953 1428.45
221.58 152.971 1146.54
-124.009 -34.0396 1036.69
73.3597 180.921 1491.68
71.5518 -56.8902 1429.52
227.618 167.456 1153.77
-177.256 -113.34 1111.12
71.8594 178.891 1492.69
71.5627 -59.1412 1432.53
221.113 160.592 1153
-119.448 -49.9713 1142.06
71.0975 177.511 1492.9
71.1089 -60.1199 1433.76
231.538 173.721 1151.16
-111.342 -28.3675 1133.57
70.09 172.218 1493.92
69.4718 -58.1847 1439.01
217.982 160.169 1160.76
-111.589 -5.72008 1135.02
65.593 176.919 1467.88
67.4342 -61.6289 1438.57
216.813 167.668 1174.22
-115.181 -1.40803 1141.37
110.252 128.677 1479.99
67.5304 -66.4539 1444.34
223.727 167.213 1175.8
-103.044 60.6392 1057.97
98.7138 109.005 1481.63
66.8075 -131.439 1474.58
203.826 116.308 1190.75
-95.7687 116.864 1063.38
89.1285 104.699 1486.94
56.3576 -136.676 1470.39
202.178 119.4 1189.92
-94.4994 116.867 1080.93
82.9329 101.375 1489.27
54.4845 -142.77 1466.78
149.775 181.802 1111.74
-85.8277 131.564 1086.51
83.2424 96.2378 1490.56
57.8163 -157.566 1456.18
196.276 122.434 1168.11
-83.3237 158.73 1100.89
97.5693 76.4183 1513.98
60.5795 -166.96 1455.72
142.31 172.027 1089.88
-71.7957 187.526 1095.27
93.7841 80.7058 1505.51
62.8663 -173.694 1459.94
149.93 161.279 1113.94
-73.9237 200.781 1105.84
93.6883 82.4541 1498.1
63.1006 -176.315 1464.61
146.725 171.163 1098.03
-73.2307 207.958 1116.38
91.2539 41.4289 1486.97
63.2945 -176.745 1463.86
147.096 173.348 1104.22
-70.9303 218.311 1125.45];