d1 = [8.23376 -201.551 1290.12
24.0628 210.183 1453.6
-27.084 -75.5889 1359.65
351.037 -397.648 1172
-362.098 -447.905 1134.08
10.6318 -201.661 1288.13
24.1029 210.327 1455.83
-22.6879 -76.9267 1355.05
345.975 -394.913 1172.91
-364.223 -449.992 1133.05
12.8986 -202.762 1285.85
23.5774 209.698 1458.49
-17.9391 -78.608 1351.3
340.7 -394.697 1174.12
-363.595 -447.65 1134.72
14.6694 -204.977 1285.63
23.4456 209.58 1458.69
-15.9935 -80.6656 1349.34
337.533 -391.283 1163.62
-366.749 -451.259 1133.08
14.2332 -206.126 1286.72
23.229 209.384 1459.29
-17.4041 -81.6739 1349.82
332.923 -390.208 1160.21
-366.455 -452.601 1137.32
14.0481 -201.961 1283.29
22.9551 209.181 1459.82
-18.2936 -81.341 1350.09
329.563 -395.858 1171.57
-371.437 -446.772 1128.72
9.95549 -200.841 1294.02
22.5122 208.837 1460.68
-24.2946 -77.7003 1355.95
327.892 -400.212 1170.24
-377.907 -442.546 1125.13
8.77606 -199.874 1298.28
22.101 208.516 1461.5
-25.9729 -76.785 1358.78
326.355 -400.127 1170.41
-376.664 -439.015 1129.34
2.59323 -196.22 1303.24
21.7633 208.195 1462.63
-37.1308 -68.779 1363
326.694 -406.155 1167.71
-386.094 -434.808 1127.74
1.46776 -191.933 1304.44
21.3344 207.944 1464.23
-40.9109 -62.2685 1364.76
322.423 -408.968 1168.61
-389.892 -429.77 1128.95
5.1604 -191.58 1303.03
21.0101 207.841 1466.04
-34.4856 -59.8302 1367.54
317.097 -403.974 1172.15
-388.337 -435.137 1128.69
-0.999754 -194.182 1306.38
20.6838 207.88 1467.94
-35.6 -60.3545 1369.99
318.598 -410.232 1167.24
-396.684 -428.04 1128.33
-9.70652 -194.682 1310.11
20.415 207.944 1469.77
-35.8091 -60.4003 1370.62
318.485 -420.51 1157.79
-401.383 -415.727 1138.24
-13.163 -195.99 1312.7
20.1895 208.03 1471.17
-35.3633 -61.5967 1369.48
320.631 -424.609 1150.89
-406.827 -414.347 1142.58
-14.6764 -197.919 1312.29
19.8648 208.04 1472.73
-34.3667 -62.7076 1368.23
318.379 -428.26 1146.6
-405.264 -412.709 1146.65
-14.5919 -202.426 1309.83
19.5602 207.983 1474.12
-30.5014 -69.6738 1361.04
316.119 -424.779 1143.68
-403.759 -421.274 1150.15
-17.5681 -203.376 1307.8
17.7667 207.743 1479.12
-32.1654 -67.0225 1363.38
315.219 -429.275 1136.46
-402.457 -418.614 1157.47
-17.0531 -202.881 1308.08
16.8769 207.319 1482.07
-31.2084 -66.3565 1364.15
315.839 -428.836 1132.93
-393.996 -423.843 1158.3
-17.8004 -203.002 1307.49
16.765 207.233 1482.62
-31.8647 -66.2716 1365.35
308.586 -425.064 1126.48
-384.911 -422.302 1159.88
-18.7713 -204.466 1306.29
16.6577 207.152 1483.23
-31.0241 -68.8111 1363.26
303.737 -427.092 1115.59
-372.582 -427.494 1160.09
-21.969 -211.462 1313.35
16.505 206.99 1483.9
-32.7441 -69.9808 1363.92
296.386 -419.224 1092.91
-362.897 -423.615 1172.58
-25.3001 -216.921 1309.3
16.2692 206.73 1484.69
-34.6027 -71.3468 1365.04
288.762 -412.841 1067.87
-352.997 -421.947 1173.11
-25.6244 -219.543 1309.54
15.9014 206.355 1485.51
-33.6163 -73.1315 1365.59
277.039 -403.329 1028.87
-342.293 -426.773 1170.24
-25.9219 -222.467 1311.33
15.4376 205.93 1486.42
-33.3833 -77.7948 1370.26
262.715 -386.739 1001.69
-324.962 -430.182 1167.49
-25.6338 -225.874 1313.39
15.0014 205.339 1487.31
-32.462 -83.072 1376.83
247.061 -355.001 961.168
-313.413 -429.38 1166.01
-26.0571 -226.871 1313.19
13.205 202.26 1490.95
-32.5976 -84.7971 1378.15
223.989 -334.44 918.683
-297.397 -426.062 1157.92
-26.3181 -228.778 1314.93
12.0345 200.512 1493.26
-31.7212 -88.4978 1383.34
258.226 -361.271 1023.88
-284.822 -420.786 1160.73
-26.9188 -229.561 1315.82
11.7305 200.15 1493.68
-32.4907 -89.8817 1383.29
252.372 -350.985 1016.14
-274.959 -417.429 1157.22
-26.9052 -201.996 1270.51
11.1546 199.34 1494.68
-30.8243 -96.9934 1382.3
175.555 -177.375 760.611
-248.76 -454.788 1195.85
-29.3933 -217.598 1267.2
10.6448 198.602 1495.44
-32.7398 -107.625 1354.85
179.085 -151.753 663.479
-240.765 -436.4 1179.88
-25.5471 -232.922 1259.44
10.0151 197.539 1496.41
-29.1193 -115.363 1323.31
176.522 -159.93 681.674
-230.355 -427.88 1157.02
-43.5783 -184.733 1346.17
9.91692 194.158 1497.49
-7.62815 -149.8 1278.46
81.8102 32.9479 975.288
-182.552 -505.347 959.629
-20.8955 -159.086 1356.63
8.38789 193.886 1499.08
25.3001 -97.2711 1294.26
62.7222 60.1275 1084.35
-187.982 -492.463 886.483
-19.0795 -152.205 1357.86
7.43089 192.438 1500.52
21.833 -89.0988 1303.83
119.155 83.9286 1136.25
-189.924 -478.659 866.467
-6.51007 -138.116 1343.26
6.44928 191.235 1502.05
44.061 -64.0091 1279.73
114.644 132.109 1130.9
-221.083 -338.958 1428.68
5.69589 -147.391 1339.99
4.90903 190.177 1504.18
49.8991 -52.6934 1283.88
125.434 153.645 1108.98
-216.994 -327.516 1423.23
17.7893 -151.632 1343.07
3.78789 189.482 1505.68
63.463 -50.3781 1294.15
140.714 170.899 1115.5
-205.107 -426.672 966.477
21.3859 -160.383 1337.14
2.97187 189.241 1506.79
64.3484 -54.6519 1283.37
134.388 197.153 1117.79
-212.119 -424.347 974.727
20.2134 -158.282 1339.72
1.82803 189.046 1508.48
54.398 -42.0574 1291.17
149.484 211.996 1135.09
-229.354 -407.228 965.748
22.3193 -152.146 1342.6
0.538656 190.42 1511.39
52.6332 -25.4335 1298.82
158.783 254.736 1131.47
-247.438 -418.868 993.637
28.2821 -149.368 1346.69
14.1741 191.825 1501.28
62.7896 -15.4196 1304.94
167.72 284.282 1133.28
-255.438 -422.869 1017.36
25.4613 -155.716 1351.08
5.95489 194.371 1514.73
58.99 -22.0862 1309.75
162.22 291.277 1146.03
-262.037 -424.589 1022.41
12.7312 -164.298 1370.9
15.3932 202.33 1521.72
35.8862 -34.8203 1347.92
161.904 297.447 1147.8
-269.843 -417.179 1060.08
14.1544 -159.415 1372.8
20.6266 209.522 1526.11
28.3675 -27.5113 1354.47
162.94 295.653 1157.59
-115.007 -381.273 1025.31
38.3508 -128.378 1361.55
13.0025 205.489 1524.64
31.3316 -29.9678 1350.48
168.374 316.796 1174.04
-263.234 -439.183 1076.3
38.9952 -143.31 1357.55
10.1392 203.272 1523.02
32.3593 -38.5706 1337.57
172.984 323.16 1167.49
-259.092 -433.438 1094.9
34.6302 -112.76 1366.03
20.3882 200.84 1493.71
13.9466 17.6399 1338.14
175.609 273.151 1151.43
-273.591 -399.6 1103.1
42.0072 -115.214 1362.85
22.7354 201.353 1481.91
26.2888 15.7874 1330.84
170.038 263.175 1138.44
-289.895 -390.334 1107.15
47.8606 -117.393 1359.85
18.7215 204.11 1496.22
35.773 16.354 1326.05
165.759 261.555 1120.01
-264.927 -409.024 1104.91
-15.4032 -171.692 1359.88
14.6929 203.757 1504.18
33.235 -30.0404 1353.47
152.431 227.183 1115.51
-252.63 -393.827 1094.69
-6.10571 -169.319 1355.82
13.1715 203.143 1508.57
45.1918 -29.6758 1354.8
151.51 219.542 1093.8
-261.794 -407.815 1082.08
1.35521 -168.639 1353.78
14.4438 204.897 1510.86
50.0784 -27.8336 1355.87
153.956 188.486 1064.43
-265.3 -413.976 1087.85
3.65387 -173.967 1346.55
12.4114 204.529 1513.64
52.3893 -34.8371 1341.05
160.378 162.807 1032.53
-278.634 -413.553 1085.13
4.62849 -172.689 1335.75
11.8214 204.249 1515.32
50.1471 -31.8232 1325.26
164.19 121.903 1010.5
-287.034 -400.637 1079.38
3.55025 -180.163 1325.39
10.9013 204.198 1513.72
50.0017 -33.1432 1311.77
168.046 88.2563 980.381
-140.476 -419.198 999.369
6.01366 -183.844 1315.32
9.0357 203.25 1514.24
55.3074 -40.2664 1292.75
168.405 36.0148 963.446
-297.275 -404.207 1067.21
17.4684 -200.542 1254.93
3.92284 200.399 1522.27
58.0163 -47.2386 1266.71
170.911 4.94822 882.866
-282.575 -383.77 1152.66
16.7355 -202.399 1245.89
3.15059 199.688 1523.09
56.1005 -51.7491 1253.95
186.073 -35.5593 858.261
-296.71 -424.466 1119.98
13.3987 -201.937 1229.98
1.29806 197.905 1523.69
45.3749 -67.1518 1245.49
152.467 -48.8146 852.092
-301.542 -439.675 1114.38
4.37888 -210.585 1235.57
0.959318 197.255 1523.47
31.2035 -78.1035 1255.42
124.54 -128.453 861.089
-139.539 -450.662 1060.93
2.19998 -211.603 1234.03
0.145232 196.292 1523.7
32.3893 -82.7871 1269.83
183.688 -183.96 810.432
-287.274 -435.931 1137.98
-5.1135 -217.3 1244.75
-1.33729 194.517 1523.7
19.2624 -92.2301 1287.94
192 -230.691 822.594
-138.666 -451.618 1067.67
-5.53592 -213.331 1256.52
-2.08063 193.563 1523.8
20.0223 -81.289 1307.34
172.102 -276.205 832.226
-128.915 -451.327 1063.01
-3.22468 -210.959 1264.66
-2.84062 192.514 1523.95
19.8365 -82.7306 1319.54
178.577 -296.572 880.911
-273.467 -471.571 1128.3
2.80571 -214.785 1267.73
-4.74767 189.243 1523.18
15.3509 -88.5319 1327.38
188.033 -313.397 951.53
-265.485 -454.306 1144.9
-1.37084 -219.639 1269.85
-8.55657 183.319 1525.16
11.2873 -96.4034 1329.49
191.185 -349.25 990.835
-279.125 -457.585 1135.66
-9.17241 -216.07 1284.26
-8.51256 183.454 1525.38
1.37418 -93.949 1346.62
196.022 -375.153 1034.97
-296.674 -492.939 1103.91
-19.7787 -211.645 1296.57
-8.52048 183.745 1525.76
-11.0381 -88.4547 1363.89
200.217 -367.25 1107.3
-255.606 -430.86 1152.97
-27.9183 -213.677 1306.26
-8.49886 184.043 1526.1
-16.4309 -85.1453 1373.24
201.376 -380.485 1126.6
-275.437 -435.432 1136.9
-28.4945 -211.226 1307.07
-8.51462 184.406 1526.41
-17.8395 -82.7748 1377.05
221.65 -359.641 1162.07
-296.013 -426.95 1136.86
-27.8104 -208.574 1306.6
-8.42685 185.857 1527.18
-17.4347 -81.0353 1378.1
225.531 -395.93 1150.02
-278.314 -432.578 1134.86
-28.6011 -201.39 1306.62
-8.91179 186.719 1526.2
-22.7028 -68.0804 1377.05
211.302 -418.581 1137.93
-275.494 -429.775 1139.05
-25.037 -202.715 1308.38
-8.87891 187.195 1524.42
-19.9373 -71.8285 1377.65
211.795 -419.094 1141.43
-288.03 -434.192 1132.32
-24.4396 -204.369 1310.01
-8.96523 188.07 1523.68
-18.7122 -73.4986 1377.5
212.21 -415.53 1141.41
-294.793 -430.056 1130.76
-23.8707 -204.388 1310.84
-9.07775 188.277 1523.09
-17.7993 -74.2297 1377.62
227.527 -416.657 1137.12
-292.855 -427.75 1136.38
-25.3512 -204.867 1312.46
-8.48011 189.11 1523.3
-16.9436 -74.0047 1378.25
201.156 -419.437 1117.74
-276.392 -432.05 1138.88
-29.8885 -211.927 1310.6
-8.69135 189.299 1523.54
-10.9609 -81.1253 1365.84
205.947 -418.505 1121.11
-268.174 -434.302 1128.69
-35.2777 -210.411 1314.01
-8.7824 189.279 1523.57
-14.0881 -77.3554 1370.08
204.329 -422.445 1116.64
-274.585 -416.167 1131.32
-40.809 -205.39 1313.99
-9.15856 189.236 1523.56
-22.9688 -68.964 1372.45
33.7585 -432.828 1075.51
-278.226 -412.789 1133.59
-44.3892 -206.067 1313.14
-9.23193 188.905 1524.27
-28.2524 -71.4324 1370.62
202.412 -400.166 1087.79
-280.476 -417.039 1130.3
-35.2378 -220.224 1295.36
-9.32702 188.438 1524.41
-9.63258 -94.7316 1328.41
204.248 -381.866 1050.59
-279.518 -426.744 1125.52
-34.3881 -222.445 1298.51
-9.54798 187.717 1524.82
-6.6622 -95.7569 1331.46
238.005 -316.15 1114.08
-277.29 -428.765 1129.09
-34.4763 -231.203 1310.8
-9.58235 187.508 1524.95
0.282438 -105.501 1347.76
184.929 -355.306 969.607
-286.186 -424.986 1116.35
-28.5678 -228.837 1309.53
-9.61279 187.154 1525.21
1.4053 -105.884 1348.45
178.595 -328.151 920.609
-285.838 -434.824 1100.59
-22.5469 -225.544 1300.95
-9.64679 185.248 1526.64
0.623136 -105.296 1344.86
172.343 -295.849 904.821
-110.375 -392.871 1025.14
-23.1634 -225.515 1299.94
-9.16017 183.605 1528.33
0.0556622 -104.389 1341.28
163.869 -271.95 861.179
-114.651 -406.24 1017.75
-24.9769 -223.692 1299.87
-8.90448 182.485 1529.4
-1.21468 -102.104 1338.75
167.211 -218.838 851.542
-141.137 -416.245 1044.7
-28.0985 -207.832 1289.59
-8.28603 181.14 1531.68
-8.9844 -89.446 1333.18
182.201 -172.29 824.469
-289.388 -449.563 1101.86
-24.911 -203.885 1275.55
-8.46813 178.788 1534.12
-8.47914 -92.128 1312.43
136.653 -71.0542 891.963
-295.988 -453.132 1113.86
-15.3771 -197.34 1269.67
-8.81891 178.452 1534.24
-8.67984 -86.2147 1310.12
149.55 -7.88095 911.464
-313.463 -477.283 1100.34
-13.4994 -196.78 1266.81
-9.85577 177.522 1536.21
-7.91065 -85.3872 1308.38
203.743 23.1712 917.829
-313.446 -478.515 1102.63
-15.4884 -203.626 1275.15
-10.9021 177.542 1535.78
-11.052 -86.756 1320
204.724 67.1586 930.474
-297.29 -484.216 1102.5
-12.084 -207.028 1283.16
-11.7659 177.072 1537.93
-16.217 -84.6524 1333.19
193.337 109.013 950.323
-290.066 -476.628 1123.92
-11.7609 -204.41 1282.18
-12.0576 178.235 1538.44
-10.3818 -78.241 1336.68
193.249 139.154 967.276
-286.635 -474.545 1123.36
-10.4941 -200.657 1283.43
-13.0051 178.699 1538.26
-7.85581 -75.8993 1342.43
190.903 174.417 985.028
-298.198 -460.569 1122.59
-17.4533 -207.286 1289.48
-14.156 178.957 1539.05
-4.14738 -79.3367 1350.81
183.666 189.074 986.8
-288.486 -447.287 1137.23
3.21623 -212.744 1358.84
-15.0125 179.471 1539.22
-2.3196 -90.2722 1348.58
184.97 195.794 1025.05
-301.223 -414.487 1126.77
3.99013 -217.197 1361.59
-14.112 180.301 1540.22
-4.49667 -91.1107 1353.02
182.271 221.11 1046.59
-282.663 -419.588 1133.35
2.66346 -218.154 1369.01
-13.8101 181.669 1540.56
-10.0419 -90.6405 1359.72
173.859 243.109 1070.69
-276.012 -422.492 1142.16
-1.36863 -222.145 1377.27
-13.6182 181.4 1539.95
-16.5719 -94.4126 1367.46
166.216 257.434 1100.81
-293.181 -418.465 1142.27
-5.84221 -224.386 1385.31
0.513595 175.489 1514.2
-22.0922 -96.1613 1374.44
172.027 222.066 1121.2
-278.082 -430.492 1143.59
-7.25138 -226.77 1389.38
1.50988 174.522 1511.25
-23.1455 -97.2876 1375.16
170.506 208.937 1138.81
-276.087 -423.355 1154
-8.67044 -227.509 1392.62
6.26261 174.585 1504.55
-25.9456 -97.1929 1378.8
199.857 134.664 1114.74
-258.925 -439.925 1154.26
-10.9687 -228.398 1391.41
9.14678 176.742 1503.5
-25.2607 -95.4439 1378.61
194.601 121.574 1094.18
-123.046 -384.473 1098.82
-11.9226 -222.768 1391.98
10.2476 180.874 1503.71
-21.1952 -86.597 1381.3
183.147 128.148 1123.47
-283.681 -427.458 1149.91
-12.3069 -217.733 1399.64
7.67522 182.496 1505.41
-17.3146 -77.5783 1398.1
181.831 148.883 1144.5
-280.968 -431.725 1146
-13.7795 -213.819 1401.71
1.08347 184.435 1514.76
-15.405 -71.8758 1408.06
186.87 134.001 1117.17
-270.328 -384.026 1168.05
-31.9278 -206.456 1363.76
-1.06784 185.982 1519.72
-15.6108 -70.8225 1411.73
162.159 122.093 1195.61
-283.261 -391.176 1097.54
-33.418 -205.578 1366.65
-2.05452 187.588 1520.12
-14.5573 -70.1856 1411.22
161.46 179.278 1214.32
-279.243 -386.256 1107.76
-35.064 -206.315 1359.25
-1.58687 191.304 1521.82
-15.8386 -72.5526 1397.97
166.394 68.7561 1143.34
-280.734 -390.854 1092.39
-33.7079 -207.238 1362.6
0.158851 189.313 1519.23
-14.7836 -72.118 1402.33
174.521 76.9952 1141.33
-118.252 -379.266 1038.96
-33.7069 -208.82 1360.81
-0.623664 188.891 1519.26
-13.8229 -72.8235 1402.61
155.037 135.515 1139.13
-116.956 -383.284 1039.8
-32.2002 -202.492 1350.95
-2.28616 188.43 1521.97
-12.7287 -73.0636 1403.07
147.73 158.065 1120.38
-119.23 -390.669 1029.34
-22.4939 -216.476 1385.18
-3.65725 190.396 1524.48
-16.0497 -78.798 1392.56
148.027 187.512 1037.32
-290.25 -430.59 1136.69
-20.9054 -218.368 1381.55
-7.28307 190.896 1528.36
-13.7864 -80.2519 1390.92
148.032 153.019 1001.99
-128.574 -414.211 1095.64
-19.335 -220.965 1365.27
-9.58005 189.789 1528.37
-9.46305 -81.8709 1365.75
148.306 110.415 977.408
-287.729 -423.429 1135.05
-16.4351 -222.87 1357.46
-16.6689 187.239 1532.4
-5.24771 -82.5378 1351.02
147.108 62.7966 955.544
-290.327 -417.123 1126.69
-20.9183 -218.742 1350.79
-17.6436 186.737 1532.88
0.317053 -85.8879 1339.73
145.689 8.96978 953.199
-291.882 -397.956 1109.29
-19.4659 -207.733 1327.33
-17.8456 186.352 1532.99
-3.33593 -92.9757 1330.07
161.979 -30.462 966.649
-291.14 -414.494 1066.66
-30.8115 -207.488 1316.32
-19.2796 182.652 1533.04
-15.9291 -102.194 1299.5
165.531 -79.2638 974.823
-297.129 -414.783 1045.11
-34.8556 -203.014 1313.9
-21.7228 178.877 1533.52
-13.0856 -101.288 1290.91
146.195 -138.945 981.347
-164.703 -401.716 981.876
-41.1451 -188.583 1331.01
-21.5803 178.836 1533.4
-12.0836 -95.0824 1317.89
159.076 -133.619 964.251
-285.09 -397.191 1023.83
-45.4091 -186.82 1339.96
-20.5443 178.918 1531.92
-15.4486 -103.695 1331.25
153.871 -244.359 942.793
-128.287 -389.358 963.905
-46.4526 -187.051 1347.41
-19.1604 178.77 1530.45
-14.9193 -105.714 1340.62
129.423 -292.584 956.365
-260.079 -403.529 1025.05
-46.7775 -186.536 1351.91
-19.4307 177.687 1530.42
-12.5061 -106.882 1344.51
124.806 -330.719 983.273
-118.376 -395.071 959.362
-45.1765 -185.844 1348.45
-19.2572 176.644 1529.63
-6.22076 -108.911 1332.55
136.521 -365.671 1035.87
-252.372 -413.48 990.59
-47.1129 -183.451 1352.92
-19.0276 175.869 1529.07
-7.08941 -107.485 1337.52
126.722 -396.399 1062.91
-263.537 -401.289 986.405
-46.2373 -185.941 1364.37
-19.5744 172.526 1528.17
-5.45009 -106.158 1338.25
135.981 -401.927 1102.21
-266.743 -423.409 984.798
-55.5815 -182.75 1374.5
-18.7665 172.955 1527.23
-21.2442 -101.227 1351.27
153.144 -387.813 1167.45
-250.508 -431.286 1009.39
-60.8347 -180.084 1380.47
-18.473 173.676 1526.15
-28.7663 -97.6501 1357.69
148.844 -397.238 1178.45
-250.344 -433.202 1013.28
-63.4993 -178.25 1384.5
-18.5028 174.576 1525.09
-31.5118 -95.7523 1361.88
145.859 -403.366 1203.31
-252.181 -424.969 1013.78
-69.9122 -175.417 1391.98
-18.3331 175.451 1523.78
-33.6203 -86.7092 1381.23
133.885 -431.306 1205.06
-237.644 -405.669 1026.83
-65.7319 -173.465 1387.29
-17.83 176.011 1523.06
-33.902 -79.8456 1390.99
149.306 -448.936 1185.78
-254.429 -384.891 1059.52
-39.7558 -205.672 1320.93
-17.731 176.726 1521.84
-33.5047 -75.2296 1397.05
187.965 -417.437 1080.69
-288.267 -424.371 1164.48
-35.6913 -202.417 1312.76
-17.1609 177.085 1520.56
-33.6877 -74.5153 1394.92
188.593 -415.211 1099.01
-285.049 -425.601 1153.71
-34.5216 -198.804 1312.26
-16.8258 177.68 1519.42
-32.1939 -69.7032 1398.11
191.263 -414.169 1106.35
-272.535 -431.272 1149.41
-33.7918 -198.085 1311.48
-16.2299 178.386 1517.06
-32.3895 -70.2772 1397.99
191.169 -415.616 1109.01
-274.298 -433.758 1148.91
-34.1363 -198.755 1310.91
-15.3394 179.168 1514.23
-33.3853 -72.1596 1397.97
190.109 -417.611 1107.11
-290.283 -425.613 1142.67
-33.2948 -199.424 1310.64
-14.5553 180.307 1512.15
-32.827 -72.8389 1397.93
188.376 -418.279 1107.68
-282.05 -425.781 1141.4
-32.1031 -199.816 1310.51
-14.2251 180.708 1511.31
-31.9001 -72.8212 1397.01
190.942 -416.446 1105.47
-276.891 -423.025 1149.64
-30.6156 -201.154 1309.67
-13.2584 181.689 1509.81
-31.19 -73.5414 1395.73
189.698 -411.073 1105.98
-257.268 -387.837 1144.83
-29.9676 -202.061 1311.4
-12.2514 182.563 1508.65
-31.0041 -73.8071 1395.43
187.939 -406.743 1097.79
-285.446 -431.553 1144.48
-29.3866 -204.637 1315.49
-11.8656 183.176 1507.54
-30.4273 -74.2445 1395.36
188.955 -403.343 1083.97
-99.428 -413.416 1069.7
-29.7824 -203.58 1314.42
-11.6027 183.291 1506.62
-30.3549 -74.1166 1395.92
193.258 -394.619 1078.34
-275.366 -440.242 1146.83
-30.3307 -203.279 1314.38
-11.5763 183.92 1505.42
-30.7761 -73.7867 1397.31
194.262 -391.96 1043.12
-282.144 -430.319 1147.56
-33.2011 -202.152 1316.49
-12.1004 184.383 1504.68
-31.269 -73.1092 1398.86
196.02 -381.457 1017.26
-282.01 -426.76 1147.72
-31.4543 -203.032 1313.93
-13.2858 185.007 1504.01
-30.0774 -73.4612 1397.63
190.422 -366.811 979.366
-282.388 -429.283 1148.96
-28.3244 -206.774 1302.85
-13.4392 185.104 1504.04
-23.8041 -80.7609 1385.91
183.082 -339.824 924.731
-284.531 -439.548 1145.08
-20.2055 -214.839 1278.95
-13.6796 184.98 1504
-7.9637 -97.8115 1342.29
185.423 -296.103 898.805
-286.642 -458.4 1129.72
-19.2563 -214.997 1280.32
-13.4749 184.877 1504.37
-5.81262 -97.4991 1341.68
180.927 -272.383 857.316
-123.638 -451.548 1058.24
-20.4189 -215.141 1280.48
-13.7814 184.67 1504.8
-6.26411 -97.1205 1339.73
184.049 -234.813 838.816
-279.18 -464.419 1125.07
-21.2881 -222.907 1270.83
-14.2555 183.882 1504.63
-4.14766 -94.9716 1312.86
192.686 -194.87 829.232
-133.361 -441.598 1045.47
-16.8007 -219.762 1266.74
-14.4911 182.787 1504.98
-3.52826 -86.1047 1309.75
198.398 -158.443 814.92
-271.291 -402.242 1126.54
-21.4235 -211.834 1254.08
-14.9872 181.259 1504.69
-11.9572 -76.1413 1289.62
203.019 -122.262 807.022
-275.761 -397.755 1125.94
-22.4047 -208.863 1245.84
-15.8522 180.224 1504.66
-16.3358 -71.3039 1282.37
147.706 -43.8284 860.211
-285.416 -443.608 1119.13
-20.6734 -212.566 1247.26
-16.8281 179.561 1504.12
-13.8104 -75.7195 1286.25
158.145 -9.24885 875.137
-300.159 -446.372 1118.44
-18.8846 -214.476 1249.2
-16.9381 179.429 1504.1
-11.583 -77.0394 1290.53
188.621 21.906 900.353
-303.967 -444.746 1118.07
-14.2967 -212.16 1261.47
-16.6601 179.339 1504.87
-4.93594 -81.1543 1304.38
203.957 54.3425 889.98
-291.056 -442.405 1122.33
-18.5119 -224.056 1267.27
-16.9908 179.34 1504.82
-12.252 -88.9985 1307.66
185.295 46.5108 910.441
-284.427 -421.289 1151.95
-21.6444 -222.38 1267.82
-17.1164 179.255 1504.09
-12.9545 -91.6931 1313.05
188.602 94.3322 902.469
-124.396 -411.174 1107.95
-24.2646 -225.658 1270.75
-17.3325 179.316 1503.37
-11.0301 -93.0675 1313.86
185.228 119.654 915.565
-140.39 -418.298 1128.65
-26.7983 -227.395 1280.91
-17.3799 179.654 1502.54
-8.1273 -91.0606 1319.75
186.02 127.217 949.012
-285.055 -412.488 1159.41
-27.6263 -227.172 1287.48
-17.2362 180.428 1502.38
-8.21919 -89.7027 1325.16
180.329 174.006 957.678
-286.728 -410.41 1157.88
-29.7668 -231.583 1326.57
-16.9075 180.086 1502.5
-8.71738 -89.0326 1328.22
182.538 180.388 1038.37
-298.113 -412.022 1086.55
-30.7299 -233.181 1323.7
-16.0118 180.494 1501.58
-11.7465 -90.9701 1327.17
177.002 202.527 1052.32
-285.977 -390.997 1106.09
-36.8234 -228.951 1321.98
-14.3646 181.644 1501.24
-13.5322 -87.113 1334.04
173.423 214.453 1074.41
-128.382 -380.201 1042.54
-36.9159 -227.666 1325.08
-10.5467 183.195 1496.27
-18.5779 -84.7383 1352.97
166.743 214.147 1104.68
-284.122 -377.619 1100.01
-38.4973 -226.33 1332.73
-7.01039 183.926 1490.81
-20.9068 -83.5716 1364.17
164.811 210.573 1126.48
-282.764 -372.595 1105.54
-40.2251 -224.074 1342.32
-7.61592 183.917 1488.21
-23.2389 -80.278 1378.77
171.787 169.433 1141.33
-135.607 -389.452 1047.35
-38.056 -216.16 1350.02
-9.36919 183.495 1489.14
-21.1164 -69.6254 1388.96
184.558 99.408 1127.94
-125.638 -397.121 1030.5
-36.3488 -214.688 1353.19
-9.74933 183.181 1489.74
-20.208 -66.3723 1392.66
180.876 124.66 1124.61
-140.744 -409.149 1041.58
-31.0686 -217.886 1356.95
-9.70415 183.592 1489.25
-20.4696 -72.7223 1386.95
178.062 124.194 1124.64
-120.983 -386.963 1037.24
-24.8086 -214.86 1355.87
-8.61748 183.793 1489.07
-21.4037 -75.7724 1383.81
180.48 118.67 1153.83
-270.678 -384.969 1103.38
-25.5624 -217.608 1349.17
-7.17957 183.54 1489.63
-21.6081 -77.5156 1382.89
198.418 106.186 1129.68
-276.991 -396.078 1090.9
-28.0659 -219.185 1350.27
-6.39799 183.241 1490.28
-21.3893 -79.488 1381.71
192.079 105.133 1136.2
-280.035 -394.21 1091.16
-30.9637 -224.21 1349.49
-5.64291 183.682 1490.28
-21.6146 -80.8716 1379.82
164.939 196.293 1170.34
-279.999 -391.595 1092.18
-28.7897 -223.457 1348.78
-5.63663 183.941 1489.74
-20.5686 -80.6208 1380.18
160.494 212.199 1157.68
-128.231 -394.002 1031.68
-26.2481 -225.082 1352.65
-5.07315 183.819 1489.07
-12.4249 -76.7255 1382.32
164.022 201.152 1134.09
-278.527 -396.23 1099.41
-16.5271 -209.999 1346.65
-4.4347 183.9 1487.59
2.37078 -59.8168 1370.57
158.804 228.285 1106.56
-276.076 -412.612 1103.51
-16.8756 -220.936 1342
-4.27865 184.08 1487
1.44318 -72.7832 1362.62
158.96 222.826 1089.84
-128.245 -422.333 1038.68
-17.6609 -223.689 1345.52
-4.73687 185.126 1487.22
-0.0535141 -73.0245 1369.4
154.167 209.592 1060.08
-131.831 -417.078 1035.66
-22.5715 -224.121 1339.81
-4.9897 187.407 1488.65
0.657948 -76.048 1365.56
157.561 176.873 1037.87
-276.948 -418.145 1085.54
-19.5049 -222.248 1339.54
-11.9576 195.836 1499.99
1.09147 -74.21 1363.22
157.41 152.674 1010.77
-283.184 -416.414 1083.84
-16.6007 -220.33 1336.6
-11.175 191.847 1496.62
2.29295 -72.0533 1356.77
155.955 115.486 999.718
-282.213 -423.479 1077.01
-15.3772 -217.456 1328.96
-13.8578 190.423 1496.41
5.70381 -72.4669 1347.99
159.596 87.4405 963.039
-288.369 -417.06 1071.63
-11.1329 -218.976 1323.11
-16.1645 189.242 1496.49
7.98481 -75.123 1338.63
159.773 36.0979 956.238
-155.261 -432.61 1021.57
-13.8652 -224.118 1275.42
-18.1081 188.099 1496.29
-10.7144 -87.5408 1316.19
159.203 0.720768 913.506
-294.717 -434.049 1109.11
-16.8599 -228.866 1262.86
-20.2173 186.419 1497.39
-13.4244 -89.9066 1308.09
151.973 -38.8038 896.101
-257.426 -438.029 1110.65
-16.941 -230.891 1243.36
-19.2157 184.793 1497.75
-10.882 -92.9345 1287
132.556 -60.8379 866.418
-290.341 -451.704 1123.69
-18.9368 -229.954 1239.72
-18.9721 183.415 1498.32
-9.86647 -92.816 1274.4
159.727 -110.627 839.825
-275.751 -444.152 1120.34
-19.285 -224.768 1245.32
-19.2055 182.153 1499.03
-9.65771 -85.934 1284.84
169.468 -167.149 828.827
-231.979 -442.79 1106.96
-26.7345 -224.298 1264.84
-22.418 180.789 1500.6
-16.3073 -87.1317 1310.38
183.827 -222.726 819.117
-297.015 -446.217 1125.91
-31.747 -226.296 1271.21
-21.7338 180.006 1499.27
-19.5352 -89.8149 1316.73
181.172 -285.371 825.397
-281.147 -447.686 1127.11
-33.5538 -225.623 1272.3
-21.6328 178.88 1498.96
-20.3928 -92.3471 1321.6
178.283 -307.205 866.388
-290.617 -451.56 1126.39
-32.2229 -224.965 1273.47
-21.5292 178.388 1498.64
-18.241 -95.0885 1329.58
178.038 -336.656 902.782
-296.188 -439.9 1125.76
-30.7159 -225.839 1273.66
-21.6748 177.631 1498.26
-16.6374 -96.5212 1333.4
191.044 -369.393 950.55
-290.169 -446.41 1130.83
-31.0277 -227.618 1271.42
-21.6134 177.168 1498.46
-17.4148 -98.8645 1328.38
191.046 -390.276 980
-281.979 -433.589 1138.55
-34.2312 -224.172 1279.93
-21.4822 176.864 1498.39
-25.6927 -92.1292 1344.73
194.999 -407.83 1003.13
-282.288 -429.748 1136.14
-36.0597 -222.456 1285.29
-21.2984 176.376 1498.08
-28.8562 -88.1457 1354.78
198.239 -422.707 1024.47
-297.594 -424.129 1142.9
-38.4423 -215.067 1295.15
-21.0042 176.941 1498.32
-32.7963 -80.2431 1372.76
198.255 -407.419 1083.35
-278.853 -419.03 1143.96
-37.5151 -213.572 1295.43
-20.713 177.212 1498.64
-31.2947 -80.2285 1372.28
196.698 -409.482 1096
-261.024 -425.848 1137.34
-36.8109 -211.704 1295.47
-20.3231 177.45 1498.51
-30.2601 -80.1152 1373.28
198.415 -407.719 1102.61
-291.735 -422.138 1144.33
-38.3319 -211.889 1294.8
-20.1063 177.198 1498.03
-29.415 -79.854 1372.95
221.207 -402.208 1121.94
-289.364 -420.333 1146.17
-32.2999 -211.72 1293.23
-19.3679 177.317 1497.74
-28.9573 -79.9092 1371.53
221.776 -423.943 1108.99
-289.397 -428.734 1142.01
-29.2546 -211.836 1292.43
-18.8622 177.442 1497.4
-28.8506 -80.0071 1370.46
222.955 -425.539 1109.46
-288.617 -427.746 1140.53
-32.4792 -211.649 1292.05
-18.6253 177.473 1496.28
-30.1939 -80.3482 1369.83
220.433 -427.683 1106.51
-289.786 -425.682 1140.53
-33.2776 -211.541 1292.25
-18.1586 177.549 1494.36
-30.9169 -80.3006 1371.59
221.823 -430.528 1108.08
-288.901 -426.96 1140.96
-31.7507 -215.759 1293.6
-17.7192 177.89 1493.71
-32.1272 -84.5002 1378.89
224.478 -431.295 1107.93
-289.684 -421.414 1141.68
-31.6951 -214.479 1294.74
-17.2028 178.578 1493.68
-32.0756 -82.9272 1378.23
209.374 -427.185 1106.14
-290.981 -426.616 1140.26
-31.2867 -213.296 1297.49
-16.7458 179.73 1493.7
-31.9458 -82.2994 1378.31
199.666 -424.086 1099.54
-277.9 -429.699 1131.66
-31.4586 -212.628 1298.53
-16.8113 180.624 1493.38
-31.4964 -81.6261 1378.61
200.976 -423.951 1094.06
-291.819 -427.641 1138.28
-32.4422 -212.526 1298.32
-16.704 181.151 1493.21
-31.335 -81.1701 1379.7
204.035 -419.777 1088.13
-289.844 -424.923 1140.48
-32.7239 -212.523 1300.15
-16.4849 181.801 1493.21
-32.2546 -80.8992 1384.02
206.077 -410.231 1076.44
-289.289 -427.824 1136.44
-33.2979 -211.509 1301.87
-16.2084 182.246 1494.55
-32.9435 -80.0789 1386.56
210.605 -390.74 1061.87
-292.793 -430.282 1142.35
-33.8164 -210.708 1299.02
-16.3467 182.317 1495.48
-31.8025 -80.3935 1384.52
241.129 -321.524 1122.07
-292.951 -429.692 1145.85
-33.0844 -211.433 1298.71
-16.738 182.316 1496.5
-31.444 -81.1251 1384.57
242.272 -308.455 1099.49
-279.632 -429.408 1149.39
-31.9479 -210.283 1297.38
-17.0587 182.185 1497.15
-30.7559 -81.6942 1384.72
206.791 -348.999 921.375
-299.306 -441.207 1138.08
-26.4781 -210.917 1289.89
-17.4456 181.524 1497.41
-21.923 -91.1312 1370.47
203.025 -296.758 912.112
-297.811 -443.046 1133
-25.432 -213.62 1283.76
-18.1571 180.479 1498.06
-20.5536 -95.4587 1364.43
215.727 -323.844 1005.13
-294.486 -451.843 1131.29
-26.5667 -217.139 1291.98
-18.7208 179.534 1498.51
-22.9311 -102.47 1381.43
200.645 -217.978 834.235
-298.857 -449.623 1136.75
-23.6801 -217.893 1295.56
-19.2095 178.931 1498.81
-21.7783 -101.209 1373.26
200.217 -172.511 841.589
-164.188 -466.143 1090.97
-21.3277 -214.823 1291.29
-19.6294 178.406 1499.25
-17.8378 -94.684 1362.87
204.563 -127.706 839.797
-283.486 -437.121 1121.41
-20.591 -209.753 1284.88
-20.3393 178.53 1499.84
-13.7934 -85.7576 1359.4
157.731 -83.9171 865.987
-293.47 -429.396 1132.9
-19.7539 -212.64 1274.89
-20.6692 178.422 1500.21
-12.2288 -90.521 1344.05
203.682 -51.3352 877.915
-295.99 -438.346 1127.26
-17.1675 -214.225 1270.56
-20.7736 178.348 1501.17
-10.9087 -91.9447 1336.35
208.114 -5.99358 892.289
-296.948 -442.377 1123.71
-9.80859 -224.903 1267
-20.6381 178.758 1501.84
-13.4784 -103.523 1321.66
208.719 34.7799 892.149
-300.454 -438.908 1129.94
-8.88113 -228.663 1266.47
-20.7193 178.982 1502.24
-15.3753 -108.183 1318.83
208.365 57.1468 910.689
-293.286 -434.468 1144.26
6.02391 -205.576 1283.23
-21.2587 179.815 1502.99
20.0089 -66.7259 1344.3
216.468 118.672 932.396
-299.657 -456.713 1133.86
4.82232 -205.444 1292.99
-21.7248 180.719 1503.77
19.7064 -67.612 1363.58
214.756 158.88 958.122
-295.603 -455.757 1131.28
-10.4886 -203.905 1293.91
-22.3991 181.699 1504.7
6.9664 -70.6805 1358.11
195.292 191.269 957.836
-293.252 -450.042 1140.42
-12.5328 -201.028 1294.28
-22.7063 186.222 1507.27
4.48709 -70.1947 1363.96
194.387 224.579 965.802
-294.806 -447.424 1144.46
-17.2864 -196.555 1291.07
-22.5058 189.572 1509.5
8.47472 -68.8969 1367.28
192.948 237.927 987.389
-294.16 -442.237 1149.24
-21.0243 -201.466 1293.04
-21.7133 189.089 1509.63
14.5686 -79.8512 1353.43
192.376 226.491 1000.16
-288.526 -415.961 1153.17
-16.9551 -211.784 1307.28
-21.7074 190.146 1509.23
9.98272 -85.597 1362.28
196.875 220.446 1046.73
-283.572 -419.208 1137.85
-22.0441 -208.023 1309.86
-21.7264 190.368 1508.58
-4.36469 -89.7505 1362.29
194.803 232.226 1073.28
-286.01 -421.675 1136.57
-31.0227 -214.04 1304.27
-21.5626 183.042 1500.72
-10.9872 -92.7314 1363.27
187.657 273.581 1070.01
-291.426 -410.272 1143.24
-34.6767 -219.93 1311.22
-20.8924 185.696 1503.04
-15.6217 -94.07 1366.97
182.637 274.362 1098.02
-281.213 -408.866 1137.69
-23.8711 -214.15 1312.93
-20.3859 186.604 1503.63
4.20825 -80.3263 1363.23
180.584 287.801 1118.25
-290.989 -398.86 1133.18
-21.6045 -207.669 1319.27
-19.4069 187.164 1503.55
9.71197 -72.402 1365.14
179.227 296.882 1135.01
-293.961 -420.036 1119.34
-26.0119 -200.127 1325.77
-19.0597 187.394 1503.13
7.40879 -66.3852 1372.94
179.365 297.731 1149.95
-138.073 -411.985 1061.98
-28.9918 -212.34 1338.11
-16.0188 184.164 1496.99
0.930368 -72.9487 1387.72
179.886 301.236 1155.1
-127.327 -398.163 1061.27
-10.9514 -208.357 1362.27
-16.3689 185.428 1497.52
-0.997378 -72.7987 1386.66
174.499 323.09 1126.9
-243.084 -395.507 1180.51
-13.1245 -215.714 1354.4
-15.8008 186.123 1497.31
-1.1641 -84.6385 1372.53
171.289 296.353 1121.68
-273.153 -412.87 1164.89
-22.2549 -221.053 1345.56
-14.9719 186.417 1496.95
-2.84273 -86.2719 1371.99
171.871 282.092 1118.3
-278.238 -397.67 1155.56
-17.2382 -198.442 1335.11
-14.3786 186.599 1497.35
-10.7952 -89.7375 1376.05
174.751 277.262 1130.06
-289.39 -400.889 1121.18
-25.4347 -209.803 1329.88
-13.59 185.89 1497.1
-12.6871 -93.0644 1375.15
175.459 255.545 1103.74
-141.196 -385.79 1083.67
-29.7316 -217.243 1329.46
-13.6259 186.385 1497.32
-15.208 -95.8203 1374.22
172.396 236.516 1074.95
-135.775 -383.883 1079.18
-29.9155 -221.091 1320.77
-13.1059 186.806 1498.66
-14.9336 -96.7535 1372.04
180.796 217.054 1035.12
-279.048 -398.077 1144.31
-36.5636 -225.049 1307.05
-13.5295 186.819 1499.87
-21.8593 -106.907 1357.26
167.2 174.606 1014.51
-281.034 -376.127 1141.37
-39.1517 -226.888 1303.56
-14.999 186.892 1500.77
-24.2195 -112.084 1353.05
177.22 138.826 980.063
-291.662 -371.133 1135.36
-34.8585 -232.378 1301.37
-16.277 186.746 1501.15
-24.5099 -112.924 1350.06
182.727 112.649 952.042
-282.244 -380.174 1143.21
-34.4113 -238.312 1298.34
-18.0067 186.243 1501.67
-25.4966 -112.742 1350.3
188.033 85.4804 921.849
-283.465 -385.027 1146.41
-34.7499 -227.742 1296.95
-21.0733 186.151 1502.92
-18.4592 -95.52 1355.15
188.101 68.6347 897.22
-146.569 -424.372 1080.79
-25.8034 -216.822 1301.91
-21.7347 185.73 1502.66
-9.93043 -86.3914 1348.09
191.645 42.0121 876.733
-260.53 -391.896 1163.62
-23.8024 -213.998 1288.95
-22.6321 185.238 1503.18
-7.62035 -80.0058 1346.92
208.95 15.1307 859.498
-134.81 -437.049 1081.41
-20.5754 -212.658 1279.04
-22.5254 184.073 1504.5
-8.69866 -78.9822 1339.16
193.416 -32.1548 865.737
-140.845 -446.198 1074.97
-21.2252 -217.732 1263.99
-22.7291 182.836 1505.2
-13.6878 -88.3189 1318.35
175.906 -45.0163 853.26
-151.247 -460.889 1067.99
-27.5147 -216.745 1259.96
-23.3536 182.008 1505.41
-17.2733 -81.845 1304.46
205.768 -109.572 812.483
-288.153 -444.183 1139.42
-27.6734 -219.179 1257.91
-23.7338 181.318 1505.78
-21.3074 -88.5086 1305.18
202.748 -153.805 799.456
-152.492 -450.686 1073.22
-26.8572 -221.229 1256.52
-23.904 180.413 1505.48
-20.5956 -93.9163 1302.68
198.37 -217.054 790.339
-299.261 -446.252 1133.25
-28.9017 -220.98 1260.02
-24.0755 178.923 1504.27
-18.9085 -95.3384 1303.54
196.782 -192.369 749.266
-285.788 -443.501 1138.29
-27.9388 -224.004 1263.73
-24.2677 177.688 1503.05
-14.4608 -100.682 1305.11
208.915 -288.342 850.939
-303.117 -450.836 1126.75
-26.425 -220.485 1270.21
-23.985 177.247 1502.84
-10.9972 -95.0951 1317.27
201.746 -306.838 885.902
-302.972 -455.843 1122.95
-27.0795 -221.882 1271.24
-23.6874 176.56 1503.15
-12.856 -99.452 1323.28
204.904 -339.18 928.418
-304.513 -453.742 1120.51
-27.2498 -220.713 1271.55
-23.6082 176.073 1502.51
-12.963 -98.7767 1328.76
209.245 -365.273 984.741
-301.118 -449.283 1120.68
-27.414 -220.262 1272.47
-23.5982 175.174 1501.85
-13.3006 -97.4483 1331.59
215.269 -384.763 1020.23
-299.997 -449.344 1122.74
-28.3135 -218.666 1276.1
-23.7215 175.161 1500.9
-13.3069 -94.1089 1334.75
212.701 -389.917 1061.24
-299.362 -448.286 1121.97
-37.2626 -203.459 1302.22
-23.3995 175.163 1500.29
-31.3783 -66.9005 1386.92
210.476 -412.991 1080.92
-291.59 -422.831 1142.73
-36.0567 -202.983 1300.52
-23.3437 175.198 1499.41
-29.8052 -68.3736 1383.2
202.958 -418.138 1097.12
-292.658 -427.393 1139.34
-33.8862 -199.189 1298.76
-23.2105 175.615 1498.04
-29.9457 -69.6156 1380.75
201.943 -420.306 1100.68
-279.949 -430.84 1149.53
-32.2567 -198.038 1296.93
-23.2062 176.184 1496.39
-28.6517 -70.7244 1376.58
223.743 -418.128 1122.33
-292.403 -429.219 1136.59
-32.6139 -197.743 1297.62
-23.0663 176.345 1494.78
-29.7004 -70.4812 1376.25
223.197 -420.776 1126.22
-293.719 -430.057 1136.1
-32.777 -198.289 1297.76
-22.8182 176.738 1493.23
-30.558 -71.0796 1375.51
222.323 -420.496 1125.53
-273.493 -427.046 1139.5
-33.6304 -199.792 1297.05
-22.389 176.935 1492
-31.7171 -71.0108 1375.5
220.727 -415.083 1131.06
-287.592 -431.006 1136.56
-34.1262 -200.553 1297.34
-21.6824 177.279 1491.28
-32.3341 -71.4191 1376.35
223.732 -416.835 1133.28
-287.99 -428.757 1130.37
-35.303 -201.405 1294.26
-21.0666 177.985 1490.2
-33.1719 -71.7603 1370.07
222.849 -418.628 1123.71
-292.91 -425.411 1136.65
-35.1341 -200.62 1297.53
-20.5642 178.371 1489.62
-33.0497 -70.6916 1377.57
225.934 -417.895 1117.29
-247.317 -421.867 1135.17
-35.2685 -200.311 1297.78
-20.087 179.086 1488.97
-33.3301 -70.0643 1377.79
206.57 -424.928 1097.54
-289.434 -425.965 1141.95
-34.8001 -200.636 1296.94
-19.5341 179.525 1488.66
-32.9476 -70.2848 1377.97
205.865 -416.462 1099.78
-289.045 -427.123 1141.4
-35.2697 -200.593 1297.43
-19.2944 180.058 1488.02
-32.8929 -69.9226 1378.36
206.534 -413.901 1093.4
-289.747 -426.375 1142.84
-35.7392 -202.083 1297.87
-19.1481 180.048 1487.07
-32.5441 -70.0938 1377.93
211.414 -403.17 1078.84
-258.094 -431.679 1139.29
-36.2787 -203.09 1298.12
-19.1969 180.353 1486.42
-32.275 -70.2818 1377.93
215.111 -392.862 1059.25
-293.189 -427.455 1142.68
-36.1087 -203.844 1296.96
-19.1548 180.468 1486.18
-31.4966 -71.6172 1377.19
216.735 -378.057 1037.16
-293.357 -427.46 1143.42
-34.7194 -205.841 1294.76
-18.6749 180.451 1486.29
-28.9614 -75.8332 1373.34
215.119 -361.349 998.734
-273.073 -435.854 1143.13
-32.2683 -208.943 1291.86
-18.5556 180.176 1486.29
-25.5539 -81.1579 1368.45
211.174 -340.799 945.385
-246.42 -440.427 1135.4
-26.4872 -208.569 1287.35
-18.794 179.684 1486.28
-22.2441 -85.7289 1363.7
205.125 -306.744 895.614
-290.212 -443.495 1134.01
-23.2507 -208.865 1283.64
-18.9583 179.416 1486.49
-20.3757 -87.58 1359.9
215.721 -271.029 853.403
-288.157 -440.976 1135.25
-23.2291 -207.195 1284.41
-19.3141 179.673 1486.85
-21.3785 -84.59 1361.14
234.29 -284.236 958.067
-286.671 -442.504 1137.57
-25.0169 -206.393 1284.22
-19.6013 180.031 1488.08
-22.419 -81.7022 1363.18
242.571 -198.563 799.113
-295.423 -442.551 1136.19
-23.8563 -203.947 1281.91
-19.9381 180.427 1488.95
-21.7219 -80.2072 1362.23
167.287 -122.802 832.602
-288.658 -441.57 1144.14
-23.7715 -200.802 1279.27
-20.4028 181.188 1489.96
-13.9202 -74.5622 1346.53
162.685 -77.9029 838.574
-139.12 -447.48 1082.27
-25.3066 -199.79 1262.8
-21.4211 181.039 1490.8
-11.4196 -80.3388 1326.69
221.596 -116.307 846.425
-279.135 -442.811 1130.6
-24.5238 -214.579 1251.13
-22.4685 180.524 1491.24
-13.7666 -91.9397 1308.48
203.979 -3.32546 881.798
-288.946 -447.593 1128.18
-22.2016 -217.98 1250.53
-23.1438 180.467 1491.55
-14.2395 -94.018 1307.05
214.767 43.976 884.723
-301.824 -441.967 1127.63
-20.5793 -217.214 1254.96
-23.7782 180.412 1491.35
-12.3716 -89.4918 1315.14
211.244 90.5485 898.529
-300.041 -444.988 1126.24
-21.3184 -213.97 1259.49
-24.7379 179.876 1490.44
-11.7108 -87.0173 1320.13
207.565 126.522 916.101
-300.537 -443.164 1131.34
-15.1283 -214.458 1261.01
-24.9666 180.445 1489.66
-16.1662 -90.7942 1325.68
212.937 157.642 947.423
-286.311 -453.605 1134.69
-15.5196 -214.235 1263.83
-25.7914 180.887 1489.07
-14.8419 -87.9603 1329.35
206.17 190.944 963.825
-292.721 -451.443 1134.92
-15.7858 -210.728 1276.01
-26.4237 181.778 1489.46
-16.1525 -89.0207 1339.42
195.36 225.156 977.245
-282.638 -454.766 1137.31
-19.4028 -194.136 1291.09
-26.9401 182.679 1490.12
-12.4614 -79.4508 1354.09
193.641 251.707 994.544
-283.532 -451.742 1146.74
-16.1987 -195.229 1306.8
-27.0281 182.734 1490.55
-8.24189 -74.573 1363.77
191.028 270.333 1030.23
-295.744 -432.9 1136.44
-19.1818 -214.283 1327.06
-26.9624 182.754 1490.55
-5.1096 -73.0379 1368.95
189.224 281.491 1076.63
-280.308 -417.073 1111.2
-18.1681 -211.219 1331.79
-27.0297 182.537 1490.76
-2.24815 -70.5552 1375.53
187.029 288.998 1103.16
-293.267 -416.124 1107.22
-19.3065 -204.727 1329.33
-26.8643 183.322 1490.58
-3.3932 -67.7336 1378.46
183.263 304.101 1116.99
-296.798 -414.421 1114.99
-19.1521 -221.732 1326.05
-26.9829 183.181 1490.51
-9.84047 -77.8281 1371.55
181.163 299.13 1138.45
-144.613 -417.479 1048.19
-20.9755 -228.188 1323.14
-27.3864 184.326 1490.41
-13.7077 -83.7803 1369.86
183.419 300.339 1149.57
-262.053 -411.485 1098.22
-28.1273 -227.822 1312.31
-27.6918 185.88 1490.52
-17.3547 -86.1032 1368.05
184.356 298.568 1147.18
-296.09 -400.206 1123.81
-38.7738 -226.874 1312.52
-27.4878 186.396 1489.08
-23.6997 -86.9443 1369.53
184.857 287.361 1149.01
-295.377 -391.696 1126.74
-36.9564 -229.163 1307.59
-28.1261 186.906 1488.69
-25.1901 -89.8785 1366.69
186.967 278.372 1149.36
-295.734 -391.238 1125.46
-41.7838 -219.092 1298.16
-28.8558 186.648 1488.55
-25.6295 -90.9864 1366.22
189.382 281.233 1122.66
-277.91 -382.903 1154.91
-42.6747 -212.37 1292.55
-29.7376 186.879 1487.7
-26.1374 -90.2049 1365.75
188.363 275.249 1107.23
-295.418 -392.615 1147.08
-40.6258 -215.87 1304.32
-29.5108 186.666 1486.41
-22.4954 -85.6787 1377.53
194.758 274.036 1084.73
-294.9 -400.501 1148.22
-36.9077 -211.883 1311.82
-29.1403 186.251 1485.25
-16.9343 -80.1435 1381.73
192.654 271.241 1066.47
-294.634 -405.85 1141.77
-33.9493 -214.914 1314.54
-29.2102 185.765 1484.09
-9.58289 -84.3371 1378.85
193.927 258.77 1041.41
-229.635 -407.538 1129.95
-31.3742 -216.448 1316.81
-29.7308 185.578 1484.01
-7.35168 -84.961 1377.76
204.92 242.254 1012.63
-291.539 -413.947 1131.46
-31.2668 -215.405 1314.29
-30.0551 185.62 1484.73
-7.40936 -85.5433 1371.7
208.837 213.909 981.722
-296.267 -415.51 1124.95
-30.976 -212.527 1313.12
-30.233 185.855 1484.73
-7.88467 -83.2881 1368.36
209.591 187.845 945.226
-138.168 -415.456 1073.89
-28.4901 -207.683 1313.73
-31.2181 186.139 1484.78
-10.098 -78.0794 1373.62
218.442 144.344 913.593
-133.917 -423.579 1071.61
-23.1373 -205.988 1308.13
-32.8233 186.291 1483.96
-8.93044 -78.4973 1368.86
221.346 116.642 883.859
-288.211 -430.831 1135.64
-22.9164 -208.488 1292.32
-34.9234 186.061 1484.01
-9.74816 -80.6535 1365.57
228.163 63.9599 878.525
-299.977 -436.061 1127.52
-22.7496 -211.786 1287.93
-37.4664 185.696 1484.94
-11.4799 -81.9795 1364.13
230.077 20.8132 840.157
-290.591 -450.061 1131.8
-22.2865 -217.682 1284.99
-38.7566 184.764 1486.47
-21.9955 -79.3369 1353.7
251.276 -32.4386 841.659
-298.245 -453.621 1118.77
-23.8007 -215.655 1284.35
-39.7555 184.181 1487.95
-20.238 -81.1296 1356.64
182.977 -75.043 863.319
-296.422 -449.893 1127.41
-26.1574 -211.7 1281.64
-40.9072 184.234 1488.42
-20.6438 -80.3127 1356.48
262.231 -124.661 830.089
-295.241 -454.221 1125.38
-23.8619 -205.594 1278.59
-42.9465 184.594 1488.39
-19.0747 -80.3296 1353.45
242.405 -176.742 817.55
-307.965 -447.184 1124.97
-19.0329 -201.298 1274.52
-43.6643 185.254 1487.88
-17.8335 -81.109 1345.95
240.561 -239.86 813.673
-289.916 -440.729 1144.44
-17.1542 -200.035 1273.35
-44.2583 185.325 1487.3
-19.3604 -80.8972 1347.4
225.016 -276.287 846.914
-296.986 -453.11 1127.01
-19.4725 -200.033 1268.89
-45.0576 185.2 1486.86
-20.6271 -82.6617 1340.16
216.592 -314.03 881.033
-286.245 -453.153 1125.77
-21.8846 -200.118 1266.58
-46.0145 184.933 1485.9
-22.447 -82.5099 1336.72
224.208 -335.888 943.631
-294.702 -460.108 1123.19
-24.4166 -200.038 1266.78
-46.6489 185.423 1484.91
-22.959 -79.8856 1337.09
224.906 -356.334 995.312
-283.687 -468.697 1123.71
-28.6487 -200.456 1267.31
-47.2302 185.991 1484
-24.0111 -80.8166 1338.79
223.902 -375.442 1036.82
-292.967 -463.936 1119.43
-29.837 -197.41 1266.65
-47.4253 186.329 1483.1
-25.398 -77.447 1337.19
224.482 -377.891 1071.77
-299.152 -463.094 1117.28
-34.3902 -193.076 1272.6
-47.248 186.342 1482.12
-35.0068 -68.3096 1349.4
218.644 -392.082 1092.97
-283.676 -455.226 1129.46
-37.5931 -191.067 1275.49
-47.1731 186.536 1480.76
-37.9253 -64.8061 1353.77
216.744 -400.695 1103.82
-288.598 -451.764 1123.88
-41.1976 -191.57 1278.53
-47.0072 186.36 1479.56
-39.1436 -63.2454 1356.43
212.291 -407.435 1106.14
-298.265 -442.107 1114.15
-43.4021 -196.117 1276.63
-46.9907 186.476 1478.44
-42.8394 -70.3453 1353.44
207.631 -420.483 1109.83
-289.627 -435.505 1124.98
-42.5795 -196.098 1278.21
-46.342 186.695 1477.39
-40.5789 -68.2454 1353.71
204.95 -414.106 1123.15
-287.016 -432.546 1123.23
-41.9113 -197.638 1274.9
-45.8822 186.725 1476.03
-39.1545 -69.1765 1345.29
206.253 -418.209 1126.46
-293.228 -427.096 1113.05
-41.6607 -197.355 1276.02
-45.0063 186.424 1474.94
-38.2855 -66.9275 1348.14
213.436 -403.419 1141.29
-291.779 -430.123 1112.56
-41.0856 -200.308 1280.17
-43.154 186.667 1472.74
-38.436 -68.1837 1348.01
204.587 -409.073 1124.72
-295.97 -434.025 1110.97
-42.1828 -199.327 1288.1
-41.5837 187.107 1471.41
-40.5762 -69.8189 1365.32
204.409 -412.635 1117.99
-277.787 -433.034 1127.14
-42.6228 -198.849 1286.5
-40.43 187.293 1470.47
-41.1173 -70.0272 1365.04
207.61 -412.892 1110.73
-281.485 -429.402 1121.47
-42.3239 -194.479 1281.39
-38.7385 187.027 1468.97
-40.1488 -69.5133 1357.6
210.071 -409.508 1110.57
-291.363 -428.32 1118.08
-41.7649 -195.376 1278.7
-37.886 186.957 1469.16
-39.1401 -69.1379 1353.65
211.43 -405.538 1105.54
-276.592 -431.48 1113.23
-41.7774 -196.305 1277.66
-36.9964 187.049 1468.41
-38.5845 -69.4154 1351.32
214.474 -402.982 1100.27
-245.435 -430.836 1105.85
-41.9136 -198.336 1280.42
-36.322 186.238 1467.77
-37.4248 -68.8746 1351.92
221.914 -393.868 1088.97
-295.916 -423.993 1108.38
-40.8498 -197.772 1278.55
-35.4958 185.923 1467.85
-35.4729 -69.0387 1350.98
225.51 -385.589 1058.1
-251.443 -432.689 1106.36
-39.6447 -197.575 1277.28
-34.2137 185.661 1467.89
-33.2684 -68.6012 1349.24
213.215 -349.717 1082.1
-256.586 -438.051 1103.99
-38.5583 -197.42 1276.67
-32.8848 185.447 1467.52
-31.6773 -68.2641 1348.97
226.799 -353.835 954.004
-293.675 -434.933 1110.72
-35.8007 -196.178 1277.72
-30.7265 185.366 1467.98
-27.1657 -66.2634 1352.97
227.002 -324.927 908.29
-299.254 -437.097 1111.28
-34.3232 -196.695 1276.73
-29.3097 185.197 1468.65
-26.7534 -67.9077 1354.27
239.509 -288.381 868.766
-292.508 -441.829 1106.08
-33.6007 -196.74 1282.39
-27.9691 184.928 1469.24
-27.3134 -68.3695 1366.55
248.732 -259.878 839.634
-272.317 -440.459 1112.64
-33.3568 -197.929 1280.05
-26.873 184.571 1469.82
-27.9582 -70.2226 1362.17
242.644 -212.619 817.899
-292.953 -442.894 1115.63
-33.8607 -185.737 1277.18
-26.285 184.368 1470.44
-28.3115 -70.4933 1360.71
248.757 -165.482 811.111
-292.948 -434.447 1125.75
-30.3859 -186.215 1282.26
-25.3585 184.672 1471.8
-27.8888 -69.8186 1361.21
208.437 -105.913 828.212
-291.215 -431.245 1119.9
-29.4556 -190.822 1280.49
-24.5763 184.659 1472.46
-27.1063 -71.3603 1361.35
269.551 -75.8472 806.343
-292.132 -434.32 1126.04
-22.6526 -195.435 1271.43
-24.1122 184.003 1473.37
-12.6172 -76.1914 1343.97
262.069 -32.0135 854.165
-280.792 -435.815 1122.67
-24.6806 -197.326 1274.31
-24.0632 183.425 1474.72
-9.67022 -75.9135 1338.92
253.679 13.8518 875.102
-293.837 -436.263 1123.77
-23.1225 -196.558 1272.17
-23.8113 182.675 1475.93
-8.8024 -74.4795 1334.51
268.07 59.3492 876.956
-136.809 -440.051 1058.94
-21.2237 -197.508 1274.2
-23.7628 182.621 1476.73
-10.636 -71.3881 1337.36
253.372 99.2436 905.484
-283.566 -442.607 1123.1
-20.1783 -200.32 1279.13
-23.0698 182.883 1476.91
-12.1301 -70.5761 1338.65
252.632 137.597 913.789
-287.762 -436.824 1123.07
-19.1695 -198.948 1282.84
-22.3894 182.898 1476.92
-11.9794 -69.4655 1342.28
252.751 159.024 947.216
-283.844 -441.985 1125.02
-19.2331 -197.491 1283.33
-21.8138 183.598 1477.72
-11.8366 -71.5809 1345.04
248.762 191.689 966.581
-290.401 -435.546 1123.54
-25.8993 -200.028 1285.04
-21.134 184.336 1477.79
-12.0282 -71.102 1350.83
243.89 212.718 969.097
-278.931 -430.03 1132.04
-25.4966 -202.971 1293.15
-20.6601 185.508 1477.83
-10.4345 -71.3806 1355.91
233.875 227.897 1000.59
-288.044 -420.713 1124.97
-28.7202 -202.403 1285.14
-20.357 186.188 1478.17
-11.2925 -71.7254 1353.31
227.623 248.769 1020
-270.945 -419.255 1124.81
-29.9202 -202.961 1283.05
-21.1023 187.132 1478.27
-11.4288 -72.5082 1351.51
225.707 263.501 1040.73
-266.966 -421.479 1122.26
-29.3194 -205.899 1280.09
-22.149 188.434 1478.2
-12.1456 -72.4993 1351.79
216.833 277.595 1064.32
-281.142 -420.128 1122.25
-36.0032 -196.502 1312.44
-21.5712 188.021 1477.05
-11.8115 -73.5179 1351.78
209.077 261.321 1119.08
-291.602 -391.382 1091.15
-39.8639 -189.086 1318.84
-19.4949 188.702 1473.48
-12.1394 -72.6056 1351.28
205.546 262.535 1141.02
-289.59 -384.307 1085.18
-45.8586 -186.508 1329.63
-18.8206 187.244 1472.51
-13.7732 -74.2243 1350.53
193.98 253.351 1158.87
-129.894 -381.404 1027.68
-50.343 -177.739 1338.4
-18.8769 187.348 1471.65
-15.1814 -63.3293 1357
188.537 244.55 1169.73
-119.486 -359.433 1019.7
-52.7772 -172.063 1334.5
-17.1159 189.24 1469.09
-14.0561 -64.5264 1355.8
179.771 234.514 1190.95
-269.85 -360.057 1070.7
-53.5625 -168.987 1339.32
-15.1798 189.514 1467.19
-13.4648 -65.5862 1356.03
177.672 210.12 1198.02
-270.2 -363.253 1057.37
-50.5071 -174.008 1338.31
-10.1429 189.545 1460.5
-13.5082 -65.7264 1356.86
182.412 211.705 1186.69
-282.333 -380.918 1056.32
-48.0933 -179.31 1335.76
-11.6602 190.004 1462.6
-13.344 -66.5879 1356.75
186.19 214.978 1170.38
-272.582 -369.734 1078.27
-45.8164 -184.17 1335.02
-11.8129 190.028 1463.11
-13.4428 -66.4827 1357.39
183.731 215.911 1155.62
-276.174 -374.1 1081.46
-43.1282 -189.582 1333.01
-12.3105 190.244 1463.18
-13.7694 -67.4402 1357.45
184.845 224.395 1132.24
-117.156 -375.671 1020.98
-39.7966 -193.024 1330.75
-13.2124 190.624 1463.39
-14.1144 -67.3277 1356.73
184.604 219.574 1106.34
-278.487 -384.609 1084.86
-36.7926 -196.092 1327.13
-13.8883 193.264 1463.34
-13.1694 -65.2966 1356.51
185.527 209.89 1073.62
-127.944 -395.1 1028.44
-31.7548 -199.588 1329.73
-15.0498 193.487 1464.68
-8.93616 -66.3507 1366.75
187.766 192.043 1042.24
-136.67 -397.181 1037.01
-29.032 -200.967 1328.74
-15.9052 193.702 1464.94
-7.34227 -64.8803 1367.9
191.897 172.034 1007.97
-137.573 -404.041 1036.18
-24.9639 -201.517 1306.13
-16.3983 193.942 1465.1
-9.81908 -66.6957 1362.23
192.275 157.546 937.038
-269.974 -426.715 1137.71
-23.4045 -195.549 1295.13
-16.9311 194.646 1465.27
-10.8062 -68.1276 1361.23
192.604 116.371 911.92
-268.816 -427.637 1140.69
-19.2923 -197.656 1297
-17.9297 194.225 1465.02
-11.5938 -70.8931 1361.76
201.983 79.3565 886.4
-286.824 -431.269 1131.31
-21.6115 -203.642 1289.52
-18.8375 193.274 1465.11
-12.3339 -75.6945 1358.15
202.662 41.8919 853.668
-283.141 -435.388 1130.63
-19.2844 -209.688 1269.97
-19.7865 192.286 1464.86
-11.1843 -80.0171 1337.76
215.385 -14.0127 860.254
-148.092 -447.646 1070.9
-23.0185 -205.623 1263.47
-20.1799 190.551 1464.75
-16.955 -73.8428 1323.12
209.941 -68.9586 841.999
-142.819 -442.458 1066.12
-26.4529 -205.246 1263.97
-20.4447 188.82 1464.68
-17.5913 -77.0284 1332.75
203.513 -124.264 836.844
-295.778 -438.887 1119.1
-25.7787 -206.145 1265.74
-20.3478 187.133 1465.08
-17.3672 -80.3865 1332.13
166.563 -153.206 815.984
-267.35 -443.778 1117.86
-24.9094 -203.333 1258.59
-21.8209 184.745 1466.8
-18.5259 -83.1502 1327.99
228.26 -213.463 808.596
-261.19 -445.75 1104.32
-25.444 -205.545 1257.11
-21.5657 183.758 1467.09
-22.3745 -87.5092 1328.92
229.199 -266.213 823.852
-285.044 -447.956 1113.84
-26.8101 -208.129 1260.78
-22.3867 182.244 1468.22
-22.8925 -87.4176 1332.44
215.37 -304.729 846.689
-297.62 -450.919 1111.36
-27.153 -208.903 1260.35
-22.708 181.53 1468.39
-21.8402 -85.8762 1331.33
224.083 -328.569 911.99
-297.078 -449.393 1114.14
-29.5977 -209.146 1261.85
-22.5479 181.239 1468.65
-25.9481 -85.3054 1335.87
223.507 -359.939 951.579
-286.809 -447.457 1121.33
-29.2861 -209.21 1261.77
-22.3879 181.166 1468.99
-25.874 -84.8106 1335.03
225.423 -372.667 995.385
-289.964 -446.68 1119.47
-27.8737 -208.257 1262.67
-22.5996 181.29 1469.75
-24.7083 -83.4241 1332.23
221.442 -383.113 1032.65
-282.818 -449.503 1119.91
-30.0748 -209.821 1262.54
-22.934 180.937 1469.68
-26.236 -83.3815 1331.51
220.794 -392.054 1057.79
-292.753 -445.682 1112.65
-33.4866 -207.597 1264.8
-23.0674 181.339 1469.35
-28.9169 -81.743 1332.52
220.54 -398.17 1080.51
-278.029 -445.003 1111.75
-36.8348 -206.606 1266.67
-23.177 180.912 1468.16
-32.3749 -79.969 1334.17
220.221 -402.967 1101.53
-294.76 -440.639 1104.84
-37.1044 -210.237 1281.75
-22.8148 180.902 1467.03
-35.4617 -73.4046 1342.86
221.688 -406.872 1105.44
-142.127 -444.388 1060.14
-39.3707 -204.818 1282.32
-22.8971 180.64 1465.9
-37.1371 -69.7761 1345.75
211.398 -408.903 1109.06
-289.671 -437.291 1119.07
-39.0536 -202.359 1283.24
-23.0547 180.24 1464.49
-37.5371 -69.7484 1347.94
210.962 -407.98 1114.94
-285.422 -433.961 1121.89
-38.3023 -202.651 1282.66
-23.244 180.074 1462.97
-38.1338 -69.5417 1348.84
206.543 -408.785 1113.35
-289.044 -431.863 1123.63
-36.6454 -202.832 1281.15
-23.722 179.432 1462
-36.6136 -71.8593 1344.7
205.481 -411.636 1115.38
-288.848 -433.532 1118.86
-35.633 -202.875 1283.01
-23.942 178.934 1461.55
-37.7047 -70.9753 1347.5
195.365 -414.845 1108.93
-143.799 -445.523 1073.38
-36.6255 -204.405 1284.37
-23.6301 178.912 1461.01
-38.3059 -70.1925 1349.35
200.746 -415.83 1104.68
-295.912 -437.245 1120.66
-37.145 -205.088 1286.93
-23.1309 179.039 1461.11
-38.5121 -69.3874 1352.73
203.221 -416.923 1101.45
-133.137 -429.818 1073.46
-36.8021 -204.504 1286.73
-22.6843 179.32 1461.21
-37.9095 -69.7105 1353.21
204.886 -414.243 1104.74
-256.608 -434.204 1122.22
-36.1931 -204.522 1285.96
-22.4155 179.626 1460.94
-37.6707 -70.439 1352.46
203.929 -413.456 1099.67
-142.135 -438.947 1077.68
-37.0453 -206.519 1285.06
-22.4086 179.872 1460.25
-37.8576 -72.9854 1350.18
207.672 -409.03 1099.82
-290.429 -433.32 1127.51
-36.4287 -207.596 1283.09
-22.075 180.247 1459.2
-36.7343 -73.6992 1344.17
206.917 -407.291 1100.47
-135.702 -436.735 1074.06
-37.6808 -208.389 1285.52
-22.1041 180.19 1458.37
-36.9564 -73.9784 1347.22
213.694 -397.039 1100.89
-291.518 -433.154 1128.09
-38.4589 -209.233 1286.55
-21.8541 180.271 1457.72
-37.5551 -74.5693 1348.15
209.231 -388.989 1087.19
-291.448 -434.861 1128.3
-35.8127 -218.24 1287.39
-22.0806 180.24 1457.63
-37.052 -75.2597 1347.68
219.017 -382.115 1067.87
-281.442 -444.38 1125.16
-36.1198 -217.15 1288.05
-22.146 179.411 1457.74
-36.5753 -75.8388 1347.97
216.795 -373.868 1047.45
-291.803 -434.08 1123.77
-33.4037 -219.932 1285.87
-21.8956 179.061 1458.44
-35.9046 -76.7119 1348.17
216.046 -369.066 981.976
-283.337 -443.955 1128.2
-30.9779 -221.915 1283.73
-21.7387 178.789 1459.47
-33.758 -78.7364 1346.9
224.269 -343.248 940.805
-140.775 -441.476 1076.36
-30.6319 -220.1 1281.61
-21.6436 178.258 1461.01
-33.8451 -78.6216 1346.99
213.89 -316.646 886.55
-138.355 -440.465 1077.72
-28.9741 -218.504 1279.85
-21.0928 177.026 1462.35
-33.2998 -78.8143 1347.57
221.084 -279.385 882.418
-140.109 -444.733 1077.71
-28.4201 -216.107 1279.27
-20.9379 176.483 1464.49
-32.183 -78.2585 1348.08
230.7 -250.999 838.051
-138.195 -441.984 1076.79
-26.249 -213.281 1278.55
-20.4166 176.233 1467.31
-30.1066 -79.418 1347.78
227.451 -214.12 802.423
-139.63 -446.569 1076.4
-25.8145 -207.835 1276.96
-19.9792 176.271 1469.76
-30.0371 -80.2553 1347.7
237.874 -170.917 796.858
-294.649 -440.112 1129.17
-27.3363 -205.952 1276.71
-20.6889 175.924 1471.19
-30.8638 -80.4054 1348.23
233.913 -131.8 796.34
-287.8 -440.113 1130.09
-29.1527 -208.449 1273.73
-21.0003 173.832 1475.92
-29.6959 -83.6419 1345.09
239.825 -89.18 802.123
-292.59 -435.403 1128.52
-24.9035 -213.741 1264.5
-21.4045 173.518 1475.36
-16.8505 -97.6804 1327.68
249.823 -41.7136 813.168
-299.845 -448.018 1115.13
-22.7997 -216.252 1258.71
-21.9513 173.088 1475.32
-13.6561 -101.474 1317.58
251.133 0.735355 834.887
-301.933 -449.557 1115.48
-22.4889 -212.969 1256.62
-23.1729 172.21 1478.38
-11.1059 -100.997 1315.15
221.819 39.5728 882.881
-306.911 -446.918 1109.13
-22.842 -208.978 1258.88
-24.0346 172.074 1480.33
-12.1436 -97.5289 1320.16
250.395 71.0693 856.289
-280.493 -445.187 1111.84
-24.367 -217.567 1260.39
-24.6482 172.454 1479.91
-19.6146 -104.589 1321.13
239.878 102.589 874.572
-296.304 -442.668 1125.58
-29.0029 -220.441 1264.74
-24.9086 172.355 1479.38
-21.6182 -106.512 1323.12
242.884 122.654 898.317
-150.793 -438.071 1070.16
-30.2173 -209.91 1272.65
-25.1239 172.745 1479.39
-20.4028 -94.462 1338.01
234.273 151.123 894.21
-292.102 -424.59 1137.07
-23.2094 -196.454 1281.73
-25.7562 172.857 1479.49
-17.7834 -88.7323 1341.51
231.345 178.503 921.845
-289.441 -438.554 1134.77
-25.1213 -209.799 1288.6
-26.2259 172.71 1479.91
-15.7153 -86.6578 1342.73
230.926 191.897 948.016
-286.066 -423.039 1125.55
-23.9812 -216.363 1296.18
-27.0592 173.874 1480.14
-14.7191 -84.9968 1341.34
224.712 215.801 963.642
-292.283 -431.645 1121.29
-38.4668 -218.127 1294.34
-27.2471 174.359 1480.88
-15.7468 -84.6802 1341.59
222.885 223.153 976.998
-301.296 -417.541 1132.3
-45.4617 -222.121 1304.41
-27.6266 174.22 1481.72
-20.3535 -85.5176 1354.67
212.319 238.334 987.015
-128.279 -386.916 1088.39
-40.7087 -211.027 1299.48
-28.4179 174.612 1482.12
-3.66172 -69.3406 1340.47
212.995 254.05 1005.37
-137.948 -397.789 1090.55
-40.9011 -203.707 1288.62
-29.3579 175.303 1482.2
-6.16981 -66.967 1334.54
209.02 265.986 1017.76
-289.456 -414.364 1152.76
-41.9621 -204.932 1293.05
-29.3293 175.51 1480.99
-8.70045 -73.8784 1337.76
203.571 270.611 1038.34
-286.627 -410.576 1147.49
-42.6212 -204.898 1302.72
-28.3155 175.943 1480.26
-8.51331 -72.3365 1338.54
196.83 276.385 1047.86
-128.512 -381.388 1109.85
-33.6143 -197.567 1309.78
-28.6781 176.043 1479.95
4.95922 -61.4522 1350.48
199.137 284.731 1065.29
-135.574 -399.084 1106.11
-36.0267 -188.109 1308.88
-29.3691 175.381 1480.01
-2.36271 -65.4946 1363.95
195.558 301.579 1062.76
-269.154 -422.173 1162.1
-21.6944 -208.088 1337.43
-29.3544 175.382 1479.74
-3.76761 -69.3407 1358.7
201.958 293.466 1121.56
-299.892 -419.553 1104.35
-21.7451 -213.648 1334.25
-30.0037 174.654 1479.12
-10.9308 -73.7289 1362.38
196.646 292.821 1126.25
-129.024 -384.382 1062
-22.1369 -213.808 1327.2
-30.1698 174.221 1478.91
-14.7815 -76.5881 1364.1
192.943 287.507 1133.48
-119.271 -378.208 1048.32
-23.3587 -220.187 1329.86
-29.5905 173.789 1477.59
-18.1345 -78.6222 1364.8
185.197 283.002 1129.9
-291.579 -420.48 1094.44
-24.2442 -221.712 1330.39
-28.3505 173.906 1476.4
-20.226 -78.3754 1364.63
182.621 275.385 1119.57
-120.754 -392.782 1043.18
-35.5368 -198.812 1302.27
-27.0838 174.206 1475.08
-21.1722 -79.3308 1365.15
189.148 264.006 1056.02
-293.22 -427.732 1142.24
-40.1186 -204.071 1298.89
-26.3174 174.479 1474.59
-26.6452 -83.2001 1363.54
187.076 241.12 1038.14
-293.107 -420.702 1145.53
-45.6253 -205.269 1294.29
-25.4893 175.051 1474.7
-25.1576 -82.0522 1362.35
184.67 219.797 1026.75
-266.577 -411.331 1135.9
-44.5352 -211.629 1290.77
-25.4326 175.589 1474.88
-27.8734 -85.2461 1362.05
185.88 206.278 1000.17
-145.295 -415.387 1087.83
-38.9536 -212.008 1298.05
-25.7347 175.906 1474.88
-20.8584 -82.7442 1369.59
181.692 196.366 980.709
-293.088 -417.142 1131.88
-32.1657 -205.269 1294.48
-26.1686 176.854 1475.23
-19.8201 -79.0968 1371.48
183.162 188.382 948.964
-274.805 -432.14 1142.46
-29.6605 -204.581 1288.42
-27.0139 178.236 1475.3
-19.3982 -80.5147 1363.79
182.316 157.226 919.665
-142.3 -425.122 1086.77
-29.7725 -199.647 1281.76
-28.3386 178.79 1475.21
-18.7926 -81.2642 1356.38
195.678 125.011 886.172
-115.513 -409.375 1056.28
-28.5485 -196.229 1280.67
-29.3858 178.953 1475.67
-17.445 -79.1857 1353.21
193.404 71.0089 865.605
-292.487 -426.47 1136.39
-24.6425 -200.527 1269.22
-30.2932 178.678 1476.03
-16.3206 -74.1819 1334.33
194.26 17.6685 854.735
-289.311 -427.374 1136.53
-22.8862 -203.561 1254.7
-32.1762 177.693 1478.5
-19.3207 -75.0284 1325.49
194.999 -36.3781 854.778
-284.895 -436.44 1107.96
-24.4221 -203.624 1248.22
-31.6493 176.364 1478.44
-21.6463 -75.8149 1322.12
196.459 -84.0648 848.453
-287.935 -437.983 1104.17
-26.931 -201.175 1271.92
-31.281 175.785 1479.71
-22.827 -71.8225 1342.84
201.292 -148.669 815.761
-304.43 -417.695 1111.82
-28.0521 -201.887 1269.52
-31.1949 176.162 1480.16
-24.9538 -74.1872 1339.13
208.384 -183.993 792.097
-290.068 -425.513 1119.86
-32.7097 -201.432 1267.15
-31.4259 176.514 1480.42
-30.4692 -76.0042 1339.53
160.311 -217.95 835.018
-300.493 -430.978 1116.19
-34.4006 -201.273 1264.37
-31.4821 176.477 1480.77
-32.5218 -77.9129 1339.33
192.931 -259.328 823.565
-298.192 -442.321 1114.36
-31.9089 -198.263 1261.51
-31.3546 176.423 1480.78
-28.907 -74.3359 1337.73
194.779 -298.369 827.545
-299.324 -446.916 1108.98
-31.9491 -195.171 1258.16
-31.7441 176.819 1480.46
-28.2519 -73.1534 1336.77
201.109 -325.217 850.248
-297.189 -453.334 1113.7
-32.6729 -194.874 1257.46
-32.3757 176.521 1479.41
-29.505 -71.9883 1336.01
212.3 -352.341 920.037
-293.943 -462.246 1117.77
-33.6597 -195.038 1259.16
-32.2877 176.659 1478.68
-30.4585 -71.6236 1337.95
210.826 -370.112 956.767
-288.841 -459.45 1116.76
-34.3837 -196.048 1261.43
-31.9912 176.72 1477.73
-31.7467 -73.2083 1343.68
219.088 -384.134 986.377
-287.027 -453.26 1115.43
-35.0033 -196.324 1260.84
-31.8761 176.758 1476.7
-32.3188 -73.2568 1342.9
218.141 -400.774 1009.4
-299.421 -453.57 1114.27
-35.928 -196.535 1262.36
-31.4322 176.661 1475.57
-32.8805 -73.7929 1343.93
214.165 -407.445 1039.35
-296.452 -445.758 1110.08
-37.7337 -196.153 1264.32
-30.8929 177.284 1474.49
-35.8101 -72.4961 1346
210.983 -408.501 1071.59
-296.657 -444.823 1115.36
-37.8323 -195.725 1266.31
-30.2423 177.472 1473.52
-35.507 -71.1114 1347.43
211.521 -410.008 1085.24
-296.398 -441.24 1115.81
-37.5384 -196.846 1267.42
-29.5053 177.788 1472.47
-34.8867 -71.68 1347.28
212.392 -413.672 1093.33
-284.981 -443.299 1117.31
-37.2278 -197.441 1268.15
-29.0825 177.92 1470.97
-34.7858 -71.4098 1347.39
206.406 -407.878 1110.07
-296.935 -439.209 1112.33
-37.7875 -196.252 1266.61
-28.2547 177.702 1469.39
-34.9542 -66.9432 1335.44
204.55 -411.319 1114.5
-269.422 -431.473 1112.67
-37.6647 -197.939 1271.16
-27.5515 177.905 1467.82
-33.8539 -67.3366 1330.02
203.756 -413.269 1115.22
-281.453 -436.309 1116.05
-36.7973 -196.133 1267.07
-27.1244 178.578 1466.26
-33.7506 -65.408 1328.97
201.799 -416.38 1120.39
-291.736 -429.407 1110.86
-36.5221 -195.879 1267.55
-26.6236 178.819 1464.81
-34.0866 -65.1371 1333.77
222.609 -413.752 1133.85
-280.81 -434.511 1111.22
-35.8929 -195.362 1266.09
-26.4967 178.925 1464.15
-33.1709 -63.3353 1330.57
203.238 -416.459 1120.35
-285.143 -432.482 1109.63
-36.284 -197.005 1270.21
-26.1639 179.414 1464.17
-33.6811 -65.3521 1334.91
202.715 -410.217 1123.31
-293.241 -432.451 1105.84
-37.2455 -197.668 1272.77
-26.0204 179.675 1463.56
-34.6673 -65.9091 1337.26
203.901 -409.75 1118.68
-293.326 -428.333 1107.43
-39.111 -197.441 1275.74
-25.7242 180.156 1463.36
-36.5834 -66.5573 1341.38
207.468 -409.631 1115.12
-224.902 -429.994 1099.94
-39.5587 -196.62 1276.11
-25.417 180.543 1462.7
-36.5491 -67.8064 1344.11
208.368 -407.683 1109.88
-291.307 -431.354 1110.41
-39.5622 -196.978 1275.87
-25.1679 180.109 1461.95
-36.4448 -68.9567 1345.48
208.051 -405.855 1103.1
-292.14 -431.477 1111.22
-38.9416 -197.888 1275.07
-24.884 179.97 1461.26
-35.8032 -69.4379 1343.63
208.617 -398.665 1096.61
-292.523 -434.971 1109.31
-39.0077 -199.718 1275.14
-24.6284 180.039 1461.21
-35.9516 -72.4369 1344.85
209.957 -391.046 1074.96
-285.638 -433.91 1114.49
-38.889 -200.72 1274.25
-24.4384 180.196 1461.33
-35.2061 -72.8491 1343.1
214.577 -381.767 1049.42
-296.989 -433.014 1109.3
-37.4892 -205.818 1264.82
-24.4652 180.116 1461.2
-34.3217 -76.9793 1329.36
217.412 -359.5 1023.41
-294.484 -444.083 1106.94
-37.1053 -206.629 1267.22
-24.4432 179.888 1461.43
-33.4995 -78.4359 1331.94
216.513 -344.549 984.296
-286.454 -443.171 1113.28
-36.5103 -206.476 1269.54
-24.3681 179.67 1462.2
-32.6219 -77.3508 1336.12
211.862 -321.355 938.48
-293.393 -443.96 1112.56
-36.0067 -206.229 1270.96
-23.9693 179.069 1463.47
-31.8744 -76.8371 1338.42
201.261 -296.362 915.248
-297.739 -441.444 1113.41
-34.991 -207.573 1269.16
-24.0542 178.404 1464.06
-30.4977 -78.1779 1336.77
196.681 -277.049 846.842
-149.392 -451.619 1071.35
-33.7513 -210.128 1268.86
-24.148 177.744 1464.39
-30.6406 -79.1275 1338.27
195.15 -242.942 813.585
-292.488 -447.698 1116.2
-32.5926 -209.923 1266.77
-24.1477 176.833 1465.52
-30.6198 -79.5824 1339.63
205.252 -197.749 803.792
-144.657 -454.437 1072.12
-30.7936 -211.027 1263.59
-23.9501 175.377 1466.78
-28.4882 -81.1555 1337.32
134.388 -137.71 829.692
-155.688 -462.705 1078.87
-29.8345 -204.424 1255.9
-23.8328 174.69 1467.58
-28.9834 -80.2394 1337.38
156.171 -94.5946 846.879
-298.723 -447.21 1106.33
-31.4968 -206.034 1261.04
-23.6388 174.8 1468.69
-29.7835 -79.604 1337.47
147.655 -55.8591 843.671
-298.759 -440.782 1114.74
-30.8034 -206.534 1263.82
-23.8125 174.908 1469.56
-27.3708 -78.9562 1338.73
149.68 -22.6752 851.196
-298.691 -440.723 1117.68
-28.5064 -206.272 1262.62
-23.8076 174.762 1469.85
-23.3873 -78.9736 1336.29
193.177 -1.89956 883.427
-297.633 -435.923 1120.73];