174.973 201.385 1505.91
154.109 -57.6025 1398.97
380.242 -446.825 1173.54
-110.02 -464.363 1151.3
176.337 201.11 1505.75
156.263 -56.1791 1401.01
381.351 -444.384 1174.1
-91.6205 -465.772 1172.65
177.763 200.699 1507.76
159.65 -56.8556 1406.13
381.036 -446.919 1167.88
-117.353 -457.411 1151.42
177.678 200.653 1509.07
161.179 -58.6139 1407.72
381.09 -446.693 1168.39
-122.316 -447.468 1148.6
177.704 199.709 1510.5
161.561 -63.8498 1402.46
378.346 -440.634 1171.77
-134.683 -448.568 1140.54
177.295 198.563 1512.28
154.942 -69.4943 1397.86
376.819 -448.579 1167.65
-28.5258 -509.74 1234.25
176.318 197.944 1513.41
146.707 -76.4325 1396.12
375.133 -453.002 1161.97
-161.522 -429.388 1122.57
174.868 197.702 1514.82
145.855 -75.2158 1397
372.749 -450.201 1166.02
-139.517 -457.809 1194.39
173.739 197.227 1516.49
148.104 -70.1395 1399.34
369.583 -445.262 1168.08
-145.462 -432.254 1191.85
170.97 195.421 1522.7
145.858 -69.8329 1398.23
365.825 -443.631 1169.22
-209.593 -404.653 1097.65
167.429 194.655 1526.49
144.185 -69.2753 1398.51
362.648 -444.369 1167.64
-274.397 -448.058 1055.5
163.054 193.86 1530.72
138.28 -67.5166 1398.05
354.598 -449.512 1172.67
-303.388 -370.011 982.976
161.282 193.894 1531.19
133.381 -66.3343 1397.29
350.757 -442.217 1172.86
-317.097 -377.729 1022.47
157.931 193.688 1533.02
125.541 -67.4847 1394.46
354.507 -447.489 1167.8
-347.225 -331.908 1009.85
154.513 193.695 1534.8
127.432 -66.2303 1395.76
345.142 -443.725 1163.22
-376.456 -283.052 1003.04
151.78 194.441 1534.56
125.887 -67.6364 1396.76
349.441 -434.868 1155.36
-410.853 -217.81 998.078
150.634 193.936 1534.84
121.07 -70.1009 1396.58
346.451 -435.374 1155.58
-429.479 -154.706 996.148
146.423 192.407 1537.69
116.998 -73.6572 1397.91
344.985 -439.265 1150.4
-439.201 -81.2169 995.293
143.323 190.88 1539.44
115.776 -73.2559 1398.8
344.742 -437.864 1152.04
-441.701 -23.1679 993.258
139.878 189.759 1539.96
113.316 -73.9193 1399.23
342.783 -440.506 1156.97
-447.059 28.4177 983.691
138.437 189.433 1540.6
109.372 -74.2063 1398.89
343.953 -439.697 1154.94
-435.009 67.1225 980.099
136.384 188.54 1540.67
105.733 -72.5663 1397.94
344.23 -427.424 1167.48
-423.892 94.8433 961.857
134.789 188.192 1541.78
102.194 -68.7986 1396.54
307.619 -403.309 1217.8
-400.486 123.538 944.83
133.874 188.456 1543.56
102.055 -61.2277 1394.75
338.929 -466.363 1123.35
-366.973 142.666 933.285
133.668 188.726 1544.97
103.673 -56.9254 1393.16
338.656 -455.857 1130.65
-318.877 165.139 921.727
133.753 189.314 1545.85
105.367 -50.5439 1392.17
347.218 -376.189 1219.38
-273.473 175.953 915.085
134.403 190.071 1545.87
106.145 -48.772 1391.43
345.721 -388.784 1192.65
-240.601 189.042 897.536
134.448 190.147 1547.13
102.412 -58.543 1387.18
338.628 -368.452 1227.04
-193.542 209.626 902.783
135.08 190.486 1546.78
104.443 -53.4645 1387.65
317.893 -384.643 1215.85
-148.789 211.681 900.211
135.468 191.056 1545.29
116.952 -44.8581 1381.32
344.901 -415.661 1162.47
-109.879 221.36 902.168
135.529 191.022 1543.72
120.07 -39.2737 1379.38
347.761 -405.874 1162.08
-65.0933 220.962 911.723
136.11 191.361 1542.34
121.986 -23.4181 1380.16
344.667 -344.548 1229.33
-63.9405 210.606 866.977
153.552 206.97 1555.47
117.655 5.30241 1368.19
328.88 -354.535 1232.78
2.25274 160.477 898.145
147.177 233.051 1544.01
126.893 17.5696 1364.49
350.651 -389.111 1181.73
26.9383 224.198 874.288
152.138 232.97 1546.98
126.491 15.859 1357.28
346.594 -326.296 1260.44
57.4443 205.305 862.35
144.557 253.898 1509.86
124.186 14.16 1353.37
344.196 -324.633 1254.28
86.9656 219.147 880.168
146.343 276.55 1466.89
124.499 13.4825 1353.02
339.775 -333.039 1250.73
116.672 222.324 890.47
146.105 277.765 1461.1
139.216 -6.41643 1365.46
339.622 -329.842 1260.13
148.44 238.652 888.233
144.613 276.989 1450.25
143.161 -22.4642 1377.99
348.474 -338.485 1250.82
169.207 265.426 921.259
143.149 275.324 1440.93
144.515 -29.0547 1379.31
356.528 -407.589 1179.46
185.62 271.699 942.087
142.309 274.139 1433.93
146.515 -32.8575 1375.05
357.271 -407.229 1177.88
193.897 270.603 955.332
142.337 271.114 1426.87
147.95 -35.3623 1372.08
358.55 -406.019 1171.33
163.531 194.18 969.016
141.992 267.873 1420.36
149.384 -33.2622 1375.02
360.95 -406.94 1164.46
164.162 195.762 973.021
141.592 265.817 1414.6
148.761 -31.1023 1377.64
363.25 -405.839 1154.55
163.576 199.029 978.072
140.785 264.993 1410.27
146.889 -29.1945 1379.91
364.289 -401.121 1156.17
175.468 223.184 948.85
137.989 258.703 1391.59
144.769 -29.7675 1380.18
363.832 -406.201 1154.57
176.42 217.33 960.158
137.735 262.492 1405.93
142.211 -29.3291 1382.82
363.82 -404.532 1155.26
125.417 243.752 969.136
128.476 279.861 1375.02
134.521 -31.2956 1389.02
361.76 -403.451 1161.01
101.168 182.959 984.483
116.491 299.089 1347.51
134.121 -31.0147 1390.88
363.142 -404.274 1159.47
68.3603 246.369 943.905
117.031 298.826 1346.96
124.575 -41.0568 1394.08
359.901 -409.618 1160.32
49.7803 258.794 926.198
116.634 298.12 1346.93
120.288 -35.9084 1387.7
356.931 -411.505 1162.17
18.7522 262.112 913.706
99.6286 241.285 1334.8
115.62 -43.1487 1392.74
355.305 -414.182 1166.39
-13.2582 260.894 906.193
101.484 241.87 1334.66
114.567 -46.5291 1394.91
353.765 -416.205 1169.7
-45.2476 261.341 895.588
101.962 241.894 1326.24
113.745 -49.0652 1394.86
352.344 -418.379 1170.8
-83.253 260.5 898.903
123.043 201.843 1508.16
112.192 -47.14 1402.19
349.105 -423.076 1164.4
-117.939 264.216 901.86
124.259 198.586 1511.84
106.594 -50.5 1396.57
341.607 -425.959 1164.36
-154.149 254.318 904.641
124.401 198.927 1516.55
108.226 -50.5209 1395.48
341.477 -424.34 1159.8
-192.653 257.423 912.986
124.146 200.021 1518.68
108.659 -48.9896 1396.02
337.229 -424.668 1162.05
-226.875 249.295 917.422
124.214 201.401 1521.39
109.063 -48.9866 1396.37
332.365 -429.595 1168.47
-260.518 243.388 921.086
123.614 201.575 1522.32
109.475 -50.1333 1395.56
329.121 -432.11 1163.29
-292.76 223.154 930.236
123.07 200.85 1523.53
105.656 -49.9363 1395.8
326.814 -422.912 1157.94
-323.646 214.87 961.072
122.031 200.038 1523.52
102.852 -50.7095 1396.7
333.087 -397.436 1211.46
-346.841 207.816 954.031
120.386 198.929 1524.45
100.874 -50.9781 1397.68
320.988 -415.209 1183.3
-374.782 179.471 953.832
118.833 198.218 1525.89
83.1165 -57.3759 1401.39
316.219 -420.747 1177.97
-396.883 189.967 963.495
117.088 197.047 1526.76
60.0355 -56.1686 1406.29
309.925 -409.438 1192.67
-419.152 184.386 975.816
115.2 196.309 1526.88
60.2006 -57.4324 1405.29
306.506 -415.924 1181.67
-424.04 155.543 980.342
112.772 196.178 1525.8
60.7874 -58.0226 1405.56
303.15 -410.207 1185.83
-458.595 188.363 1004.91
110.564 195.809 1525.47
53.6092 -57.302 1411.23
301.497 -409.631 1184.49
-476.735 188.071 1024.32
108.377 195.203 1526.03
46.8231 -56.6327 1422.88
293.809 -410.267 1179.2
-494.889 198.316 1040.56
104.088 193.392 1527.82
44.5414 -57.614 1422.06
288.787 -410.259 1193.72
-527.18 199.594 1060.35
100.173 191.764 1527.64
42.5638 -59.0074 1421.91
288.299 -410.189 1180.46
-553.022 201.434 1091.43
97.4622 190.807 1527.7
40.1461 -60.0545 1422.59
287.082 -413.206 1183.36
-574.542 193.738 1103.69
94.5183 189.702 1528.93
38.2548 -61.3016 1421.78
284.162 -417.01 1185.15
-587.353 184.36 1105.31
92.0641 189.733 1529.27
34.8324 -62.5963 1422.83
282.36 -415.889 1190.88
-592.47 165.252 1106.9
88.7829 188.9 1528.42
32.1663 -62.7188 1421.91
281.736 -422.107 1191.81
-594.015 153.494 1107.44
86.5724 187.595 1528.16
28.8215 -63.2037 1420.33
281.309 -416.946 1201.45
-594.38 141.541 1103.25
83.9669 186.983 1528.7
29.0838 -65.1466 1418.41
287.811 -412.078 1208.93
-594.168 129.554 1098.11
83.7824 186.493 1529.55
37.6256 -75.5007 1407.44
283.156 -433.773 1186.7
-589.084 130.91 1101.35
83.2858 186.251 1530.16
36.4398 -73.9008 1410.5
282.026 -431.027 1207.48
-575.735 117.826 1070.22
81.59 185.742 1529.76
35.0302 -72.0588 1414.5
288.246 -431.617 1210.84
-565.821 117.784 1061.87
79.0945 185.391 1530.65
34.3659 -69.6746 1416.94
280.501 -435.732 1194.37
-556.032 119.445 1051.19
77.63 184.847 1531.54
36.8109 -70.6733 1413.73
286.642 -437.966 1197.33
-546.714 126.234 1035.12
78.2625 185.418 1532.05
28.1994 -60.8483 1403.85
281.03 -437.447 1200.25
-536.497 133.831 1011.76
78.7928 186.256 1531.82
31.0811 -60.7873 1398.65
283.76 -434.324 1198.3
-522.017 139.306 1001.81
78.555 186.485 1532.8
33.4797 -58.368 1398.4
284.734 -426.658 1209.66
-512.673 146.141 989.09
78.2117 186.967 1533.87
36.9426 -58.6232 1396.87
289.562 -431.986 1195.44
-496.212 154.291 972.55
78.301 187.818 1534.32
33.1864 -43.2476 1396.88
301.741 -426.319 1195.69
-477.939 166.302 969.848
78.3571 188.586 1534.96
40.5605 -33.2749 1385.12
297.048 -422.573 1202.4
-462.422 180.2 957.546
79.1192 189.331 1535.99
47.1019 -34.5183 1377.93
307.246 -419.32 1194.54
-437.504 185.792 954.274
79.4838 189.794 1535.55
52.0698 -33.0036 1368.85
312.948 -421.45 1180.1
-415.671 188.833 943.431
80.3183 189.253 1535.34
59.0726 -27.8167 1364.98
313.776 -432.568 1156.07
-389.06 197.428 938.121
85.3845 190.527 1531.61
75.8669 -14.5498 1359.38
321.488 -418.498 1164.04
-360.938 195.904 934.201
87.4031 191.424 1531.01
78.4978 -11.3874 1358.89
321.14 -415.343 1167.63
-312.294 195.765 943.073
90.3644 191.862 1530.34
72.7417 -30.4722 1376.05
317.759 -421.361 1181.03
-286.7 217.498 916.755
93.9042 192.69 1527.35
67.7522 -39.0454 1382.74
317.437 -413.971 1205.09
-257.368 229.103 901.123
96.2582 194.252 1524.65
75.2723 -46.6038 1393.82
329.216 -411.866 1216
-226.105 241.991 890.997
99.9808 195.452 1519.67
76.2491 -48.1562 1393.13
322.54 -433.048 1185.56
-194.812 253.006 892.147
104.499 197.067 1514.82
77.6505 -47.9173 1391.16
322.209 -426.119 1188.09
-164.122 253.318 881.378
108.334 197.156 1510.87
95.2905 -44.6145 1383.67
325.087 -418.329 1187.2
-136.325 252.218 877.931
110.779 197.57 1508.86
104.684 -45.844 1384.56
327.33 -405.572 1205.81
-106.634 254.322 877.593
131.274 200.898 1521.54
112.385 -43.59 1387.05
331.892 -401.662 1213.32
-74.1994 258.552 880.108
135.483 203.542 1519.38
118.138 -46.0613 1387.89
337.766 -392.744 1219.34
-41.2121 265.78 890.405
143.163 204.672 1520.93
121.384 -47.8457 1388.38
338.179 -403.861 1206.68
-11.6028 274.57 897.542
150.315 204.961 1519.09
126.119 -48.3766 1386.7
319.824 -383.202 1235.89
19.6225 288.03 908.224
167.796 210.014 1507.4
126.845 -48.5718 1385.06
350.234 -386.218 1210.75
51.1409 278.326 918.084
179.811 219.459 1496.17
129.773 -47.5679 1385.95
345.86 -393.672 1200.44
77.9497 278.169 930.614
165.844 225.761 1469.68
131.939 -45.6626 1386.22
351.117 -411.449 1188.01
93.2164 275.464 924.477
114.515 265.282 1353.95
133.715 -45.8748 1383.17
358.059 -401.952 1202.69
112.861 272.419 926.639
115.644 270.853 1353.12
135.259 -33.6841 1380.72
345.273 -419.91 1186.36
127.091 282.401 933.091
116.748 271.987 1348.12
135.313 -38.0448 1380.5
365.698 -376.264 1226.47
134.569 269.779 924.428
121.299 277.081 1333.74
135.024 -40.7793 1381.39
357.162 -408.531 1189.77
138.148 265.121 919.146
125.247 280.626 1320.67
136.662 -42.2709 1381.52
351.128 -416.396 1182.97
128.621 259.641 911.708
129.652 285.314 1313.98
137.399 -40.7877 1382.81
353.948 -415.612 1176.11
109.12 251.457 901.93
148.876 289.167 1321.3
137.021 -30.6919 1378.33
359.371 -403.447 1170
89.8473 241.22 896.203
153.493 288.812 1328.72
136.265 -32.8735 1379.98
368.043 -374.938 1198.56
67.304 253.136 888.624
143.469 282.218 1293.74
135.654 -32.5159 1383.78
381.709 -303.766 1262.79
45.551 257.31 881.091
140.491 281.126 1290.6
135.541 -32.3685 1383.56
370.379 -388.57 1170.52
17.8799 247.876 875.487
136.029 278.311 1287.94
133.216 -33.7182 1378.76
367.602 -397.428 1164.24
-5.94662 258.755 867.14
155.603 213.132 1467.67
132.444 -41.9842 1373.64
369.159 -389.736 1167.75
-40.5704 261.575 873.685
159.041 207.19 1473.65
133.162 -42.2967 1373.29
366.686 -387.546 1170.03
-74.0097 264.978 877.92
161.456 207.896 1475.52
138.305 -42.5033 1372.54
377.14 -332.581 1219.84
-107.522 246.97 881.596
161.236 212.263 1476.47
140.607 -43.8528 1369.14
373.833 -381.672 1162.43
-143.875 260.036 890.644
162.269 213.764 1479.33
139.295 -40.8117 1370.49
368.13 -378.682 1168.15
-172.46 260.15 901.474
163.385 214.596 1480.78
139.763 -41.1227 1365.34
374.438 -382.498 1154.49
-199.893 260.386 910.094
163.041 214.362 1482.07
139.799 -40.1771 1363.29
352.767 -358.895 1199.55
-224.322 254.483 913.873
162.606 213.968 1481.93
137.815 -41.332 1363.66
371.999 -380.411 1162.03
-248.637 253.633 914.15
162.292 213.087 1482.12
136.833 -40.9742 1358.25
377.464 -320.1 1215.16
-252.271 175.671 910.555
162.017 212.016 1483.23
137.913 -40.6021 1359.14
367.053 -372.539 1159.67
-295.805 232.504 946.32
161.314 211.517 1483.43
123.417 -38.4207 1361
364.522 -368.6 1159.82
-317.704 216.415 947.801
160.541 211.073 1483.21
127.289 -38.5867 1362.1
361.838 -378.522 1143.82
-332.663 215.36 943.696
159.301 210.638 1483.2
124.008 -37.8973 1365.24
365.271 -327.205 1192.72
-340.971 216.231 936.951
157.827 209.403 1482.94
121.649 -37.7981 1366.55
349.241 -338.555 1185.06
-357.644 217.623 941.723
156.583 209.248 1482.37
111.685 -27.8291 1364.01
350.086 -389.186 1154.74
-375.105 210.159 947.244
155.45 209.61 1481.89
114.548 -32.596 1365.47
351.588 -375.212 1169.27
-391.994 204.737 953.863
153.993 209.887 1480.81
113.312 -35.5984 1366.18
344.602 -390.696 1152.5
-419.541 208.707 961.989
152.282 210.248 1479.89
112.249 -36.7787 1365.96
361.456 -320.408 1231.09
-432.748 211.809 976.146
150.605 210.507 1479.04
111.05 -38.8352 1365.07
353.853 -376.732 1187.43
-444.243 196.918 987.322
149.166 210.675 1478.37
108.458 -40.743 1363.35
336.965 -396.76 1167.3
-471.522 213.095 1006.6
146.952 210.801 1477.39
93.4495 -39.9577 1358.77
344.305 -353.341 1215.52
-451.376 164.982 1004.25
142.227 211.468 1475.73
97.5934 -41.7373 1361.24
331.052 -402.658 1182.41
-514.606 202.362 1036.32
138.023 212.586 1474.48
99.2408 -42.8459 1362
329.053 -396.648 1184.94
-536.227 190.372 1050.2
136.066 213.353 1474.74
94.7571 -43.1272 1360.79
323.721 -415.268 1176.21
-547.313 182.536 1055.3
132.358 215.039 1473.72
80.5415 -40.7084 1373.32
324.678 -405.35 1176.56
-566.825 146.746 1063.29
129.954 215.864 1472.17
76.0261 -41.25 1373.83
323.532 -400.32 1205.6
-572.009 146.429 1055.76
126.81 216.015 1469.75
77.9943 -40.8731 1371.25
317.958 -418.367 1184.54
-568.16 134.326 1050.88
124.172 215.603 1468.9
78.9981 -40.3912 1370.48
316.632 -422.204 1173.84
-563.134 128.249 1043.72
121.894 215.249 1468.23
80.8689 -40.6431 1369.7
315.899 -403.508 1196.54
-552.265 131.757 1034.16
120.365 215.302 1468.32
71.2424 -42.0619 1367.19
310.81 -407.211 1180.44
-544.196 128.455 1015.66
119.068 215.816 1469.08
71.0282 -40.3387 1367.35
311.892 -405.196 1181.51
-533.12 136.13 1003.76
117.928 216.363 1468.82
70.6363 -39.41 1366.44
312.1 -400.923 1189.09
-518.982 140.171 989.05
118.636 216.107 1469.63
68.9618 -38.1768 1360.6
313.577 -396.641 1189.6
-505.381 155.966 982.123
118.298 216.332 1469.94
70.8662 -31.7646 1354.02
314.58 -394.172 1189.82
-500.585 161.28 963.834
117.273 216.868 1470.1
70.8435 -20.9012 1353.47
316.569 -390.796 1196.84
-483.348 182.956 958.776
116.365 217.049 1469.82
74.0408 -21.5888 1349.22
314.663 -403.932 1181.9
-455.752 178.67 942.756
115.67 216.877 1469.6
75.9243 -22.1019 1345.28
315.048 -402.275 1188.01
-433.331 187.585 935.77
114.81 217.241 1469.22
78.0017 -21.881 1343.82
319.35 -410.406 1168.98
-413.014 203.232 932.749
114.06 217.769 1468.78
85.8369 -13.5186 1353.37
319.16 -413.89 1172.11
-385.438 218.851 922.303
114.31 218.162 1469.03
84.0101 -14.3664 1355.33
318.368 -406.968 1179.23
-354.813 224.19 913.216
114.413 218.588 1469.02
83.1663 -16.4258 1354.84
308.304 -417.446 1176.83
-328.265 242.303 903.681
115.452 218.522 1469.31
77.9353 -18.0424 1351.58
316.105 -429.16 1176.6
-296.177 261.017 900.706
116.405 218.636 1469.48
77.9463 -24.2382 1350.91
315.12 -426.698 1178.61
-273.604 277.089 895.051
116.705 217.981 1469.22
84.6757 -33.7408 1361.13
323.674 -412.29 1187.54
-244.126 281.227 896.067
117.155 217.223 1468.79
92.0058 -37.4577 1364.06
318.142 -461.003 1125.71
-210.483 289.678 908.364
117.379 217.171 1468.87
97.7542 -44.4239 1368.06
326.579 -437.095 1158.03
-186.991 293.632 897.809
118.369 216.158 1468.76
108.597 -50.5193 1373.3
343.934 -394.676 1211.26
-150.761 302.516 896.086
119.144 215.294 1468.33
112.991 -39.9081 1373.06
346.438 -390.752 1207.52
-119.568 299.102 897.242
120.912 215.338 1468.12
115.74 -34.0916 1378.49
333.05 -449.895 1139.23
-91.9407 292.43 898.501
123.09 215.034 1468.41
117.976 -31.1691 1380
342.591 -415.546 1163.49
-68.6127 291.919 899.029
128.262 213.637 1470.45
119.95 -28.3007 1378.09
357.462 -373.701 1204.95
-44.7388 290.614 906.226
134.025 214.301 1473.49
132.325 -16.2723 1358.15
359.938 -369.295 1190.85
-27.2035 271.571 907.245
134.676 214.71 1474.62
134.38 -5.10004 1355.16
367.498 -360.703 1197.01
-8.59689 262.244 910.138
140.597 214.197 1476.56
135.435 -2.46322 1353.76
383.455 -299.542 1262.06
7.01445 262.324 912.383
144.836 212.853 1476.53
134.945 1.62821 1350.68
360.531 -405.744 1143.09
22.3196 257.496 917.086
152.594 221.908 1454.69
136.246 -2.07684 1353.79
382.301 -352.033 1203.79
43.0785 266.12 922.249
157.218 233.288 1441.68
138.586 -12.0425 1363.23
369.989 -393.289 1160.85
68.368 277.695 927.978
161.23 234.316 1434.13
141.526 -17.5446 1367.99
358.607 -447.579 1112.98
91.9665 280.875 929.01
134.365 314.622 1375.61
128.954 47.7694 1359.35
377.865 -428.75 1194.99
114.894 331.145 931.029
134.432 319.99 1333.19
129.397 43.6273 1360.24
218.998 195.855 1457.29
122.034 327.96 927.582
134.251 321.533 1327.84
130.616 10.9494 1363.76
282.319 -30.044 1427.96
133.181 302.061 924.835
134.493 322.433 1322.46
135.193 -7.18145 1369.28
191.927 209.7 1206.09
133.641 299.472 918.442
134.89 321.929 1318.66
146.4 -19.225 1365.59
192.961 239.358 1182.07
120.349 281.404 913.948
150.702 309.079 1329.62
149.798 -28.1554 1371.47
217.263 173.516 1176.47
103.43 274.818 917.361
155.082 294.038 1347.9
149.593 -32.0099 1371.99
389.868 -281.321 1289.94
80.566 268.512 904.406
150.036 295.275 1341.24
145.446 -22.8533 1370.97
389.77 -344.258 1235.79
61.9104 273.443 900.65
141.917 292.224 1344.73
138.633 -14.0227 1365.79
380.95 -377.36 1204.79
41.8353 280.684 892.381
129.362 280.363 1346.94
136.434 -16.2158 1361.49
380.449 -366.255 1212.94
18.8008 276.934 887.234
138.9 223.038 1430.3
134.904 -18.0432 1357.77
383.735 -360.609 1215.74
-6.36702 280.506 888.556
142.794 218.187 1435.91
133.197 -22.0948 1355.43
378.425 -391.744 1184.49
-31.8627 281.335 889.576
150.718 215.955 1451.61
129.142 -20.4076 1355.36
368.021 -362.056 1211.24
-65.0434 282.543 903.978
150.305 214.938 1451.38
127.619 -29.3262 1361.26
371.08 -418.126 1151.95
-92.2789 275.097 902.815
150.463 212.137 1455.51
128.508 -40.6818 1362.98
372.738 -375.98 1188.31
-123.785 259.018 904.521
150.38 210.146 1457.73
131.037 -45.2663 1362.17
379.141 -370.471 1194.32
-155.521 250.584 908.194
150.488 208.34 1461.35
126.63 -42.7148 1361.92
370.419 -391.285 1169.21
-188.25 250.854 916.326
149.774 208.482 1463.89
121.583 -40.3031 1365.45
362.44 -394.79 1162.64
-217.945 248.467 923.742
148.61 207.109 1467.76
122.404 -40.237 1364.56
357.833 -411.847 1158.89
-248.299 244.464 926.866
146.629 207.131 1467.9
119.755 -47.0119 1369
355.556 -416.153 1171.53
-269.734 232.612 924.153
144.544 207.636 1468.3
118.066 -49.2386 1372.38
357.48 -406.862 1181.91
-303.467 240.71 945.269
140.825 207.375 1470.82
101.623 -56.3558 1380.2
340.418 -452.701 1129.44
-328.372 222.366 956.12
139.891 206.664 1470.12
95.1665 -59.7469 1379.99
338.431 -409.183 1172.56
-325.663 148.247 919.8
137.021 204.928 1472.12
96.5766 -60.1518 1378.27
338.236 -414.225 1179.83
-371.542 203.685 958.462
134.464 203.411 1473.03
88.0411 -50.3915 1366.08
335.93 -423.342 1174.5
-388.326 202 964.038
132.047 202.313 1473.91
87.5231 -50.9659 1365.14
333.886 -420.361 1175.4
-389.818 145.957 933.215
126.993 200.809 1475.64
84.0337 -51.3357 1365.18
332.466 -415.1 1179.55
-429.839 188.374 982.484
126.666 200.952 1475.93
74.6956 -57.3813 1383.32
326.948 -411.474 1168.41
-460.721 190.216 1011.29
122.264 200.826 1475.26
75.1166 -56.8427 1378.57
324.625 -408.543 1175.35
-477.572 183.522 1014.09
122.907 201.251 1474.64
68.5156 -61.2852 1384.12
321.411 -403.111 1176.97
-496.918 170.889 1020.9
119.812 201.331 1474.39
68.3816 -61.1912 1385.46
315.153 -401.787 1183.43
-514.289 158.758 1023.44
118.418 200.111 1475.09
65.0429 -60.786 1388.26
315.578 -390.526 1190.53
-533.437 146.116 1029.59
116.196 199.956 1475.72
52.0504 -54.3062 1386.24
318.705 -394.528 1191.62
-541.88 130.717 1028.65
113.749 199.105 1476.93
52.5648 -54.2202 1381.27
318.058 -390.305 1190.35
-547.338 110.662 1031.68
111.977 198.387 1477.58
54.757 -54.1064 1381.38
316.135 -390.542 1189.34
-550.469 98.6018 1027.4
111.292 198.594 1477.86
56.1093 -55.2219 1379.86
308.601 -406.246 1173.83
-548.697 92.0533 1025.84
109.707 198.397 1478.83
55.3792 -60.3526 1372.25
310.946 -403.756 1174.54
-546.59 85.6901 1023.16
108.817 197.281 1478.99
53.9777 -62.8373 1367.76
309.402 -397.678 1176.78
-541.652 75.5307 1014
108.515 195.921 1479.24
52.5557 -60.7911 1367.87
311.581 -399.898 1176.07
-534.969 81.8738 1013.75
108.788 195.545 1479.35
60.564 -54.7556 1376.39
311.936 -416.269 1170.09
-531.261 100.723 1015.63
109.051 195.044 1479.97
59.4251 -56.1499 1373.6
313.3 -413.874 1171.83
-523.612 100.931 1000.61
108.81 194.879 1481.02
58.7575 -58.1675 1370.79
312.051 -410.403 1172.41
-514.088 106.523 992.316
108.944 194.12 1481.51
64.1474 -56.7361 1363.43
315.558 -408.32 1173.61
-504.042 114.337 982.469
109.175 194.238 1481.83
65.3082 -55.5765 1361.7
308.046 -409.591 1185.34
-486.525 125.806 968.007
109.367 194.265 1482.34
71.2722 -54.6567 1362.2
322.507 -404.608 1192.19
-477.942 134.548 954.606
109.454 194.92 1482.04
84.3356 -54.8982 1366
322.754 -399.682 1191.25
-469.583 139.989 942.678
109.731 195.338 1482.45
89.3551 -50.1616 1367.61
342.823 -309.21 1263.07
-441.938 154.355 943.657
110.065 195.794 1483.17
89.3166 -48.2994 1365.7
326.662 -393.229 1194.5
-432.371 160.568 926.327
110.475 196.31 1483.77
92.1891 -47.0328 1365.92
324.929 -346.354 1228.25
-411.325 166.802 920.923
111.496 196.939 1484.3
94.6625 -36.9044 1354.13
339.175 -394.22 1199.87
-391.77 184.211 909.295
111.984 198.526 1483.77
97.3619 -37.3099 1356.66
341.018 -387.851 1196.51
-368.588 193.518 907.628
113.113 199.825 1483.1
98.7654 -38.217 1356.39
336.706 -405.772 1174.29
-346.854 200.294 900.102
114.367 201.047 1481.97
96.8976 -40.1082 1358.02
347.153 -395.746 1190.94
-330.398 214.947 892.905
118.233 204.22 1480.13
96.6729 -39.6174 1356.45
344.904 -396.881 1189.4
-300.284 223.35 888.024
121.18 205.789 1478.18
94.9241 -40.8721 1354.62
333.042 -398.198 1184.38
-266.041 232.608 888.823
127.624 208.608 1474.36
98.3107 -41.4432 1353.82
334.162 -399.489 1175.7
-236.586 234.429 879.811
134.363 208.119 1470.55
100.927 -41.3691 1355.68
352.951 -417.89 1168.36
-208.801 251.121 881.932
138.334 208.444 1467.64
103.465 -43.1162 1353.26
352.4 -416.315 1168.39
-171.111 249.647 882.339
142.112 207.019 1464.76
109.424 -43.5323 1353.1
342.758 -407.885 1184.89
-135.208 254.868 876.933
141.277 205.899 1465.11
113.468 -42.7054 1353.25
352.867 -412.266 1166.47
-105.401 261.323 888.972
139.797 209.252 1481.89
117.874 -40.3327 1355.19
372.553 -383.6 1192.73
-77.9037 263.03 895.301
144.77 216.218 1488.4
130.475 -30.8965 1354.81
371.265 -385.621 1191.38
-48.3448 269.254 889.005
159.042 224.642 1485.66
136.845 -23.3565 1348.23
368.423 -382.092 1189.92
-23.2196 270.886 888.276
155.465 217.631 1476.37
140.926 -25.6988 1352.01
370.57 -382.546 1193.82
7.82813 272.147 888.255
160.274 202.894 1429.19
141.311 -29.558 1352.67
376.782 -362.959 1218.46
37.1227 273.73 893.495
162.123 202.021 1401.35
140.494 -32.4648 1353.64
378.155 -361.581 1216.23
63.897 282.253 897.943
102.673 240.784 1324.18
140.587 -33.3699 1356.85
374.072 -369.952 1208.95
92.0372 279.481 904.139
108.51 240.397 1331.36
144.066 -40.8111 1365.53
368.394 -411.513 1181.94
119.951 276.818 909.652
114.569 232.845 1348.67
143.694 -38.4872 1364.13
366.563 -418.687 1170.95
137.001 254.57 912.196
118.647 232.493 1365.86
145.213 -37.7518 1362.8
368.412 -409.538 1178.14
149.818 251.886 914.302
152.804 273.695 1363.19
141.214 -23.5522 1370.63
367.586 -420.37 1169.44
161.265 253.246 914.344
152.714 279.743 1365.61
143.54 -24.5104 1364.26
365.882 -416.21 1164.47
153.507 240.838 906.183
154.287 283.168 1366.72
145.927 -29.5692 1364.35
365.757 -416.325 1162.64
149.341 234.895 896.118
150.364 284.166 1371.67
146.163 -31.3857 1363.85
360.016 -414.919 1170.72
131.982 228.191 886.71
142.289 287.332 1353.85
146.837 -32.1509 1364.15
353.859 -413.156 1166.57
108.212 232.361 881.91
138.265 283.979 1338.07
146.264 -30.7165 1364.98
356.982 -409.058 1175.89
87.7044 227.749 874.306
136.499 281.033 1332.76
143.817 -27.8633 1364.57
355.194 -401.07 1177.46
60.6844 217.153 868.21
131.078 274.19 1342.47
142.215 -28.4331 1365.13
357.912 -402.922 1177.23
34.0547 228.862 865.581
138.787 216.289 1443.23
139.961 -28.1012 1362.12
353.447 -411.091 1166.99
10.6715 223.328 859.354
138.003 217.47 1446.01
135.155 -28.2481 1359.01
351.281 -408.951 1166.14
-15.6529 222.902 853.477
139.005 215.615 1449.18
129.445 -37.1328 1362.1
356.308 -420.498 1163.23
-46.6636 228.989 855.376
139.186 213.738 1453.1
124.198 -40.7029 1365.01
360.377 -410.531 1166.96
-81.7765 225.439 868.872
139.285 209.868 1454.93
119.337 -42.0361 1366.63
352.374 -402.827 1181.42
-111.958 229.353 866.298
138.993 206.971 1455.71
117.219 -43.3942 1366.76
344.622 -350.895 1233
-142.519 227.772 870.762
138.747 204.799 1457.27
112.988 -49.4241 1353.6
349.227 -393.135 1180.8
-166.593 216.311 863.92
136.188 201.595 1461.49
113.11 -47.9125 1360.72
348.582 -390.425 1183.2
-197.975 220.342 878.432
133.798 200.8 1465.43
112.293 -45.946 1361.79
342.471 -408.762 1163.6
-222.988 222.745 886.405
132.387 200.351 1468.66
103.086 -45.5266 1356.75
342.238 -394.208 1172.22
-244.594 209.955 897.516
130.052 199.556 1472.58
103.873 -45.1081 1358.23
342.135 -379.106 1196.47
-270.857 214.338 904.843
128.037 199.256 1475.6
101.177 -45.5957 1358.72
351.066 -377.915 1202.77
-290.449 200.565 914.078
126.149 198.853 1476.67
97.7451 -49.7561 1359.3
337.699 -401.153 1170.1
-301.595 137.644 886.93
124.726 198.553 1477.22
100.583 -56.7872 1364.11
334.391 -405.857 1166.5
-333.59 198.769 934.582
123.133 198.544 1477.9
100.128 -55.246 1360.4
335.025 -394.833 1179.03
-358.035 191.273 943.324
121.889 198.919 1479.07
99.948 -52.8784 1360.36
329.896 -408.06 1165.12
-379.705 194.297 952.072
118.886 199.386 1482.84
97.6224 -51.8664 1359.9
336.454 -388.989 1193.06
-394.156 185.97 955.303
119.581 200.152 1482.9
95.0319 -52.0727 1359.75
326.687 -406.224 1176.06
-414.271 186.464 963.724
119.352 200.306 1482.96
90.3383 -53.5098 1360.85
324.725 -399.94 1183
-442.351 192.947 976.529
116.222 200.671 1484.89
74.5343 -54.205 1360.72
318.138 -405.963 1173.7
-462.639 179.056 975.404
115.859 200.441 1483.65
71.7195 -54.7576 1358.59
318.678 -386.266 1188.49
-476.315 170.439 981.214
115.251 199.828 1482.78
69.4587 -54.9774 1361.68
324.206 -392.089 1190.24
-488.864 164.523 980.44
112.838 199.289 1482.71
69.1826 -55.4021 1361.62
313.213 -397.577 1178.67
-503.681 139.542 988.967
112.205 198.342 1483.53
71.7089 -55.7062 1362.75
319.407 -404.595 1172.74
-519.849 129.15 996.679
112.087 197.979 1484.82
69.1193 -55.4273 1362.75
297.399 -374.884 1213.54
-520.992 113.519 995.162
111.752 197.804 1485.75
63.0234 -47.5123 1357.65
316.154 -400.121 1180.64
-519.813 103.259 994.894
111.589 197.222 1486.33
64.3483 -48.3393 1358.23
304.733 -375.133 1207.67
-516.82 89.355 989.711
111.667 196.644 1485.43
65.6509 -53.0613 1361.42
321.698 -403.237 1185.07
-510.186 81.6859 975.277
111.83 196.167 1485.17
69.8438 -55.2384 1363.47
314.844 -452.476 1139.04
-504.557 79.7673 969.99
111.941 195.728 1485.8
72.0017 -56.7556 1362.36
316.797 -449.218 1137.12
-497.774 79.5097 959.974
112.026 195.925 1486.09
78.2215 -58.807 1363.79
328.262 -412.45 1169.38
-490.241 81.3839 954.711
112.504 196.028 1485.42
77.6941 -57.3158 1360.37
334.599 -400.526 1180.4
-480.126 91.0568 954.651
112.933 196.556 1484.94
77.5178 -54.5524 1362.02
331.542 -414.262 1162.85
-465.31 96.4296 947.74
113.266 197.279 1485.01
79.3848 -54.2514 1358.15
332.9 -418.877 1161.07
-440.551 103.871 939.355
113.694 197.437 1484.96
88.5256 -53.9311 1362.22
333.652 -414.745 1162.26
-434.143 105.506 921.557
114.686 198.265 1485.46
94.0356 -50.7797 1364.91
336.47 -425.108 1152.13
-416.434 114.217 916.414
117.71 199.552 1483.15
96.1664 -31.252 1367.3
340.358 -436.894 1148.82
-393.681 135.791 917.65
118.209 199.807 1482.97
98.4956 -24.6354 1357.91
350.828 -411.468 1185.48
-372.321 141.802 900.279
119.071 200.166 1482.38
103.022 -31.0821 1356.26
334.332 -420.405 1166.29
-356.045 138.821 885.94
122.048 201.363 1480.37
113.413 -33.1895 1354.69
345.753 -425.641 1153.43
-328.434 146.857 888.551
131.077 203.361 1474.85
114.644 -37.1581 1351.2
341.579 -421.557 1158.22
-305.533 150.674 872.626
128.636 202.543 1477.24
116.218 -37.0333 1355.97
363.508 -384.268 1200.03
-276.431 159.935 870.384
134.765 204.163 1476.99
117.556 -36.7127 1358.15
361.299 -403.917 1178.3
-255.355 163.315 862.361
139.389 203.309 1475.83
120.861 -37.431 1359.02
353.361 -463.084 1123.99
-232.333 169.441 856.734
137.246 202.831 1477.23
126.401 -37.0756 1362.03
361.244 -415.105 1160.12
-204.657 181.301 860.302
140.585 203.799 1474.3
134.096 -46.1095 1340.76
364.202 -417.481 1163.85
-174.656 196.595 856.241
143.002 203.723 1472.15
135.196 -42.9918 1346.27
366.117 -422.965 1159
-145.223 207.591 862.755
145.571 204.07 1470
143.54 -48.8102 1344.81
376.581 -410.91 1176.74
-128.115 215.812 853.64
150.292 206.684 1459.34
145.257 -50.356 1348.58
377.96 -423.715 1169.2
-106.89 225.588 849.124
153.755 209.277 1453.94
151.482 -48.1589 1360.51
379.037 -409.647 1180.61
-83.7723 230.072 851.777
161.045 225.782 1474.33
151.7 -27.9896 1353.62
386.38 -386.423 1185.89
-59.4767 217.6 857.995
163.761 231.982 1479.88
151.458 -14.138 1354.97
387.355 -383.049 1187.6
-33.7766 225.513 865.342
159.918 222.266 1471.92
153.725 -14.298 1353.05
386.842 -388.339 1177.86
-13.6202 226.284 872.72
165.285 227.125 1467.78
165.58 7.07316 1346.36
402.767 -354.121 1193.05
-2.58045 208.473 877.707
166.694 228.211 1463.44
172.971 15.3211 1341.67
388.33 -414.672 1137.68
12.5796 209.264 880.194
166.918 229.752 1462.4
176.116 21.6756 1335.81
393.297 -408.66 1122.55
25.177 207.14 891.008
167.945 240.081 1456.12
177.124 27.5194 1334.09
414.206 -345.145 1176.8
38.1456 206.457 892.807
169.227 244.328 1448.37
178.118 28.6566 1335.5
413.217 -343.636 1175.76
55.4389 210.531 893.606
170.06 254.706 1424.89
177.067 36.499 1338.79
416.671 -329.401 1189.55
72.9249 208.456 898.002
152.412 262.768 1380.61
180.793 40.766 1344.37
423.051 -313.752 1198.34
76.8004 203.384 894.223
145.306 272.598 1358.96
183.1 43.5644 1349.41
421.694 -320.21 1187.19
86.569 195.089 897.223
143.716 275.228 1355.94
183.755 44.8484 1350.2
411.332 -365.493 1138.11
90.3332 183.041 897.119
147.279 280.392 1356.54
181.48 40.4566 1346.24
418.976 -316.815 1184.76
101.03 174.448 901.258
150.686 282.18 1350.19
180.484 41.9311 1348.41
415.859 -315.113 1182.41
103.931 174.322 895.162
153.73 285.052 1348.23
178.331 41.3772 1348.94
413.935 -317.132 1183.75
96.9819 169.55 887.76
156.5 287.747 1344.89
177.952 40.3272 1347.3
408.798 -332.416 1167.55
85.6747 161.932 883.754
157.498 289.531 1343.04
174.983 40.8588 1347.88
407.043 -337.477 1159.02
71.7984 160.497 877.814
159.795 290.276 1339.7
163.577 47.2757 1352.66
394.219 -378.513 1124.95
49.9357 159.8 875.978
160.917 292.26 1332.85
160.66 50.4568 1355.53
401.275 -312.887 1182.35
30.4772 153.486 872.94
161.907 293.015 1325.13
161.862 47.4433 1351.05
398.714 -325.567 1167.43
12.5582 149.93 865.574
161.741 293.397 1319
160.774 45.7598 1347.32
393.353 -328.774 1165.11
-7.81317 148.105 863.349
157.995 293.197 1315.26
152.069 41.7502 1333.28
395.424 -324.914 1177.95
-28.8984 142.666 854.872
152.412 293.203 1311.69
146.185 40.1359 1325.24
390.689 -340.522 1157.01
-47.4543 148.403 854.312
140.584 292.54 1310.95
144.02 42.9092 1330.83
382.99 -340.153 1174.64
-18.122 133.518 870.002
115.491 278.635 1351.85
140.629 42.1735 1332.31
375.646 -348.145 1153.77
-84.607 142.71 852.828
118.672 224.835 1437.04
118.486 27.0777 1329.65
354.864 -352.817 1162.61
-98.313 141.572 853.903
119.937 220.134 1442.35
107.152 16.7637 1331.91
350.042 -355.757 1160.65
-115.324 147.621 858.614
121.891 214.978 1445.8
97.6184 10.381 1331.14
356.754 -341.886 1174.12
-134.191 142.65 865.838
121.307 213.653 1449.68
94.7447 12.9475 1331.83
345.392 -348.314 1161.85
-155.989 138.406 864.093
120.213 212.66 1453.02
93.5894 -14.9577 1343.61
332.299 -367.301 1170.64
-168.977 161.791 864.2
118.598 210.326 1457.83
92.433 -29.4526 1348.71
326.523 -385.552 1165.67
-186.065 173.877 869.06
117.019 208.749 1461.8
91.9522 -38.0181 1351.81
325.032 -388.078 1171.81
-205.236 174.572 873.566
114.672 208.348 1464.19
91.9178 -41.7116 1352.99
318.411 -405.12 1158.83
-224.319 180.113 875.866
112.854 208.987 1466.62
92.0388 -45.0745 1350.07
315.832 -406.861 1158.3
-241.246 180.174 877.216
109.835 209.601 1471.12
92.2445 -44.0603 1351.47
310.594 -412.705 1147.77
-262.648 173.533 883.493
109.166 210.021 1471.58
91.77 -44.0962 1353.37
308.957 -413.866 1149.37
-284.428 169.302 896.175
108.27 209.921 1472.54
90.8503 -44.4118 1355.81
308.029 -416.606 1153.1
-304.151 171.089 903.093
105.583 209.624 1474.38
89.6339 -45.0733 1355.36
307.287 -412.528 1154.81
-282.286 102.135 903.244
104.021 208.574 1475.46
87.2481 -45.3722 1354.57
306.895 -415.475 1154.55
-338.32 175.014 920.728
102.147 206.965 1476.68
86.4457 -45.9799 1354.38
310.09 -408.604 1158.96
-353.12 175.779 926.219
102.131 206.172 1475.48
84.6676 -48.3385 1354.51
310.768 -406.335 1164.65
-373.266 172.846 937.213
101.466 206.16 1474.7
83.8503 -49.224 1354.32
312.177 -406.072 1162.28
-396.094 176.798 945.785
101.206 206.196 1473.59
80.4511 -51.6006 1351.83
312.491 -413.71 1165.65
-417.647 176.93 949.402
100.986 205.376 1473.1
77.7525 -52.6896 1348.98
312.353 -414.184 1156.11
-442.213 165.127 961.642
100.64 205.061 1472.57
73.4138 -54.5638 1341.77
312.387 -421.42 1147.01
-466.229 136.247 973.295
100.823 205.275 1470.99
73.6762 -54.6008 1341.39
316.558 -399.731 1173.29
-482.163 112.741 968.568
101.814 205.519 1470.35
73.8007 -54.2979 1340.62
319.927 -405.546 1159.19
-477.689 104.496 966.407
102.337 205.4 1470.25
74.3609 -54.5845 1339.06
323.158 -396.969 1169.35
-479.211 89.5256 955.195
102.996 205.733 1470.47
75.7192 -55.2399 1338.08
325.137 -386.991 1178.99
-472.356 90.9289 947.942
103.89 205.037 1470.54
79.6693 -54.9247 1338.6
327.255 -400.179 1161.34
-464.271 87.7675 939.7
105.167 204.518 1470.69
82.5277 -55.1504 1338.68
331.594 -391.475 1167.93
-455.529 80.839 930.179
109.098 204.946 1468.12
78.4766 -57.0863 1340.12
334.221 -394.102 1158.83
-435.838 84.8937 924.932
112.515 205.945 1466.4
85.7907 -51.3034 1348.06
339.642 -391.147 1169.92
-421.457 93.919 918.989
115.318 206.46 1465.03
93.3148 -55.3267 1343.72
369.783 -304.933 1250.8
-401.188 104.556 913.165
120.774 206.323 1463.73
102.766 -56.4707 1344.03
346.518 -402.259 1157.99
-384.752 107.703 904.942
124.875 206.244 1462.82
113.086 -52.0934 1343.57
352.185 -399.814 1156.76
-369.011 109.553 897.727
133.38 207.617 1459.64
119.966 -49.2589 1340.91
355.719 -398.756 1156.64
-350.482 118.264 890.645
141.079 208.085 1459.58
124.182 -45.3012 1337.56
364.483 -384.784 1165.52
-329.516 117.13 883.368
146.646 209.158 1459.42
120.233 -34.0707 1348.48
356.043 -460.16 1101.22
-303.451 127.137 883.746
155.767 211.707 1458.07
128.844 -35.3177 1345.36
370.907 -403.199 1147.24
-280.749 146.081 876.917
158.85 212.232 1456.87
152.149 -40.9352 1340.33
373.462 -401.103 1158.58
-255.252 157.317 877.171
164.821 213.945 1455.61
150.235 -42.481 1341.51
377.836 -414.09 1150.12
-233.998 160.178 864.95
171.085 213.54 1455.63
151.668 -44.6744 1338.77
388.898 -399.297 1160.03
-208.086 173.962 862.232
175.358 213.019 1454.93
154.981 -44.979 1337.85
391.037 -407.515 1163.2
-188.154 179.518 852.501
180.013 213.043 1453.88
156.909 -42.3008 1324.13
394.182 -391.191 1180.73
-154.59 182.454 848.819
185.26 212.552 1452.73
158.95 -39.8915 1331.33
388.625 -396.35 1171.98
-131.612 183.707 842.534
186.28 212.414 1453.22
170.935 -41.5691 1331.92
407.026 -378.501 1181.8
-110.162 178.812 838.635
187.822 212.805 1451.84
170.867 -16.7924 1346.25
407.572 -358.831 1189.22
-87.6099 164.906 838.198
190.248 212.053 1450.93
170.675 -6.62461 1346.25
416.335 -351.954 1190.75
-68.8053 163.636 837.703
189.893 212.653 1450.75
173.463 13.9563 1332.47
426.327 -334.278 1176.32
-52.7047 150.288 852.367
190.251 213.946 1449.99
169.827 17.5989 1329.03
426.485 -329.711 1176.46
-36.618 154.506 860.309
193.823 217.046 1449.04
171.14 21.0932 1328.87
376.639 -287.748 1229.97
-15.1364 159.855 870.781
194.615 219.733 1448.66
172.847 25.5135 1329.32
427.034 -316.31 1182.03
3.35003 159.898 867.542
196.623 222.259 1447.18
173.561 30.2486 1329.02
433.408 -317.789 1171.57
22.3277 171.233 877.752
197.225 222.902 1444.41
185.749 8.39312 1317.48
427.084 -334.842 1170.92
45.8159 195.683 877.079
198.941 224.55 1442.25
185.204 3.15044 1320.38
425.916 -335.407 1184.8
65.7503 225.254 880.332
199.881 229.313 1433.25
179.616 -10.8677 1321.42
414.839 -354.76 1172.67
92.0029 238.061 887.926
196.548 238.521 1413.19
177.148 -18.5252 1326.71
412.857 -348.748 1201.35
116.452 246.464 885.204
194.174 242.539 1400.62
176.901 -27.8505 1332.34
405.286 -372.181 1181.52
131.702 255.132 888.924
190.561 247.031 1395.5
176.46 -32.6982 1335.62
405.412 -366.361 1183.63
142.048 238.833 890.469
194.988 265.184 1350.67
176.994 -33.2315 1338.18
397.047 -377.712 1172.79
151.381 231.456 889.494
199.494 273.358 1340.72
177.714 -31.6493 1340.52
404.008 -370.275 1178.81
159.49 225.271 880.598
198.976 275.04 1342.2
179.133 -29.077 1343.53
401.49 -362.277 1187.76
151.48 226.67 878.032
197.295 278.563 1346.01
179.199 -27.4941 1345.34
401.89 -374.12 1178.38
145.497 223.495 873.533
195.618 281.677 1348.52
178.491 -25.8687 1347.25
397.937 -379.228 1175.06
133.507 218.571 869.559
190.226 282.11 1343.71
177.702 -26.0276 1346.6
391.297 -396.257 1154.46
119.253 217.437 869.837
169.175 273.51 1322.33
175.905 -30.402 1339.87
387.299 -386.034 1158.52
100.988 208.164 861.996
160.785 267.867 1313.73
167.819 -14.8429 1333.56
393.521 -364.108 1167.77
81.3009 191.644 862.002
157.318 258.005 1308.05
167.784 -18.5699 1337.5
393.389 -363.704 1176.97
63.2202 199.722 861.387
157.636 260.106 1308.22
156.761 -7.60976 1339.67
386.359 -385.323 1169.22
44.306 210.805 862.984
162.646 264.264 1321.74
153.909 -2.2337 1337.31
378.042 -400.887 1153.59
30.2245 216.414 858.63
153.921 247.892 1360.07
152.955 -13.5955 1336.47
374.812 -400.175 1150.24
5.73901 209.855 858.155
154.399 238.627 1396.13
151.981 -20.7663 1337.11
371.801 -396.175 1158.2
-15.3889 215.22 857.702
157.247 229.328 1419.88
149.012 -30.6611 1339.3
369.866 -405.323 1160.47
-35.6778 224.895 860.596
157.627 222.498 1430.84
144.446 -38.8791 1342.39
366.32 -407.451 1159.65
-55.4109 223.392 859.732
154.122 213.451 1441.8
145.554 -39.9128 1342.92
361.269 -409.885 1156.57
-73.3151 228.896 864.058
152.116 207.697 1445.57
142.004 -41.5735 1344.52
363.436 -402.526 1158.93
-94.0717 226.082 867.868
150.718 205.377 1447.96
139.085 -44.4689 1348.86
362.854 -377.951 1186.72
-116.5 223.265 873.362
148.777 204.887 1450.23
137.513 -44.0182 1350.47
360.708 -385.828 1177.38
-138.665 221.913 879.63
147.215 204.842 1452.94
134.849 -45.9353 1353
354.855 -404.987 1173.87
-160.45 231.298 878.179
145.41 204.931 1455.37
131.673 -46.8165 1355.65
355.834 -379.211 1192.3
-179.559 231.396 884.341
141.146 205.283 1459.46
128.914 -47.824 1356.28
355.28 -367.102 1206.07
-193.457 218.458 890.316
138.32 206.366 1462.99
125.995 -48.0514 1357.09
347.732 -379.606 1192.83
-215.208 225.331 894.779
136.1 208.206 1465.54
121.537 -48.7397 1357.28
330.931 -367.652 1202.41
-232.187 220.575 900.673
134.09 209.29 1467.2
114.392 -49.7213 1356.19
344.298 -376.236 1202.85
-246.973 208.535 903.393
131.798 209.546 1467.75
109.609 -49.4044 1358.33
341.977 -387.288 1192.93
-262.356 216.297 911.727
130.291 209.582 1467.3
112.54 -49.2558 1358.61
339.842 -396.582 1185.24
-281.883 218.219 914.771
128.628 209.183 1465.51
114.664 -49.1385 1357.64
337.827 -404.56 1174.25
-300.844 211.905 921.247
127.276 208.974 1466.04
106.764 -46.6394 1347.58
337.958 -404.803 1179.78
-318.915 206.383 928.562
126.725 208.822 1466.7
104.434 -47.8698 1351.18
333.973 -396.268 1185.93
-332.339 187.691 936.118
126.32 208.447 1466.94
104.179 -49.1565 1352.39
336.161 -397.345 1184.11
-358.782 198.63 955.934
126.198 207.233 1467.65
105.425 -50.3349 1354.67
334.633 -397.298 1188.62
-381.394 203.147 969.104
125.639 207.035 1467.6
107.544 -50.6336 1362.74
336.749 -397.416 1193.2
-403.363 201.511 987.356
124.872 206.978 1467.9
105.29 -50.8569 1360.94
334.126 -404.825 1185.82
-429.425 196.497 999.207
124.186 207.739 1468.16
103.473 -51.229 1360.23
337.151 -398.142 1195.41
-450.267 176.313 1006.95
123.894 207.432 1469.15
98.8855 -52.2139 1358.77
335.841 -404.112 1188.4
-463.678 154.777 1004.14
124.379 206.312 1470.43
99.0528 -51.7409 1361.28
337.967 -402.774 1189.19
-474.283 143.801 1000.45
124.755 206.096 1470.71
98.1658 -50.3764 1363.34
337.798 -413.398 1174.91
-471.096 141.765 999.315
125.144 205.836 1471.35
96.718 -50.4825 1364.39
339.067 -414.394 1175.7
-473.631 131.649 985.378
125.864 205.07 1471.24
94.6849 -52.3053 1362.13
340.339 -412.925 1172.04
-467.567 127.08 978.76
126.845 204.976 1471.39
94.8956 -53.9871 1362.35
339.33 -417.193 1172.61
-455.546 128.433 969.604
127.441 205.427 1471.98
95.0499 -53.1605 1368.09
343.577 -424.137 1156.18
-441.015 125.499 961.099
128.338 205.678 1472.33
97.1183 -53.0241 1365.6
335.801 -419.821 1165.18
-423.878 127.06 951.95
129.701 205.694 1472.55
106.451 -48.8004 1362.17
341.35 -416.382 1163.93
-402.606 130.015 944.224
131.117 205.442 1473.09
106.144 -50.066 1360.81
346.147 -419.596 1159.4
-391.128 133.499 933.375
133.756 205.058 1473.41
108.007 -50.5566 1360.45
354.175 -410.313 1166.35
-370.575 136.721 921.845
135.325 204.937 1472.44
112.191 -47.3137 1359.9
349.263 -444.047 1135.48
-340.558 138.924 910.261
137.052 204.986 1472.45
117.056 -43.7333 1357.99
374.717 -365.567 1214.08
-322.614 145.455 896.849
138.445 205.37 1472.05
119.572 -42.592 1357.46
365.694 -390.383 1186.15
-302.652 151.936 890.776
142.28 204.755 1471.4
118.171 -55.0208 1353.24
366.112 -386.325 1178.69
-272.606 157.258 892.081
144.908 204.571 1471.35
120.849 -41.3249 1337.9
365.167 -407.188 1176
-249.311 176.506 880.442
146.644 204.869 1471.19
124.972 -42.712 1346.61
373.678 -380.605 1198.23
-228.382 187.614 886.451
151.789 205.26 1470.03
125.401 -42.9592 1352.08
377.449 -379.071 1196.05
-206.614 186.855 879.897
153.823 205.926 1470.38
128.734 -43.4167 1353.09
377.333 -392.988 1182.17
-180.028 199.141 882.428
157.396 206.38 1469.62
138.262 -42.6874 1353.2
378.74 -404.071 1180.55
-166.548 217.587 876.895
160.95 207.076 1467.9
136.308 -34.702 1348.28
385.273 -418.093 1175.19
-146.315 229.472 876.722
169.241 208.802 1462.25
140.207 -37.3235 1348.47
381.886 -418.805 1168.47
-116.356 235.496 885.758
167.79 208.625 1461.22
151.453 -15.639 1342.88
384.95 -414.446 1171.37
-101.74 236.165 872.628
167.705 207.556 1459.76
154.689 -23.5266 1337.05
386.594 -412.114 1175.54
-78.4384 238.494 873.688
168.265 207.782 1458.63
150.624 -6.62402 1342.44
385.984 -395.111 1168.07
-59.6112 227.15 888.301
173.2 210.102 1457.42
162.061 -6.81378 1360.63
400.209 -384.891 1162.67
-44.1037 224.993 899.038
176.586 211.292 1457.58
165.489 -12.9901 1368.51
398.728 -395.908 1160.56
-27.4509 238.031 899.093
179.148 211.179 1459.29
168.91 -19.772 1370.47
401.757 -386.907 1173.98
-9.36025 246.294 904.418
181.594 211.634 1461.15
172.358 -24.0669 1369.68
397.644 -384.185 1173.11
5.44036 255.311 909.456
183.462 211.734 1462.39
172.72 -23.6202 1367.87
391.007 -393.529 1169.88
22.6467 266.715 911.143
185.309 211.152 1462.01
168.75 -20.0837 1360.34
392.988 -390.804 1175.36
38.5342 274.754 914.35
196.037 205.16 1447.49
169.768 -20.2392 1354.73
388.183 -376.361 1187.11
56.591 277.299 923.77
198.002 208.05 1454.28
168.018 -8.90685 1352.5
401.834 -394.054 1177.4
65.8589 303.473 923.833
142.469 265.773 1360
172.49 -2.31577 1359.67
401.092 -374.428 1180.6
81.3906 287.628 924.69
146.718 268.486 1352.37
170.812 -1.62636 1356.71
389.889 -387.342 1187.88
101.845 288.902 929.397
158.657 270.774 1344.85
171.723 -9.41304 1358.17
391.53 -380.991 1187.24
115.195 278.921 934.282
164.152 275.517 1342.47
180.585 -24.5367 1351.19
382.562 -396.733 1170.79
125.29 258.579 929.223
166.01 306.276 1310.33
168.852 -4.80937 1352.25
389.109 -404.591 1169.59
129.396 275.974 926.11
167.771 306.883 1301.23
166.794 -5.33271 1352.77
390.904 -388.921 1185.2
125.797 265.485 918.787
168.824 304.745 1300.31
171.79 -14.6298 1347.53
393.438 -391.913 1183.44
111.109 259.369 910.11
168.971 294.619 1310.11
165.43 -17.2392 1346.41
390.009 -392.087 1178.86
94.9213 256.157 908.678
167.645 288.563 1316.79
154.454 -18.2884 1358.84
384.449 -402.142 1170.98
83.3319 252.44 906.879
164.046 271.872 1337.24
154.659 -26.6699 1356.63
382.648 -403.833 1159.85
64.5708 247.271 898.611
160.002 262.88 1348.83
151.55 -30.0643 1357.8
380.239 -400.801 1161.27
47.7054 242.683 892.445
159.503 256.71 1357.26
150.17 -32.6255 1358.03
372.238 -409.381 1158.61
31.1828 242.238 887.058
173.258 202.712 1447.64
150.812 -35.6161 1354.54
368.198 -406.623 1166.06
13.3536 237.51 879.411
172.196 211.174 1451.24
149.671 -34.4932 1355.73
367.973 -406.513 1173.99
-4.03774 238.525 878.888
170.494 224.839 1449.91
146.424 -35.5644 1355.88
371.628 -389.056 1189.03
-25.6118 238.907 884.2
165.669 221.843 1447.02
143.433 -38.782 1355.21
350.26 -466.381 1107.09
-46.3398 237.713 885.441
158.946 222.827 1446.98
131.33 -34.8 1349.34
359.442 -416.367 1162.89
-67.9447 242.474 885.259
156.746 220.911 1448.22
129.955 -35.1716 1350.44
360.16 -408.188 1175.29
-92.2796 239.887 887.581
149.084 218.135 1456.08
128.382 -35.7254 1352.88
356.344 -417.6 1167.55
-110.652 239.999 887.836
150.854 216.071 1455.85
121.741 -40.4913 1344.62
351.914 -404.799 1177.56
-131.024 229.412 884.764
146.029 212.675 1455.41
116.094 -37.8016 1347.94
349.994 -399.746 1174.59
-151.238 226.646 889.196
142.217 212.352 1453.83
114.751 -36.2729 1348.3
348.378 -390.896 1182.77
-169.427 222.964 890.857
140.253 211.805 1454.78
113.388 -35.7965 1346.89
346.519 -395.645 1179.01
-186.391 224.889 893.031
136.051 211.075 1459.02
111.204 -35.4313 1346.18
348.089 -398.679 1174.66
-206.343 226.282 900.642
134.323 211.748 1460.71
109.834 -35.7819 1346.81
344.259 -376.043 1198.92
-224.098 223.526 901.094
132.944 211.666 1460.59
110.402 -37.1616 1348.66
341.001 -389.515 1186.28
-241.115 223.654 906.302
129.889 210.915 1463.6
107.985 -38.0872 1350.78
336.976 -394.958 1183.9
-260.6 212.222 912.164
127.779 210.111 1465.77
105.856 -39.6168 1353.42
332.296 -389.531 1189.46
-278.616 208.106 917.584
126.093 209.408 1467.06
103.268 -43.2328 1360.64
330.269 -395.779 1190.27
-293.077 204.16 918.332
124.261 208.664 1467.75
101.803 -43.3062 1358.5
329.064 -399.802 1176.8
-310.668 209.129 930.13
122.911 208.401 1469.14
101.167 -42.7602 1358.25
325.89 -408.907 1169.61
-324.929 206.532 935.62
121.47 208.043 1470.46
95.8666 -39.479 1354.08
323.314 -403.144 1188.26
-337.741 200.5 930.023
118.011 207.01 1473.48
93.4554 -41.587 1355.5
317.168 -400.088 1186.65
-353.633 193.219 936.997
115.863 205.657 1474.98
93.4553 -44.8807 1358.45
320.403 -408.935 1183.92
-370.01 192.142 947.855
116.257 205.096 1473.38
92.1197 -51.5047 1365.73
316.651 -404.907 1184.73
-388.957 191.896 959.286
114.694 203.554 1474.11
90.7272 -50.5451 1363.06
320.559 -410.93 1184.26
-407.905 188.902 965.156
115.036 203.028 1473.43
84.9583 -52.7881 1360.19
320.756 -403.382 1182.77
-431.942 179.473 976.351
113.908 201.694 1474.33
81.8565 -53.4962 1356.33
319.795 -400.899 1184.56
-453.261 165.546 977.356
112.263 200.872 1475.4
80.0517 -52.756 1353.52
309.353 -442.574 1141.09
-472.12 137.971 975.651
111.461 200.833 1476.31
82.0262 -50.9847 1353.91
321.079 -385.888 1196.96
-482.469 120.109 971.295
110.495 200.478 1477.55
82.4938 -50.0579 1354.73
304.566 -413.833 1177.05
-483.926 114.897 964.675
110.393 200.547 1477.94
82.0694 -50.981 1353.76
323.922 -382.246 1201.82
-478.448 111.767 955.974
110.284 200.977 1477.79
71.5587 -47.3125 1350.43
319.129 -381.655 1205.93
-462.188 118.171 943.345
109.55 201.537 1477.73
74.8341 -39.3259 1339.38
322.216 -401.73 1194.33
-450.329 125.936 934.214
109.417 202.282 1477.48
80.0059 -43.966 1339.19
316.446 -448.988 1146.8
-435.69 129.977 929.359
109.181 202.438 1478.05
76.0908 -43.0681 1334.49
206.02 -285.946 1238.35
-416.707 137.568 922.145
108.995 202.113 1477.97
73.7418 -31.9057 1330.36
-383.236 149.366 1017.15
-388.396 160.979 909.754
108.317 202.543 1476.85
76.3557 -33.7695 1333.31
-350.622 149.358 1006.02
-364.047 163.642 906.074
