d62 = [125.306 168.538 1578.94
116.629 -105.428 1427.86
332.135 -413.359 1123.44
-108.177 -467.018 1109.87
125.294 168.439 1579.59
116.579 -105.627 1428.62
330.788 -417.985 1124.81
-108.718 -464.604 1115.09
125.199 168.066 1579.76
117.132 -105.608 1430.02
329.718 -420.595 1125.22
-103.007 -467.61 1126.21
125.307 167.992 1579.85
117.952 -105.129 1430.49
332.543 -412.473 1125.94
-107.489 -458.712 1112.96
125.167 167.91 1579.94
119.773 -105.857 1432.88
329.795 -419.164 1127.89
-107.862 -460.473 1110.57
124.858 168.05 1579.87
119.842 -105.409 1434.88
331.978 -411.668 1122.83
-107.904 -458.357 1115.51
124.279 168.086 1580.04
119.181 -103.93 1434.67
332.383 -411.231 1123.24
-107.364 -455.438 1117.6
123.92 167.846 1580.99
118.661 -102.506 1435.99
333.076 -410.02 1123.92
-107.452 -454.698 1114.14
123.537 167.998 1580.52
118.247 -102.733 1435.84
333.721 -409.564 1124.13
-107.54 -453.14 1111.08
123.181 168.676 1580.33
118.205 -102.402 1435.19
334.071 -405.642 1120.19
-103.255 -462.434 1103.38
122.786 169.149 1580.12
118.79 -99.7808 1435.71
335.186 -400.962 1108.59
-104.759 -458.166 1090.43
122.169 169.255 1580.16
119.253 -99.718 1434.5
333.38 -388.46 1088.2
-111.916 -441.377 1064.03
122.228 169.256 1580.08
119.048 -97.4463 1431.87
311.702 -382.334 1016
-113.402 -421.329 1036
122.49 169.513 1580.19
118.999 -96.3966 1431.69
294.34 -347.252 969.87
-121.194 -481.86 1159.27
122.676 170.103 1579.82
118.595 -93.1832 1425.15
362.188 -346.061 1087.26
-128.442 -467.147 1157.04
122.167 170.942 1580.22
118.553 -90.3018 1421.7
366.606 -335.485 1075.77
-148.325 -380.805 1071.48
121.674 171.827 1580.23
118.856 -93.3316 1406.92
305.803 -202.097 879.117
-123.727 -247.027 889.168
121.356 173.104 1580.83
117.298 -88.7217 1417
303.355 -133.951 867.856
-106.347 -180.26 909.998
121.109 173.944 1581.6
119.368 -88.5899 1419.61
304.004 -76.2974 882.383
-88.855 -160.289 937.855
121.327 174.58 1582.77
118.258 -85.5938 1421.65
298.8 -7.68547 917.196
-133.65 -81.1712 914.708
121.613 176.079 1583.87
118.501 -83.7018 1421.39
303.513 47.2399 921.026
-135.08 -25.1563 933.831
121.835 177.171 1584.14
119.349 -84.9369 1420.15
292.48 100.761 926.524
-143.189 23.8293 942.938
122.961 176.784 1585.13
118.72 -82.7011 1420.52
290.313 142.254 938.509
-150.667 80.1681 956.918
126.433 177.137 1592.58
118.801 -81.8544 1419.53
284.995 179.791 941.884
-152.915 121.218 971.038
149.541 182.148 1575.92
128.527 -77.8257 1436.3
273.982 215.606 953.52
-161.62 151.551 973.995
159.836 186.388 1575.65
125.728 -27.6677 1395.73
280.215 283.054 955.409
-185.639 135.168 982.648
145.682 182.323 1582.31
126.435 -43.4802 1405.11
257.756 288.464 950.434
-189.24 172.822 993.75
173.861 186.119 1548.23
130.041 -47.9244 1402.2
253.12 212.113 945.086
-198.777 223.526 998.364
179.602 194.314 1535.55
125.121 -58.1171 1402.86
213.249 259.075 953.672
-220.639 256.604 1000.11
180.591 200.872 1531.24
120.085 -40.5342 1407.14
221.579 213.427 961.419
-241.01 269.384 1011.89
177.147 209.915 1533.83
121.133 -42.0225 1417.79
171.621 254.005 954.113
-269.543 272.98 1019.46
150.102 248.284 1510.42
115.126 -32.5382 1428.44
185.401 197.789 958.16
-304.224 289.401 1035.49
94.5298 298.553 1405.41
109.892 -14.7189 1436.69
128.795 225.946 946.507
-336.936 297.707 1056.33
92.947 300.803 1397.7
133.5 30.0262 1427.04
94.4147 251.366 955.047
-353.32 263.262 1067.48
91.2361 303.393 1393.17
116.439 28.2852 1425.57
71.7837 246.992 943.83
-386.637 250.76 1083.6
82.8193 309.898 1385.21
104.154 19.5723 1414.75
40.3543 259.764 954.189
-411.95 224.306 1105.04
78.7415 306.733 1379.58
93.7847 8.64435 1417.03
18.145 269.432 952.221
-429.985 187.479 1127.13
79.0918 303.526 1372.07
81.5499 -27.3421 1410.73
-4.05425 230.343 960.985
-463.408 196.671 1147.84
81.8492 300.437 1374.44
82.1128 -33.3534 1406.98
-28.2086 222.35 961.52
-490.944 201.407 1162.8
93.5146 246.151 1423.93
81.8088 -36.7596 1407.12
-61.2392 227.762 955.097
-517.728 186.203 1189.32
88.4354 242.739 1428.67
82.7513 -41.6423 1402.51
-84.1537 220.193 943.671
-541.809 169.585 1212.64
84.3634 217.727 1447.11
90.7715 -50.5037 1406.61
-114.121 210.834 953.116
-565.664 164.295 1234.55
81.4594 214.041 1446.07
89.0308 -47.613 1408.78
-134.486 202.894 966.242
-582.34 154.684 1260.91
82.0212 200.256 1447.66
87.2617 -51.608 1410.73
-157.697 192.582 983.773
-603.306 151.287 1279.18
97.2807 193.638 1470.57
85.0839 -53.4511 1408.11
-180.343 188.354 995.551
-617.831 136.311 1309.38
93.8087 191.254 1463.93
77.5735 -56.376 1403.44
-203.894 189.981 1004.56
-638.033 125.446 1328.19
93.3256 192.404 1459.83
83.9478 -52.1942 1417.93
-225.951 191.762 1023.25
-642.513 105.494 1351.14
94.3675 192.938 1458.25
87.7242 -47.9059 1423
-229.679 177.19 1051.08
-645.578 88.5626 1371.99
95.1364 192.869 1459.62
91.1322 -43.7802 1421.41
-258.222 181.826 1054.39
-607.939 46.3746 1405.53
98.442 192.527 1467.08
90.0032 -45.0694 1422.8
-272.95 174.092 1072.96
-575.72 8.68506 1432.06
95.3766 189.654 1490.08
74.0075 -41.2603 1412.81
-277.522 168.639 1096.01
-581.5 -3.02045 1450.78
92.0002 190.84 1527.43
83.7716 -4.60934 1420.58
-285.541 193.529 1120.34
-320.345 -176.781 1482.65
90.3601 188.928 1532.39
77.1663 -0.95651 1422.32
-313.061 201.489 1128.29
-161.898 -218.857 1444.82
90.7232 187.665 1530.25
76.3856 -1.00253 1422.79
-320.339 191.197 1149.22
-187.804 -178.771 1402.63
88.6444 186.489 1539.78
75.5172 -0.490055 1423.66
-223.686 153.753 1212.4
-422.847 94.9706 1078.51
86.8859 186.606 1546.87
72.7397 1.65638 1426.29
-226.259 124.782 1215.37
-440.337 110.758 1104.8
85.866 188.078 1550.48
71.8729 3.05634 1430.04
-245.475 123.334 1217.52
-439.399 107.817 1137.83
84.5611 190.059 1552.16
72.0869 3.63284 1431.65
-264.768 129.815 1230.9
-449.823 93.6448 1151.79
84.2863 191.02 1553.13
73.932 4.91064 1434.63
-255.944 127.155 1251.15
-464.023 85.7996 1159.71
83.563 192.244 1555.58
75.8303 6.7142 1437.58
-297.173 128.655 1230.33
-441.742 81.5154 1207.52
82.5259 192.805 1556.15
88.5232 27.0493 1448.18
-302.815 147.043 1243.95
-441.483 58.6952 1229.62
81.8365 192.372 1553.53
90.3348 28.1754 1452.45
-304.991 151.906 1250.35
-440.716 53.0143 1243.68
81.0341 192.152 1554.64
91.7632 27.9831 1453.25
-316.422 162.046 1262.99
-441.813 38.3768 1254.31
80.4987 191.39 1554.82
91.4702 29.6037 1455
-334.358 164.269 1269.08
-444.171 41.1389 1270.29
80.9777 190.592 1553.04
91.2569 31.6191 1456.64
-336.377 158.829 1267.56
-442.135 46.5355 1281.46
81.0281 189.764 1551.19
90.8762 34.2819 1459.23
-356.66 168.121 1275.16
-456.722 46.351 1284.39
80.1781 187.696 1548.26
90.0979 34.1424 1462.5
-353.884 167.413 1282.82
-430.934 47.701 1360.97
80.9237 187.563 1546.6
89.9093 34.9504 1462.7
-344.614 169.328 1282.77
-436.433 47.9854 1333.13
80.8388 186.902 1545.11
89.6565 36.0185 1463.45
-334.736 168.071 1277
-419.788 46.6297 1330.98
81.4205 186.546 1543.99
92.481 43.8669 1457.3
-332.292 167.225 1268.08
-425.152 44.662 1333.59
81.7547 185.912 1543.51
91.6512 49.961 1450.61
-337.43 170.501 1256.36
-426.853 40.1771 1330.75
82.3461 183.794 1538.89
86.517 49.0037 1445.06
-342.089 171.425 1241.1
-420.325 51.1395 1316.46
83.1414 184.187 1537.45
86.5353 49.0509 1444.62
-323.877 182.621 1231.85
-415.351 41.8565 1294.08
83.7851 182.661 1533.84
87.3008 49.9744 1446.52
-320.53 185.638 1220.53
-413.153 36.9929 1271.01
84.3508 182.067 1531.25
89.1326 47.9882 1448.14
-344.944 188.643 1207.2
-409.088 50.6099 1268.17
84.3189 182.753 1529.2
95.6446 44.013 1453.24
-345.17 190.255 1192.65
-410.509 61.0792 1256.95
83.9798 183.342 1528.23
100.959 39.0052 1451.83
-341.91 194.39 1174.86
-403.054 70.9035 1239.34
83.8783 184.102 1529.22
111.578 24.0903 1443.82
-342.98 180.207 1170.87
-415.204 111.967 1220.35
83.9243 183.128 1530.07
113.888 23.4784 1444.59
-326.572 195.181 1158.18
-411.286 107.28 1193.2
83.2946 182.669 1530.49
111.643 22.629 1435.58
-316.045 201.92 1141.14
-405.46 100.787 1165.43
83.737 181.757 1530.92
109.869 30.1172 1436.14
-286.142 215.098 1119.36
-388.775 104.356 1143.35
85.1272 180.472 1528.39
106.604 37.8532 1435.96
-219.021 218.558 1101.09
-351.554 76.8222 1102.68
97.4715 203.997 1493.81
107.299 39.9196 1432.33
-195.17 229.557 1095.47
-347.536 83.2767 1074.66
75.9189 189.837 1457.97
108.684 37.5298 1408.73
-201.519 221.353 1064.16
-321.327 109.653 1071.07
75.2931 186.096 1444.28
111.347 32.7438 1405.15
-189.326 235.134 1051.7
-299.113 118.216 1047.9
-176.327 165.643 1084.29
112.101 44.9586 1394.4
-196.181 241.11 1016.78
-297.703 94.2747 1030.75
-162.035 161.205 1067.35
125.909 36.8828 1382.3
-162.609 228.053 1001.67
22.8992 112.488 1487.26
-152.029 162.111 1064.59
134.984 22.8471 1369.43
-133.78 207.629 980.146
37.1319 130.97 1477.26
-130.135 172.191 1053.04
137.958 15.202 1384.23
-90.6359 205.978 962.591
30.4011 133.632 1456.71
-117.12 180.502 1044.89
98.8237 -18.4177 1392.45
-41.5326 218.11 993.585
-9.48905 101.291 1438.2
-99.2976 189.507 1037.26
96.6166 -36.1067 1386.46
-33.2019 206.261 968.69
-398.331 -106.711 1285.54
-51.2346 206.472 1029.33
87.4874 -59.3743 1385.73
-31.7144 176.189 917.45
-415.977 -56.852 1255.41
-25.3553 212.856 1025.74
88.3083 -54.7935 1387.37
-13.2603 169.57 939.019
-545.768 26.5846 1148.97
17.0824 261.497 1413.85
68.0164 -60.6376 1381.47
9.46051 231.099 956.234
-542.768 47.6577 1109.86
65.9341 276.379 1409.39
65.3509 -63.3764 1388.76
50.4916 233.083 949.19
-516.752 70.3027 1086.35
66.6244 272.344 1400.1
69.6668 -74.485 1407.62
96.0278 237.344 945.651
-498.924 82.7881 1057.2
69.0896 270.24 1396.99
81.5489 -69.5922 1405.07
132.021 246.39 948.938
-461.597 99.0845 1031.94
79.4233 266.733 1392.53
84.5419 -70.1768 1392.33
161.674 254.359 937.678
-439.689 117.332 1013.6
107.392 227.218 1423.75
90.1353 -62.7805 1379.26
198.273 272.757 932.365
-396.179 131.256 1007.69
104.012 185.413 1518.38
84.974 -56.2286 1366.54
234.695 286.612 933.284
-367.476 141.862 987.592
99.1301 192.758 1541.16
91.2856 -53.5034 1367.02
280.868 287.654 939.471
-336.803 150.221 972.855
91.3541 173.026 1570.69
107.131 -37.4547 1380.32
320.502 296.962 950.986
-295.202 157.21 958.901
92.9842 176.467 1575.46
103.392 -24.0394 1376.1
362.042 312.309 957.299
-253.493 140.755 954.729
94.4682 172.738 1582.23
99.3735 -26.5421 1388.19
403.571 323.077 963.805
-223.029 137.254 946.63
95.4377 175.037 1581.27
112.779 -10.9317 1392.93
444.279 332.31 986.975
-201.134 112.328 911.209
98.3503 173.847 1582.82
112.703 -13.0785 1389.48
475.879 325.381 997.459
-130.5 98.792 972.68
103.273 176.061 1584.86
118.837 -10.0442 1395.58
485.494 241.223 996.822
-137.563 153.564 891.676
86.8591 196.537 1577.69
120.899 5.61251 1384.51
534.727 252.707 1009.8
-60.5801 198.566 955.611
82.6916 207.376 1573.48
118.61 5.45079 1399.31
575.366 313.215 1068.6
-48.2263 159.017 911.063
93.8886 197.358 1579.76
119.823 6.88164 1392.47
597.554 301.11 1072.9
-21.7814 147.871 890.963
126.968 185.449 1606.87
120.954 6.591 1389.56
624.154 292.838 1098.54
8.76406 141.445 865.424
145.853 323.77 1255.38
115.729 5.92804 1387.84
646.784 291.418 1121.91
41.9873 141.161 858.79
135.251 316.871 1257.46
105.056 5.09996 1386.82
667.143 261.872 1173.93
74.7836 146.545 865.07
127.225 311.042 1250.56
105.835 0.944868 1387.04
702.839 281.4 1172.62
112.228 167.73 866.143
124.057 303.904 1248.6
114.602 -13.7922 1377.55
722.765 268.206 1192.39
148.698 172.978 886.794
122.914 298.777 1246.31
117.55 -22.1978 1373.11
734.9 241.897 1212.82
189.635 198.335 896.854
122.505 294.661 1244.43
116.767 -24.2538 1368.98
751.3 238.006 1233.02
219.565 199.058 914.947
126.084 287.054 1245.68
119.617 -27.5652 1371.99
765.665 219.021 1270.49
254.365 203.972 926.619
128.526 279.879 1248.07
124.324 -26.6416 1385.81
784.529 227.418 1270.87
284.488 218.556 945.892
141.842 227.625 1265.61
130.357 -24.5435 1394.6
735.569 114.683 1341.9
312.175 220.642 967.986
141.941 226.586 1267.04
133.005 -31.0289 1402.01
738.055 96.3149 1361.81
339.783 230.068 986.5
120.025 203.775 1511.05
137.364 -34.2795 1408.82
739.395 81.7561 1376.31
366.303 230.8 1007.15
119.053 201.951 1520.9
139.869 -35.7019 1413.28
745.217 68.7229 1393.39
381.862 227.288 1031.67
117.541 199.09 1536.83
142.042 -35.7478 1416.66
820.089 138.393 1360.2
401.068 228.425 1055.25
117.047 200.696 1537.38
143.164 -35.4632 1419.86
835.846 149.848 1370.14
444.786 207.399 1035.14
116.774 202.04 1536.26
144.497 -36.2167 1424.95
806.618 97.4776 1394.04
457.78 205.051 1064.06
116.813 202.521 1536.37
147.218 -35.9124 1430.19
811.075 87.4032 1400.49
484.291 206.178 1078.26
119.252 202.808 1535.56
147.258 -34.8622 1433.75
769.519 22.7411 1438.07
429.316 212.681 1159.48
122.1 202.299 1537.44
145.234 -34.3367 1435.62
804.751 77.3448 1432.16
435.697 202.217 1170.92
122.547 201.374 1541.27
145.235 -33.8568 1436.29
800.471 70.055 1441.37
448.151 197.62 1185.68
121.176 201.487 1545.15
140.694 -33.9177 1434.98
840.306 105.262 1449.17
473.118 195.053 1196.17
120.289 201.354 1548.13
143.097 -32.1984 1435.66
704.389 -11.9167 1449.67
466.966 191.425 1220.61
118.994 200.514 1549.93
156.51 -30.5602 1425.15
712.515 -16.9054 1420.7
475.769 198.414 1243.11
118.836 200.323 1550.4
165.859 -35.4994 1425.3
709.619 -10.811 1404.2
500.491 199.625 1260.76
119.815 199.426 1550.97
162.924 -41.9137 1430.53
819.002 70.3135 1478.97
495.125 190.737 1273.63
120.252 198.309 1551.94
155.627 -39.6859 1432.62
823.127 68.5792 1471.05
464.197 182.909 1272.24
119.306 197.407 1552.75
150.058 -40.3041 1437.25
813.091 61.2991 1455.15
450.613 176.842 1271.31
118.59 197.002 1553.33
150.565 -39.7133 1438.27
788.203 27.536 1420.58
371.568 149.55 1241.35
118.495 196.562 1554.49
148.475 -41.4057 1442.34
802.278 45.8429 1415.21
441.582 165.54 1244.36
118.563 195.176 1555.09
150.525 -42.8975 1440.17
796.664 44.4497 1387.67
366.616 146.662 1222.92
118.556 194.398 1555.27
149.611 -41.6067 1438.67
784.279 33.9881 1361.6
449.761 164.594 1225.28
119.186 193.734 1555.62
148.768 -43.704 1433.84
767.974 20.9541 1333.1
461.231 161.222 1212.97
118.986 190.961 1554.65
154.214 -46.6053 1424.41
757.831 17.8507 1308.41
455.919 160.111 1193.31
118.643 192.295 1554.81
157.22 -47.7996 1421.64
748.365 18.4989 1290.68
444.465 161.671 1168.79
118.63 191.785 1556.97
158.789 -41.1139 1423.24
746.113 27.2438 1267.41
431.368 158.089 1150.02
118.476 192.208 1558.27
158.136 -43.2036 1419
738.839 33.0735 1243.92
420.26 156.064 1135.39
118.597 192.306 1558.61
154.927 -39.9496 1413.49
724.086 29.9312 1221.85
406.441 163.646 1114.31
118.447 192.467 1557.73
153.706 -41.9028 1410.72
701.164 26.1816 1206.13
380.036 166.766 1098.93
118.009 192.822 1556.19
150.401 -41.9145 1405.36
689.631 34.4693 1184.44
362.703 167.421 1081.67
117.951 193.537 1554.9
142.512 -45.4608 1398.52
679.194 44.6191 1158.96
342.672 173.45 1067.45
119.712 198.418 1547.37
136.457 -48.5688 1390.27
669.033 63.0423 1137.29
321.118 175.724 1050.94
122.039 205.092 1537.89
129.656 -45.0578 1385.68
648.958 79.3922 1131.64
296.041 171.327 1028.94
123.677 218.353 1518.21
126.755 -45.7549 1380.25
635.696 97.2331 1114.05
271.995 172.914 1016.17
126.86 241.223 1402.33
127.569 -49.4008 1389.31
619.005 116.025 1101.13
222.539 155.555 1009.43
126.854 240.28 1401.58
120.032 -60.1906 1392.95
591.821 112.386 1089.28
214.21 193.409 986.752
127.203 235.424 1392.45
118.011 -64.2695 1394.29
580.127 133.291 1065.77
175.512 201.694 980.504
139.325 219.189 1297.99
116.299 -63.6789 1391.09
562.751 153.966 1050.77
148.628 209.943 973.776
137.614 218.046 1299.13
114.842 -64.6724 1391.01
543.672 163.778 1047.73
117.427 222.223 954.02
135.868 217.465 1301.13
113.621 -61.2925 1387.77
530.595 185.405 1029.07
81.7797 224.33 943.468
132.803 217.862 1303.51
110.438 -60.5421 1389.99
518.362 208.974 1010.65
34.4518 218.778 1012.5
128.805 220.286 1310.47
110.954 -58.9405 1391.49
497.921 217.983 978.342
13.6195 230.515 1016.74
125.038 222.771 1314.4
110.118 -60.9521 1393.59
475.734 230.99 951.17
-7.95502 232.018 1025.51
122.094 225.144 1316.5
106.319 -63.3858 1397.8
455.778 243.988 930.187
-53.5707 229.322 976.037
119.16 227.455 1317.68
93.9198 -63.3009 1406.62
430.387 261.862 922.547
-106.469 209.164 1035.19
120.033 224.744 1313.21
90.9886 -67.5936 1409.88
402.652 263.838 914.845
-124.284 209.032 1025.27
124.508 215.584 1305.31
93.719 -67.0279 1406.94
376.793 268.719 908.643
-172.647 217.456 1022.05
74.0115 176.714 1541.2
94.9805 -72.246 1407.32
351.147 265.616 909.105
-198.783 229.512 1001.05
73.5615 177.293 1537.04
93.8133 -73.4152 1407.74
322.621 267.589 907.892
-233.09 213.726 1038.14
76.2131 180.018 1539.66
82.1837 -67.6927 1391.01
292.13 259.507 904.716
-263.965 200.751 1080.05
76.4154 182.916 1542.63
79.9365 -59.5608 1388.86
264.849 257.627 899.42
-281.612 207.522 1086.73
79.4493 182.888 1542.35
84.8299 -53.2842 1388.56
230.77 264.932 895.77
-312.909 212.412 1091.98
82.5435 181.162 1543.75
81.9287 -46.2738 1401.75
206.277 250.095 873.757
-353.702 207.856 1137.46
98.2701 177.457 1553.3
79.8762 -46.8928 1402.43
179.227 240.78 872.719
-369.747 205.43 1144
120.218 194.028 1544.43
74.3277 -40.6666 1406.69
146.003 233.317 878.027
-397.593 215.372 1140.77
110.97 230.221 1514.35
65.0321 -33.0257 1426.32
120.349 228.247 877.819
-425.727 209.427 1142.26
95.3342 253.184 1476.01
59.9931 -27.5987 1427.61
131.666 201.135 928.677
-453.384 207.702 1170.3
52.0403 311.022 1399.8
55.8736 -26.1098 1429.33
69.7708 218.901 886.159
-482.182 192.769 1189.99
51.1118 304.16 1398.74
51.658 -34.0625 1413.48
40.1226 222.466 895.578
-502.681 180.266 1194.08
50.1595 295.221 1389.65
48.2166 -38.2554 1408.85
17.127 236.278 893.797
-528.949 166.775 1199.2
38.1504 230.025 1318.78
47.6556 -42.2267 1404.4
-19.1591 220.771 907.951
-544.388 152.499 1227.37
38.2523 229.015 1319.37
44.7303 -45.6755 1400.43
-20.0831 213.111 941.45
-565.572 140.012 1247.75
38.6107 227.756 1319.34
46.7549 -52.4741 1399.81
-52.0303 158.618 969.301
-578.389 130.53 1268.52
34.6671 223.426 1322.46
48.2724 -56.9911 1398.5
-98.4796 198.681 910.122
-593.463 116.403 1289.03
33.8578 220.842 1324.48
49.9891 -64.4675 1402
-120.899 189.6 913.822
-606.082 114.638 1315.04
31.672 217.71 1329.09
34.9833 -61.8431 1401.27
-144.325 205.502 927.584
-623.785 94.7049 1323.15
29.8391 215.229 1333.41
37.6869 -61.2993 1407.95
-173.736 203.036 933.841
-622.82 81.6828 1355.73
33.7022 206.852 1380.12
35.7193 -63.8693 1405.58
-200.762 196.623 941.622
-637.77 78.5567 1368.89
31.4899 205.338 1403.35
34.032 -64.3475 1403.92
-220.19 185.972 959.17
-638.69 65.9735 1395.47
30.1397 190.012 1428.38
36.5779 -61.8637 1405.66
-239.949 189.333 982.223
-650.227 47.7998 1400
26.8345 178.409 1466.5
37.1286 -60.3865 1405.86
-256.52 178.187 999.811
-656.091 38.0541 1419.97
34.3844 175.346 1484.15
36.1475 -43.2695 1409.29
-202.931 136.905 1108.82
-646.635 10.2666 1444.06
31.9054 173.233 1512.07
35.858 -35.8186 1413.37
-231.477 143.58 1110.84
-548.651 -107.874 1504.55
34.0666 174.841 1512.48
37.0027 -31.2414 1417.44
-223.86 135.607 1136.05
-633.479 -43.0507 1486.44
36.086 173.95 1513.2
40.263 -23.4201 1425.34
-212.775 135.978 1165.55
-652.781 -11.7854 1480.34
35.6937 174.123 1520.66
39.1789 -21.4792 1426.96
-265.861 141.739 1142.88
-406.244 109.936 983.194
34.6191 174.973 1527.26
39.243 -17.282 1433.06
-279.289 133.97 1151.25
-421.851 106.945 993.543
33.1136 173.919 1532.19
37.4287 2.66276 1436.98
-290.671 148.125 1164.35
-438.115 82.0502 1018.08
31.2594 172.983 1535.84
27.3874 8.97903 1453.84
-300.756 162.478 1172.71
-442.714 55.9468 1038.73
30.4188 174.363 1539.52
26.9123 8.80695 1452.15
-329.955 160.847 1168.28
-459.325 58.4913 1065.41
29.2393 175.233 1541.99
39.314 6.12972 1445.07
-337.994 144.379 1177.83
-474.89 67.9179 1087.65
29.8159 175.459 1544.65
45.5122 5.56455 1448.24
-345.698 140.829 1192.4
-486.88 64.9378 1104.27
29.6345 177.774 1557.58
44.6849 6.63974 1450.19
-421.957 162.148 1185.79
-495.176 72.9194 1155.93
28.1227 176.278 1560.77
44.0312 6.44523 1450.11
-430.262 159.901 1209.84
-388.906 5.4358 1245.14
28.5195 175.076 1557
43.5503 6.65419 1453.77
-430.619 153.898 1221.93
-402.103 12.3243 1297.97
28.3782 174.752 1555.43
44.9192 3.37128 1455.22
-433.673 146.582 1233.71
-407.512 19.8267 1332.19
27.7963 175.127 1555.16
45.4796 1.10429 1457.3
-413.15 138.121 1254.37
-422.043 22.5817 1361.83
27.4781 175.017 1555.75
48.4428 -10.4141 1465.96
-466.62 133.351 1248.32
-435.934 27.841 1379.53
27.1566 174.658 1554.76
50.1188 -11.9619 1470.22
-461.696 138.237 1260.63
-444.68 26.2044 1383.7
27.1493 175.304 1550.03
50.3069 -11.5656 1470.85
-414.751 138.39 1294.11
-449.207 25.4701 1378.93
29.0865 176.628 1545.42
49.6432 -9.22769 1471.08
-405.767 139.572 1289.77
-471.041 36.4423 1307.52
30.2734 176.747 1546.36
48.9762 -4.56815 1468.54
-424.137 120.723 1280.53
-479.807 49.3919 1321.69
31.5806 176.396 1546.84
50.7114 1.1538 1468.73
-419.506 120.441 1287.77
-478.861 49.7215 1328.09
34.5803 175.636 1544.23
52.2871 7.284 1470.04
-417.743 118.235 1287.79
-476.717 45.9205 1344.1
35.2466 174.826 1545.6
53.6507 12.5232 1470.22
-405.045 112.866 1275.59
-461.11 42.5864 1338.63
37.4283 173.805 1542.03
54.5869 17.3512 1469.62
-379.765 117.883 1254.21
-441.792 22.7156 1309.14
36.9678 173.957 1542.47
55.6158 19.1245 1468.7
-473.081 139.967 1345.01
-409.437 10.4529 1267.18
37.4888 175.405 1542.16
56.2636 19.6757 1469.18
-463.955 152.514 1335.58
-411.828 14.2533 1242.93
37.9657 176.449 1543.05
57.8269 20.9051 1469.38
-451.677 141.582 1318.77
-401.305 2.93162 1231.32
37.4862 177.565 1543.24
61.7237 29.4999 1468.7
-446.177 158.459 1301.08
-402.126 -3.25218 1220.35
37.8345 177.697 1542.82
63.815 33.9763 1468.42
-433.257 164.02 1272.76
-391.662 -3.46782 1205.26
38.6657 177.517 1543.37
64.7592 35.1429 1465.96
-434.079 170.909 1260.64
-399.796 7.41064 1197.18
39.4603 176.644 1541.78
63.8129 39.2481 1460.81
-431.905 183.503 1228.39
-390.253 3.21044 1184.12
43.0666 170.666 1537.14
63.6853 45.131 1455.19
-404.037 165.245 1201.98
-395.518 -10.5491 1176.38
41.9211 171.684 1538.29
71.4339 47.7988 1455.46
-392.449 191.296 1170.42
-386.082 -28.8201 1164.49
41.4465 172.923 1539.2
71.5814 46.6301 1455.52
-363.14 186.977 1145.33
-375.913 -16.6281 1154.2
20.1277 186.776 1546.12
77.1668 44.7002 1456.49
-325.851 191.862 1108.34
-383.663 37.6132 1156.74
29.799 180.013 1543.3
74.3331 47.5662 1454.76
-281.438 184.816 1081.59
-364.047 48.5221 1134.98
55.5624 166.005 1533.23
70.2402 50.0218 1450.51
-246.075 183.348 1066.39
-333.28 56.0562 1116.45
47.8981 169.719 1536.54
69.4785 56.3797 1428.68
-246.362 204.046 1042.08
-311.446 52.9347 1109.83
47.5572 170.936 1539.98
69.4007 51.9352 1418.24
-221.906 233.543 1049.43
-319.185 40.5193 1075.44
55.7058 168.428 1535.31
76.6613 55.881 1398.99
-253.059 257.051 1035.36
-262.33 -0.58828 1060.89
53.9461 172.797 1519.14
82.7603 46.7005 1396.76
-165.762 253.389 992.732
-273.424 44.8807 1071.15
51.7221 172.844 1527.02
86.2408 43.2997 1397.37
-189.143 275.108 984.644
-153.473 3.58392 1049.2
51.8816 173.184 1530.62
88.0963 43.972 1382.82
-135.927 286.598 956.801
-120.634 -1.84732 1001.76
61.6249 159.373 1499.08
53.077 -80.9268 1375.73
-163.641 196.914 982.075
-629.877 -78.1143 1236.34
54.8792 168.29 1465.8
60.0479 -79.3339 1377.19
-139.98 199.214 982.5
-618.271 -54.6219 1200
59.8124 195.161 1422.28
60.3238 -79.4941 1376.27
-42.9344 178.48 991.331
-612.685 -34.3303 1156.33
55.7573 205.279 1420.9
61.8041 -79.0638 1375.95
-36.1408 195.888 981.823
-593.934 -14.4587 1129.4
53.0683 213.499 1420.41
66.7966 -82.4014 1364.37
-25.7358 206.772 966.469
-578.679 15.3421 1108.68
42.2252 239.026 1427.26
68.2413 -79.6087 1369.43
-0.612608 210.191 964.972
-560.136 35.1139 1078.06
28.8907 216.712 1402.59
66.2338 -80.53 1370.9
30.4154 220.492 961.734
-545.158 46.8239 1047.62
47.1712 206.628 1406.01
68.529 -78.2169 1370.48
61.2354 215.959 957.909
-509.738 68.3106 1025.73
41.0398 205.675 1394.14
70.6065 -71.4469 1356.13
100.65 218.122 949.918
-479.169 88.9333 1013.46
45.8872 209.603 1390.62
79.3851 -70.1607 1367.42
130.01 224.06 940.179
-454.565 106.88 1001.31
50.5346 212.301 1388.11
89.7532 -56.3989 1377.57
161.179 231.425 942.878
-415.356 115.217 982.681
53.9229 215.518 1386.02
91.2551 -58.5962 1373.93
190.301 229.709 939.936
-383.053 132.602 963.488
57.9813 218.067 1383.82
100.68 -60.6886 1382.68
214.827 226.199 939.777
-344.506 151.468 946.996
67.9907 218.504 1377.54
103.344 -58.6473 1380.89
254.124 227.12 941.971
-312.168 159.933 935.037
128.886 185.13 1471.38
92.9459 -72.6208 1379.45
290.889 233.062 940.971
-269.046 173.095 936.901
123.229 182.29 1499.73
96.0126 -65.5835 1377.93
320.227 237.72 947.482
-237.844 178.752 919.381
101.407 190.539 1515.97
95.2164 -64.7256 1377.67
354.077 229.539 952.747
-200.928 185.845 914.96
90.0697 185.606 1517.25
98.6297 -63.0963 1375.3
385.129 223.987 950.403
-156.581 192.219 924.86
91.4519 181.428 1516.73
100.66 -62.1287 1375.18
417.494 217.033 967.093
-126.531 194.372 907.995
93.8107 178.439 1516.93
106.315 -57.7909 1373.24
445.326 221.919 986.61
-87.5635 184.634 893.962
96.6323 180.287 1519.25
118.921 -45.4451 1376.29
475.8 222.286 1002.07
-54.0433 171.81 888.599
98.5856 183.197 1520.3
112.435 -35.0415 1371.23
507.377 237.906 1016.62
-28.2076 158.028 880.835
99.6814 185.247 1521.91
141.972 22.4872 1375.8
558.448 278.533 1037.97
-26.9988 98.1057 867.953
104.444 197.293 1528.91
137.626 19.3263 1399.99
581.933 261.959 1047.21
3.6191 92.4166 881.257
136.6 163.706 1562.52
134.492 21.1854 1399.7
605.947 249.239 1059.28
21.9237 88.9665 874.098
128.608 170.783 1566
128.355 11.0848 1388.77
616.679 244.623 1059.9
51.7438 83.486 858.18
91.6467 205.177 1251.98
121.553 -3.97041 1379.88
631.073 208.144 1095.98
89.5118 95.3201 871.763
92.6308 206.04 1251.38
112.737 -27.9462 1377.19
651.064 162.416 1126.77
109.268 63.7563 962.346
94.8699 208.751 1253.23
111.67 -37.7102 1375.62
657.634 108.193 1191.71
162.348 141.399 875.45
97.1265 212.623 1257.55
120.993 -47.9742 1372.74
661.408 89.8833 1219.03
189.585 135.986 888.628
102.112 213.361 1265.69
133.753 -45.3046 1368.72
676.509 77.8838 1235.79
139.731 76.5984 1034.06
107.426 213.815 1273.23
133.32 -48.0838 1371.66
685.733 67.8016 1242.9
231.869 121.37 941.704
112.575 213.622 1282.17
136.187 -53.523 1379.69
696.304 52.4722 1252.89
279.727 162.322 924.044
117.047 213.56 1289.11
136.964 -49.4388 1385.93
702.967 40.0408 1263.12
309.274 165.717 942.035
121.339 213.273 1295.35
140.515 -41.4285 1392.69
714.021 25.4313 1267.12
332.554 165.465 967.396
127.604 211.402 1299.76
141.902 -42.8162 1394.96
722.237 15.7753 1276.31
356.591 169.038 992.486
132.004 210.254 1304.3
141.276 -43.1608 1395.53
738.172 15.1023 1280.3
379.126 168.205 1009.87
135.286 209.585 1308.02
145.278 -40.6084 1400.14
730.867 -8.96242 1310.03
402.584 171.574 1019.03
138.616 209.193 1312.11
145.842 -38.706 1402.74
747.826 -9.29816 1315.27
416.949 171.311 1043.9
136.321 186.526 1481.71
149.05 -37.5998 1406.15
755.491 -3.87443 1330.95
431.591 153.865 1054.93
138.326 188.049 1508.96
157.139 -38.6383 1404.23
748.963 -11.8922 1358.49
458.614 155.448 1054.35
139.955 189.933 1518.86
161.324 -38.5284 1404.84
769.145 -8.1729 1357.36
472.267 151.533 1070.18
140.74 185.265 1524.46
165.289 -34.3456 1411.77
771.468 -8.73208 1366.76
484.229 147.683 1095.23
142.772 184.479 1527.94
166.718 -31.1825 1417.59
773.434 -11.9635 1381.38
484.999 132.849 1110.83
144.972 184.947 1528.34
173.129 -25.4547 1425.9
783.138 -20.6947 1381.93
489.969 146.694 1136.06
145.146 185.757 1528.64
171.63 -22.7538 1439.51
785.478 -29.0836 1380.97
490.818 147.094 1172.8
144.933 187.452 1527.92
171.613 -20.4047 1445.28
786.303 -31.4387 1386.65
494.842 151.375 1191.4
144.789 188.532 1527.8
170.209 -20.3767 1448.64
812.14 -9.13788 1384.67
502.344 149.254 1206.51
144.611 188.163 1527.8
171.258 -20.4286 1449.25
813.934 -12.9588 1393.37
503.417 155.57 1217.43
144.125 187.133 1528.64
170.046 -7.52468 1431.17
822.052 -6.60918 1407.85
490.455 157.792 1240.78
143.193 186.201 1529.24
169.194 -11.6316 1410.7
828.35 3.30617 1413.34
491.9 148.192 1257.6
143.282 185.18 1529.27
170.97 -17.5579 1404.02
827.273 0.239559 1426.84
473.702 135.113 1258.8
143.242 183.949 1530.15
173.037 -27.5741 1409.79
826.007 7.71768 1426.49
463.401 126.114 1259.28
142.8 182.964 1528.26
168.006 -32.2633 1416.27
818.997 6.33725 1425.12
468.313 112.632 1243.11
142.342 182.5 1526.69
164.933 -37.798 1419.4
819.536 7.16932 1423.6
462.454 111.955 1230.44
142.206 182.316 1526.57
164.015 -38.8489 1420.96
809.504 -1.85678 1406.03
452.165 108.238 1223.85
141.402 182.566 1526.85
163.175 -39.606 1420.87
795.199 -15.0029 1396.8
462.671 108.804 1215.29
140.506 182.533 1527.09
158.863 -30.5835 1425.74
783.131 -27.5217 1380.06
446.991 114.639 1194.46
140.225 182.73 1527.2
164.534 -27.0303 1422.37
778.759 -35.9638 1359.84
444.159 121.965 1181.79
139.913 182.2 1527.39
166.469 -32.3456 1418.35
772.462 -31.402 1340.9
433.583 125.684 1173.53
139.026 181.883 1527.33
169.133 -36.4686 1416.29
759.41 -29.8754 1325.82
412.898 127.644 1146.5
138.722 182.092 1527.24
171.431 -37.9666 1414.5
741.203 -32.5357 1315
414.224 121.062 1118.87
138.047 181.837 1527.92
171.421 -39.7685 1412.8
724.36 -31.2576 1302.66
401.739 123.202 1096.74
137.719 182.244 1528.9
170.958 -42.9461 1404.8
715.191 -22.6258 1286.85
366.991 123.411 1078.27
137.039 182.384 1529.93
162.703 -42.5506 1398.61
712.628 -7.31963 1269.35
372.96 117.977 1054.41
136.186 182.158 1529.7
155.512 -42.7469 1393.88
711.655 3.98466 1250.78
342.604 122.078 1040.93
130.428 185.378 1515.85
151.913 -41.9126 1388.86
712.683 23.5404 1225.09
326.501 121.093 1029.12
132.443 185.113 1521.26
151.123 -41.5223 1383.63
695.036 29.7481 1209.61
295.796 119.911 1013.82
132.881 205.664 1478.35
142.904 -41.4961 1381.3
687.085 40.2582 1194.43
173.155 99.7727 1023.08
133.793 227.611 1439.18
139.56 -39.885 1377.74
664.64 46.2899 1183.8
259.528 127.325 981.065
152.229 229.083 1389.28
136.705 -41.2388 1377.43
653.394 61.8997 1154.42
201.026 97.6626 1020.29
150.759 225.162 1384.19
133.254 -51.974 1377.67
636.667 60.74 1143.36
200.715 108.657 1012.5
149.526 222.843 1377.92
132.039 -59.7922 1370.99
618.234 59.3482 1134.87
187.002 155.125 952.136
149.517 221.986 1374.01
129.455 -63.3833 1370.09
593.326 62.0416 1130.08
165.278 162.079 938.275
141.688 215.817 1357.68
122.849 -68.1321 1369.5
568.659 56.2495 1123.64
132.029 168.578 935.488
137.804 210.381 1349.59
122.383 -67.6094 1365.87
561.196 72.4648 1096.76
108.229 171.845 925.979
135.073 205.632 1346.2
121.626 -65.7811 1364.32
563.603 101.947 1059.31
67.8277 164.745 923.576
116.201 191.081 1375.89
118.657 -64.4584 1362.77
556.592 123.749 1027.26
45.1032 168.809 1016.71
111.426 181.668 1393.63
113.819 -63.9797 1362.31
535.658 132.195 1008.55
13.8055 169.925 1025.75
112.269 180.675 1431.38
106.011 -59.9613 1361.28
524.318 159.601 987.084
-13.8838 168.831 1025.91
114.109 177.714 1452.43
104.315 -60.8866 1367.57
504.612 170.063 965.119
-40.9629 161.274 1021.57
89.3686 189.047 1464.88
105.407 -60.9533 1366.29
491.215 182.348 937.654
-58.8783 198.773 899.152
93.0476 186.756 1467.56
103.463 -62.0845 1371.47
471.346 191.049 922.842
-161.211 143.586 1058.23
95.1678 183.615 1470.86
101.329 -63.6099 1375.41
452.635 191.576 907.206
-170.435 139.449 1054.39
91.6748 176.155 1485.78
101.522 -71.4836 1367.29
429.232 181.587 887.386
-231.053 87.5227 1083.06
89.2232 178.03 1518.45
101.226 -63.7303 1381.29
407.731 183.187 865.546
-219.942 163.936 1010.14
85.2798 177.85 1522.53
102.121 -64.9643 1379.96
376.835 192.678 852.611
-245.71 161.29 1020.41
87.865 178.73 1510.18
101.928 -64.2742 1379.05
347.311 198.028 848.93
-275.53 159.9 1031.87
90.3684 180.129 1504.49
102.615 -64.4285 1379.44
314.474 202.094 834.651
-296.112 158.265 1061.87
91.6849 181.754 1510.23
100.348 -63.6025 1380.79
284.506 203.341 835.262
-318.724 148.787 1107.93
92.5607 182.635 1513.33
99.4197 -65.1733 1382.62
256.549 204.68 830.813
-336.86 147.272 1108.58
92.9888 182.152 1513.49
92.3367 -60.6582 1373.67
226.363 196.857 842.598
-374.305 144.774 1094.45
92.943 181.747 1513.48
87.2145 -54.8573 1373.78
200.519 193.807 841.48
-402.123 150.747 1093.55
90.7492 180.522 1514.53
85.1593 -44.0331 1378.36
173.473 180.072 844.844
-422.273 160.712 1114.66
88.6677 180.758 1516.44
83.3729 -34.4655 1390.56
144.516 167.411 836.532
-443.303 166.781 1140.27
99.7676 284.157 1381.78
81.4548 -29.9143 1390.41
159.938 153.096 939.506
-469.083 155.312 1153.07
98.1902 285.294 1381.93
73.5141 -27.9945 1388.35
91.6743 163.17 840.528
-493.707 147.732 1163.56
88.183 286.046 1379.79
71.2502 -28.9283 1391.91
65.0541 162.272 847.424
-513.85 131.007 1186.5
79.0282 283.444 1373.12
67.6234 -47.379 1383.8
36.0385 172.41 868.615
-524.009 109.415 1198.24
71.9215 276.844 1361.47
67.5338 -52.5974 1380.77
9.17956 179.807 860.234
-538.375 87.233 1211.29
0.281901 204.658 1224.29
60.1169 -50.7851 1372.39
-21.1924 174.091 876.534
-560.621 78.7378 1228.26
12.1582 207.227 1229.65
62.4994 -52.9986 1372.15
-46.1104 171.588 862.609
-579.668 71.1903 1239.44
13.157 208.67 1232.91
63.3972 -50.2137 1377.3
-70.798 155.925 879.821
-595.508 61.1565 1260.43
16.0435 206.382 1240.2
61.1897 -49.5935 1376.03
-104.027 143.303 893.898
-601.206 52.3779 1291.9
17.1014 203.519 1251.96
59.9272 -53.7945 1378.69
-134.028 121.594 839.922
-608.283 54.5248 1326.49
16.7013 205.287 1264.66
57.1857 -53.3107 1378.56
-160.494 120.304 861.965
-615.811 45.5133 1354.16
27.521 180.783 1399.72
55.0254 -54.3603 1379.01
-184.534 115.357 876.073
-624.444 37.0145 1375.27
30.9922 186.932 1400.02
46.2016 -58.7724 1383.01
-214.694 120.591 887.401
-630.386 15.8321 1393.52
29.8678 181.965 1423.74
49.5024 -62.2061 1387.87
-235.214 114.481 911.252
-637.458 10.4565 1415.37
32.13 176.979 1442.93
49.4146 -62.4352 1391.79
-260.295 120.868 926.47
-643.379 -3.41795 1436.56
34.5912 177.384 1464.12
43.8136 -52.6576 1408.48
-288.279 130.052 947.158
-645.568 -28.5385 1451.26
37.7696 178.266 1484.71
35.3089 -25.7606 1421.44
-316.636 163.641 965.348
-605.911 -99.249 1491.76
42.0325 181.01 1494.37
38.6593 -27.6212 1419.62
-337.521 159.36 985.474
-605.751 -108.903 1514.12
45.6447 181.58 1499.43
39.8485 -26.8115 1422.36
-348.534 159.709 1006.48
-623.721 -115.97 1519.02
50.0333 182.446 1506.78
51.5155 -18.9406 1423.2
-350.985 151.598 1036.47
-595.198 -138.639 1544.44
54.4624 183.513 1509.05
51.7599 -17.6638 1428.43
-372.589 151.878 1056.31
-559.502 -168.175 1574.77
56.8711 184.961 1511.54
51.9525 -15.6377 1431.95
-383.375 146.735 1073.95
-615.253 -138.303 1581.02
58.8721 185.346 1512.73
53.7774 -14.5339 1431.09
-393.674 99.0131 1084.35
-230.237 115.418 1182.88
60.3314 186.199 1512.61
53.8185 -13.841 1432.45
-399.64 114.562 1104.35
-245.829 61.5872 1252
62.694 188.126 1511.76
54.7141 -11.3536 1435.91
-362.613 96.5369 1138.41
-412.95 82.4903 1130.78
63.9647 188.012 1510.36
56.7337 -8.76993 1440.33
-364.262 103.476 1158
-421.812 70.8162 1144.55
67.843 188.158 1508.77
55.892 -2.21726 1456
-362.817 114.842 1173.73
-426.287 62.6794 1160.25
70.0559 188.399 1508.14
56.1019 -0.953319 1456.94
-354.945 122.433 1189.03
-428.988 55.3406 1180.9
74.4577 188.235 1509.39
57.669 0.528538 1457.92
-344.796 130.648 1206.83
-430.873 43.5485 1192.45
77.8469 187.172 1510.9
59.3947 1.12239 1457.42
-345.167 141.209 1213.72
-417.861 29.4065 1215.14
79.9669 187.095 1510.48
74.9075 1.43379 1447.17
-324.91 129.165 1217.79
-410.095 38.3094 1224.61
82.4753 187.724 1509.62
84.4221 -6.40778 1452.24
-320.291 125.431 1226.85
-401.415 49.1243 1225.97
87.1896 189.326 1507.07
88.0998 -7.00778 1451.3
-316.111 120.549 1229.96
-390.427 53.6313 1235.19
87.6342 190.155 1507.04
89.2628 -6.38869 1448.78
-315.774 110.637 1240.43
-403.443 57.2464 1256.18
88.2628 191.245 1507.09
79.7974 3.05634 1446.9
-391.628 129.368 1260.5
-223.672 69.3893 1409.3
89.6978 191.921 1507.49
83.6392 3.42379 1446.2
-389.139 123.929 1264.99
-232.591 65.8888 1417.24
93.7304 191.627 1507.68
86.6959 3.14694 1445.63
-379.454 122.288 1262.88
-249.188 67.307 1425.84
93.3329 190.682 1508.95
93.6373 0.556345 1444.85
-365.302 113.783 1250.19
-269.242 73.3005 1433.3
98.0241 189.845 1510.81
96.6216 -0.862745 1444.58
-345.725 122.041 1236.12
-288.463 60.1716 1436.6
100.443 188.82 1510.06
97.2756 -1.50952 1445.04
-339.062 121.666 1228.18
-241.092 70.1801 1411.15
103.501 189.09 1507.24
100.572 1.11825 1443.98
-250.893 113.807 1183.3
-357.664 73.1015 1217.37
113.443 186.815 1496.48
99.8374 2.87987 1443.34
-253.628 118.049 1164.29
-352.977 79.2277 1209.01
113.067 187.825 1500.2
97.1592 18.3685 1435.61
-255.089 126.688 1145.34
-341.687 76.4688 1197.12
117.376 186.257 1500.04
104.969 34.0101 1438.79
-261.839 146.228 1131.68
-344.205 83.2664 1184.56
118.705 185.759 1503.03
111.959 39.8189 1435.74
-257.486 158.215 1112.48
-331.333 76.8396 1167.82
116.911 185.889 1505.98
105.302 52.1635 1431.37
-258.833 178.862 1091.38
-312.799 68.6369 1156.93
108.317 182.622 1542.47
101.296 59.5098 1426.92
-303.025 222.091 1100.47
-270.89 11.0702 1124.08
104.015 179.881 1534.85
105.377 59.7392 1418.45
-282.862 216.945 1075.09
-210.5 33.8837 1096.49
104.229 178.441 1531.06
117.478 66.4902 1408.78
-246.388 225.115 1051.45
117.603 24.4395 1103.75
102.046 176.418 1525.05
125.316 62.8248 1401.27
-237.839 224.037 1001.13
97.7152 26.7993 1199.74
105.287 177.936 1520.89
104.565 -2.24968 1382.79
-231.703 178.689 977.182
85.3495 91.1178 1161.82
105.499 179.117 1523.51
103.164 -3.64881 1383.58
-219.952 205.455 963.266
-574.291 -138.351 1348.39
110.697 184.393 1476.04
111.253 -68.2237 1385.2
-187.891 150.322 962.068
-600.029 -64.2788 1313.92
108.68 180.171 1462.14
101.448 -71.1507 1385.89
-154.146 169.345 935.242
-591.252 -58.7505 1289.87
113.874 178.255 1459.32
113.071 -72.3157 1399.29
-6.93667 172.969 985.389
-619.489 -69.5403 1198.83
77.7672 206.079 1356.4
112.683 -70.7874 1396.93
21.4129 174.146 970.061
-601.705 -47.4639 1171.33
76.3337 212.445 1353.91
107.692 -64.5604 1381.41
11.6971 196.465 957.999
-592.033 -20.7161 1130.7
75.9913 220.015 1352.34
108.455 -70.6711 1379.08
35.6488 213.051 952.305
-567.437 -2.57992 1102.61
78.3014 245.547 1347.14
100.893 -73.2958 1374.51
76.4422 216.168 947.62
-539.774 7.08129 1072.73
78.685 244.474 1346.95
102.113 -77.0783 1373.91
110.801 225.106 934.271
-510.523 23.1172 1056.54
149.223 229.683 1344.63
100.003 -80.0198 1374.45
154.417 228.639 934.602
-487.743 33.8224 1029.11
154.05 230.255 1344.63
98.3266 -79.4022 1376.9
188.176 238.807 933.9
-455.451 41.8501 1006.14
155.93 230.646 1349.76
106.023 -82.6884 1386.64
217.46 245.26 929.4
-417.282 55.8377 994.531
157.803 230.54 1355.18
117.47 -67.5012 1377.04
256.768 244.092 920.711
-388.71 74.5129 987.682
163.484 218.958 1384.73
120.5 -69.391 1374.24
293.813 241.411 916.118
-357.782 93.8686 979.106
156.729 205.671 1439.57
120.393 -67.8332 1374.04
334.437 245.741 924.891
-321.886 101.38 969.715
133.289 183.647 1534.39
120.884 -64.7811 1375.2
371.193 245.666 932.215
-300.041 119.467 951.648
132.592 180.844 1538.18
120.754 -65.4717 1378.48
404.376 237.702 941.37
-259.618 131.46 947.374
129.877 173.509 1549.21
119.398 -65.0496 1379.3
438.141 232.515 950.441
-237.873 142.709 931.952
130.14 174.856 1552.69
114.245 -57.5838 1393.08
465.756 243.97 966.875
-202.446 143.172 920.864
129.349 174.129 1552.76
115.47 -57.3162 1386.84
495.64 232.177 975.475
-168.817 142.155 914.364
127.896 173.74 1549.8
115.949 -55.7574 1382.46
512.327 169.629 971.594
-130.497 150.273 913.071
126.163 174.355 1549.56
119.448 -33.2658 1373.47
550.268 220.456 994.042
-96.3127 134.258 910.808
124.693 174.569 1549.34
136.979 24.2384 1360.46
592.339 261.342 1009.86
-85.8187 44.1905 875.909
124.219 175.359 1546.63
136.463 26.6228 1357.15
608.802 257.642 1017.84
-51.5218 86.7952 910.237
127.143 187.865 1530.47
128.611 14.6177 1355.3
649.656 235.94 1088.74
-46.0835 51.391 837.324
124.964 195.748 1526.44
131.085 14.5342 1354.34
656.17 188.22 1174.07
0.897204 61.0238 877.688
118.939 213.486 1479.52
150.285 15.1524 1353.56
663.75 165.82 1192.41
28.8139 59.3803 884.968
113.912 219.17 1465.73
148.193 10.3157 1357.9
670.037 154.667 1211.25
68.1714 78.0055 870.76
108.045 225.176 1470.81
123.738 -52.8758 1368.91
658.85 95.6694 1218.62
128.759 145.7 870.439
113.443 229.73 1463.64
129.496 -53.2015 1368.69
670.156 90.1669 1236.7
164.206 152.972 882.065
129.184 235.555 1442.44
138.315 -52.1507 1371.72
676.475 76.6204 1257.96
186.651 128.902 922.92
134.563 231.785 1417.67
142.714 -52.9754 1374.75
690.876 71.4528 1264.82
232.52 161.481 913.014
140.723 210.042 1370.95
149.089 -50.1797 1367.45
700.38 66.5425 1274.42
261.403 164.451 928.038
146.234 210.959 1369.22
151.804 -36.2627 1368.24
706.828 67.4509 1296.72
288.978 152 940.737
152.659 210.29 1359.17
157.036 -30.5689 1372.49
710.315 70.1562 1322.12
315.412 145.621 957.215
157.686 209.392 1352.2
169.429 -21.8385 1383.69
713.373 56.8196 1339.03
342.976 152.421 970.189
160.964 202.873 1349.26
172.588 -23.4959 1388.97
737.065 57.199 1329.15
364.688 166.559 995.906
164.53 200.396 1346.14
174.303 -25.9284 1392.65
747.465 54.6524 1344.79
391.016 164.665 1002.32
165.558 201.669 1346.44
166.724 -18.3879 1391.86
755.016 40.6485 1361.01
414.118 165.665 1009.04
165.562 199.508 1475.99
166.023 -19.8862 1397.87
769.764 23.0462 1358.49
424.271 189.727 1042.64
160.509 189.209 1502.06
171.541 -28.7885 1398.86
779.982 19.3524 1364.25
440.165 195.9 1070.31
153.279 185.519 1519.69
175.311 -31.2797 1400.65
789.109 21.0511 1374.65
456.74 183.955 1079.6
141.842 184.856 1532.35
173.089 -26.9566 1400.27
796.779 16.3307 1377.77
466.874 180.768 1099.12
136.301 188.407 1535.58
173.75 -25.6183 1404.5
800.838 9.16648 1396.79
469.604 183.82 1116.76
138.13 190.441 1535.33
174.682 -23.0144 1408.5
808.239 9.30416 1407.52
470.811 183.337 1130.01
138.51 192.366 1535.5
176.237 -20.1499 1410.55
812.684 14.5617 1417.08
465.146 175.203 1154.97
138.678 194.143 1531.94
174.063 -17.9768 1409.85
813.072 15.5014 1426.05
472.457 169.789 1168.84
139.44 194.78 1528.72
167.943 -10.6956 1413.52
813.652 28.8048 1436.42
480.859 172.52 1191.22
139.101 194.099 1527.25
163.019 -1.77205 1423.52
818.73 25.4044 1441.64
467.593 166.445 1210.36
139.267 194.892 1525.8
163.002 -0.140908 1428.69
815.232 20.4183 1448.23
452.523 153.791 1223.73
138.506 195.348 1523.84
159.545 1.05876 1433.16
810.895 14.655 1457.83
436.898 158.721 1249.52
137.609 194.746 1523.19
157.191 3.61018 1437.36
816.709 16.132 1457.98
436.369 156.321 1265.71
136.354 193.444 1523.52
156.355 3.88317 1439.81
730.467 -30.9362 1377.47
444.914 160.159 1288
136.046 193.523 1523.93
158.193 -8.89454 1431.72
866.268 85.1883 1447.84
-65.009 -36.6209 1429.21
135.858 193.956 1524.59
158.216 -15.8846 1424.99
815.862 38.2087 1449.36
-67.5957 -62.0766 1426.08
135.044 194.546 1526.07
159.327 -24.4591 1421.19
814.442 49.6536 1432.09
-71.4025 -89.2714 1429.89
134.938 194.807 1526.93
165.131 -29.2122 1424.54
820.357 43.5318 1412.42
-75.2868 -87.5935 1427.2
134.8 194.731 1527.44
169.859 -31.6279 1424.23
800.985 22.2229 1389.62
-72.8871 -71.7857 1426.3
133.001 194.728 1527.91
171.849 -34.1095 1421.86
788.2 -2.53981 1371.95
-68.9717 -65.9732 1433.87
131.96 193.953 1527.97
171.302 -36.0963 1419.77
789.604 -1.0164 1350.46
-68.0082 -58.5297 1433.2
130.811 193.758 1528.25
170.92 -33.9099 1421.36
785.328 5.18851 1331.76
-70.9089 -70.6508 1430.4
128.88 193.091 1528.22
166.222 -38.1315 1426.14
761.74 0.610088 1316.28
-69.2662 -70.5941 1438.44
128.286 192.68 1529.03
162.123 -34.6957 1418.98
741.677 -12.228 1304.7
-63.8877 -52.3544 1432.53
127.704 191.754 1529.29
162.272 -36.0708 1415.28
728.541 -11.7651 1286.61
-68.6742 -67.8933 1438.55
126.641 190.31 1527.79
155.787 -32.0136 1412.14
717.426 -9.2194 1273.24
-68.9799 -69.5696 1430.44
127.044 189.542 1527.19
154.507 -26.7216 1409.8
712.79 -5.20015 1257.2
-64.3581 -59.343 1420.83
126.391 189.036 1526.72
155.099 -25.9519 1407.93
704.177 -0.941929 1242.66
-63.6099 -60.8873 1414.24
126.522 188.295 1525.22
155.325 -26.3581 1404.08
695.578 9.6891 1223.16
-63.0047 -39.3561 1450.43
128.735 186.474 1517.34
156.498 -33.868 1395.74
690.281 27.7339 1210.29
-48.4152 -34.1472 1450.64
128.687 187.11 1519.09
156.172 -38.6538 1392.15
668.584 36.5809 1201.67
-62.8478 -66.2816 1379.37
127.822 187.49 1519.52
155.409 -42.2333 1388.82
656.947 48.4814 1198.59
-1.20131 -6.44393 1368.68
127.339 188.095 1518.76
153.856 -46.37 1385.95
647.761 55.9229 1188.99
131.5 85.4056 1197.14
129.545 192.136 1508.52
153.177 -46.0673 1384.76
637.348 63.1884 1175.75
249.614 137.936 1025.21
137.113 205.198 1482.67
151.268 -45.3182 1381.85
622.544 75.5787 1161.01
238.841 144.096 1011.59
166.723 209.571 1456.75
144.932 -42.9373 1376.59
607.788 83.9132 1152.27
207.246 119.972 1031.78
167.959 204.666 1429.83
134.104 -40.3864 1374.95
592.29 99.1959 1144.88
190.972 145.922 986.362
174.824 202.042 1414.51
135.052 -40.582 1367.67
573.82 102.118 1138.29
168.171 149.392 977.549
151.135 201.61 1366.22
130.561 -42.438 1367.13
561.357 112.054 1112.8
139.003 153.876 977.36
122.929 186.018 1375.09
122.176 -52.4069 1369.61
594.804 173.845 1031.59
112.208 166.314 972.935
111.836 182.292 1371.19
117.943 -56.7292 1370.29
562.786 156.284 1045.46
86.5945 171.649 966.687
105.228 183.549 1370.42
114.341 -61.184 1371.07
550.021 166.007 1027.21
58.9808 175.314 963.615
107.536 183.412 1409.21
111.487 -61.8774 1372.1
543.022 188.664 1008.41
12.7242 173.765 963.914
104.517 181.411 1401.21
109.969 -61.6957 1373.15
526.712 203.812 996.006
-59.7813 114.507 1151.45
102.648 181.14 1418.64
110.017 -60.7322 1373.27
511.362 211.452 978.634
-80.1568 108.594 1132.73
93.5279 179.639 1435.54
106.214 -60.1657 1374.86
498.153 223.909 949.43
-156.495 78.7044 1075.61
86.6834 176.076 1468.28
97.9464 -67.3856 1386.29
480.516 228.451 936.239
-111.167 168.447 988.704
81.1182 171.533 1483.37
96.5127 -66.8062 1389.28
467.709 241.975 924.924
-162.891 98.929 1073.2
78.6886 169.509 1482.64
94.6392 -69.5377 1389.61
450.814 240.518 914.503
-160.139 185.687 962.553
74.44 171.545 1489.4
99.7833 -74.2477 1387.48
446.485 239.734 895.024
-218.798 155.282 1033.4
75.308 172.136 1494.09
101.788 -72.8888 1385.5
429.113 242.818 886.013
-241.957 136.685 1090.32
79.2584 172.756 1495.9
102.859 -70.5964 1385.36
409.309 249.181 879.151
-260.074 138.091 1084.2
81.6337 175.13 1498.14
104.678 -79.4454 1386.65
378.361 259.065 879.322
-277.223 131.3 1085.66
84.2162 175.881 1499.66
103.701 -75.8741 1384.96
352.504 267.099 873.214
-317.07 137.73 1100.1
91.3901 177.623 1506.38
104.038 -71.6842 1392.1
327.441 265.402 873.896
-345.491 120.579 1113.73
96.1517 177.544 1509.33
104.958 -72.3835 1391.09
302.552 263.569 870.438
-367.426 134.787 1125.84
94.3031 177.648 1507.6
112.279 -63.0885 1384.51
278.466 263.066 867.03
-392.742 129.191 1133.59
97.3412 178.768 1510.82
111.935 -57.4977 1378.38
251.083 260.127 856.643
-411.488 124.971 1159.66
95.9755 180.24 1512.96
106.136 -55.0281 1380.24
227.923 253.012 857.921
-438.487 126.067 1165.32
93.7864 179.634 1511.38
103.355 -52.5336 1381.62
204.965 252.759 859.263
-460.189 119.168 1181.84
97.113 179.515 1512.59
97.8897 -49.4623 1380.28
180.125 252.874 859.428
-481.938 118.786 1201.27
117.371 181.197 1515.89
95.2033 -47.1633 1381.28
154.781 250.115 863.369
-497.164 108.181 1230.03
135.569 210.527 1497.51
89.2519 -48.5081 1393.84
130.941 252.512 862.136
-515.626 96.2969 1252.26
154.927 222.206 1468.68
86.9139 -45.2652 1388.83
106.028 249.43 858.511
-530.758 91.3473 1279.17
132.371 218.661 1438.5
83.9385 -48.9958 1373.75
79.2773 256.38 868.065
-548.439 77.3492 1283.1
119.446 244.635 1420.58
83.1197 -47.1931 1372.75
62.1602 256.986 866.062
-557.643 63.4553 1309.12
94.0422 234.087 1380.52
80.8348 -43.229 1372.01
28.9718 257.189 875.567
-570.203 53.151 1331.33
92.1827 232.542 1374.9
78.6656 -43.1558 1373.6
12.3912 243.801 879.299
-584.117 48.7669 1346.86
90.716 230.519 1369.67
77.1225 -44.3043 1376.64
-13.8615 240.463 881.926
-593.891 42.5496 1363.36
83.0507 220.566 1352.76
73.0788 -50.0252 1380.18
-42.4048 231.079 891.205
-601.39 39.6291 1385.79
74.8479 209.025 1364.92
77.457 -63.8386 1391.77
-80.1178 238.03 900.717
-610.388 22.8936 1405.96
73.4596 212.509 1396.48
76.4763 -58.8391 1386.31
-70.1018 165.277 967.42
-615.692 17.4727 1427.94
76.7678 206.283 1408.73
75.7098 -56.1032 1384.27
-112.83 220.577 936.917
-629.518 8.18537 1436.59
64.6039 200.431 1446.77
75.2211 -54.117 1384.12
-138.067 217.753 915.995
-634.767 -11.1223 1464.16
60.3515 200.147 1456.44
76.1299 -49.9634 1388.28
-113.871 157.802 1022.54
-623.462 -18.4529 1495.68
65.6298 199.467 1448.05
76.525 -53.2862 1389.5
-127.277 150.347 1034.89
-629.008 -28.7057 1514.34
68.7822 196.205 1446.66
78.4929 -61.9375 1392.68
-203.457 201.083 958.77
-632.889 -27.2485 1533.68
72.9033 193.909 1447.4
81.5728 -50.5895 1395.2
-221.241 207.958 984.645
-644.759 -49.9586 1542.67
73.0629 192.61 1450.53
83.1246 -54.6789 1392.53
-236.464 201.71 1002.86
-637.019 -53.7499 1562.64
72.7939 191.504 1449.04
83.1554 -56.2897 1391.45
-182.413 142.981 1086.15
-640.511 -63.244 1581.56
72.1609 191.792 1446.51
87.8176 -35.7828 1397.27
-184.326 156.555 1106.78
-636.938 -89.0727 1597.12];