d81 = [111.523 192.779 1571.86
123.717 -95.7502 1404.7
355.842 -410.369 1146.76
-96.4111 -472.391 1183.6
112.06 192.926 1572.41
122.765 -98.4937 1403.98
359.694 -413.769 1142.41
-94.0752 -478.663 1166.85
114.441 193.141 1571.08
122.683 -100.16 1405.22
361.963 -414.647 1143.2
-89.7702 -483.366 1159.55
116.929 193.394 1569.75
124.582 -103.386 1404.23
360.278 -417.197 1138.33
-88.1685 -474.286 1163.73
118.724 193.572 1568.82
129.085 -96.8411 1418.73
356.885 -422.249 1133.7
-85.7254 -465.134 1164.71
119.895 193.743 1567.55
127.262 -97.2659 1423.99
353.398 -431.582 1129.88
-80.0408 -459.781 1170.63
121.126 193.095 1566.31
129.056 -95.1235 1426.67
343.961 -439.762 1135.83
-81.4467 -461.257 1165.01
122.044 192.305 1566.02
140.154 -83.5844 1425.63
345.597 -429.419 1140.28
-81.0169 -464.525 1157.78
123.977 192.531 1564.71
138.7 -84.0323 1428.34
341.581 -428.148 1145.63
-79.0163 -464.915 1156.32
124.161 192.101 1565.23
137.414 -82.9317 1429.06
337.473 -338.718 1247.1
-80.2257 -463.709 1154.28
124.278 192.458 1565.5
135.587 -85.0421 1423.81
337.071 -409.889 1190.77
-80.9548 -464.545 1142.83
124.557 193.281 1565.89
134.329 -81.9161 1424.94
331.376 -410.955 1187.95
-69.8008 -459.529 1157.58
124.827 194.447 1565.7
131.451 -84.4211 1407.38
330.628 -410.644 1186.54
-84.8296 -475.772 1137.46
125.366 195.653 1564.94
129.257 -84.9143 1406.76
327.748 -405.755 1180.87
-76.9492 -483.475 1148.77
125.591 196.33 1563.63
129.668 -84.8947 1405.59
325.341 -403.184 1167.39
-80.8153 -480.045 1151.04
125.47 196.836 1562.87
130.301 -85.2305 1404.76
327.336 -396.458 1148.94
-82.976 -480.906 1149.98
124.676 197.418 1562.39
130.529 -85.2938 1404.7
322.448 -388.543 1116.5
-80.1545 -477.368 1149.14
123.36 198.112 1562.63
131.142 -85.2317 1409.69
315.872 -377.606 1068.58
-92.0533 -480.248 1148.96
123.203 198.155 1562.69
131.27 -84.86 1408.16
302.962 -363.066 1015.85
-89.298 -480.669 1144.65
122.894 197.751 1562.79
131.508 -85.2508 1407.4
283.814 -332.301 973.355
-87.598 -467.806 1164.77
122.694 197.062 1563.11
130.882 -85.3613 1405.43
312.535 -308.234 946.266
-92.8915 -455.49 1162.63
122.415 196.531 1563.8
130.112 -84.7188 1402.51
276.804 -260.706 894.786
-102.877 -464.449 1147.74
120.973 195.682 1564.03
130.561 -82.4674 1383.38
301.715 -195.673 823.69
-102.773 -468.057 1147.91
119.738 195.061 1565.12
129.741 -80.2038 1381.38
300.11 -126.546 852.27
-107.09 -470.462 1151.16
118.778 194.989 1566.42
129.345 -78.8239 1390.77
248.621 -79.9956 836.678
-102.339 -470.721 1170.19
118.014 195.155 1567.4
127.119 -77.9859 1393.34
222.196 -23.4201 858.409
-92.0324 -482.631 1175.92
117.026 195.416 1568.93
118.554 -83.577 1398.83
268.274 11.5074 895.177
-99.1505 -471.948 1176.41
116.324 195.979 1569.54
114.283 -85.4193 1402.13
273.502 61.9774 882.471
-94.3245 -463.942 1181.59
115.122 196.338 1570.53
114.808 -84.2737 1401.87
274.354 96.9059 898.79
-100.441 -461.48 1164.81
114.092 197.482 1571.04
112.773 -83.7363 1408.63
269.246 134.565 898.35
-96.1531 -469.088 1167.84
113.379 198.523 1571.46
111.976 -82.1551 1411
269.037 160.571 909.328
-97.3674 -464.412 1156.54
113.827 199.73 1571.76
112.86 -75.9814 1415.23
256.029 201.06 896.779
-96.4771 -452.876 1181.52
114.565 200.945 1571.12
111.058 -75.1175 1417.93
261.976 228.256 915.227
-96.9302 -442.614 1187.69
115.822 200.894 1571.65
113.309 -71.5004 1419.46
251.069 251.841 917.154
-93.7495 -431.534 1202.82
117.451 200.518 1571.77
119.46 -46.8149 1415.5
244.727 272.274 915.726
-95.5943 -413.913 1228.26
118.573 200.542 1572.02
124.841 -34.296 1411.59
237.225 309.906 933.457
-103.303 -409.965 1248.77
120.148 201.043 1572.15
138.729 -38.8674 1414.66
238.804 351.111 952.805
-98.5742 -451.763 1218.02
123.127 204.287 1570.64
142.042 -40.6317 1420.35
228.283 367.587 973.483
-93.0125 -448.075 1225.6
122.868 205.024 1570.22
142.757 -39.8969 1428.72
226.254 380.138 994.701
-92.3749 -444.195 1224.78
126.928 207.098 1564.07
158.498 -34.5806 1424.07
224.26 385.195 1022.2
-98.4974 -435.386 1216.91
126.116 206.233 1563.62
154.956 -37.2504 1424.68
226.636 396.4 1042.95
-102.135 -439.361 1208.84
125.737 205.869 1564.14
152.391 -39.6055 1424.14
222.025 400.659 1060.43
-98.9016 -412.423 1232.66
125.491 205.187 1564.42
149.307 -42.314 1424.47
223.424 403.694 1069.75
-100.531 -445.248 1202.88
124.503 204.647 1564.48
146.753 -43.4907 1425.35
222.974 406.049 1083.84
-101.355 -441.977 1200.95
124.257 204.97 1563.83
145.955 -43.602 1426.33
221.533 409.485 1095.27
-100.086 -445.501 1195.45
124.329 205.585 1563.56
142.634 -46.3456 1423.94
221.439 416.769 1095.41
-97.5892 -447.306 1206.15
125.262 205.859 1563.8
141.772 -46.9484 1421.22
223.927 422.473 1100.48
-95.8674 -451.545 1209.77
125.879 205.053 1563.17
141.947 -43.8465 1420.99
223.255 423.91 1106.52
-93.1751 -445.383 1216.62
127.74 204.758 1562.84
142.731 -41.947 1422.95
224.773 416.241 1110.02
-90.7705 -440.801 1214.75
127.968 204.251 1563.08
143.283 -40.9131 1423.83
225.857 411.37 1110.02
-94.7241 -427.695 1222.79
128.078 204.435 1563.61
142.262 -41.7682 1422.57
225.587 411.868 1110.04
-96.5278 -437.66 1210.01
128.812 204.9 1563.36
142.681 -40.8251 1422.16
227.35 411.57 1101.99
-91.8771 -443.608 1211.1
129.298 204.296 1562.86
141.519 -41.2561 1422.08
224.533 401.666 1091.5
-90.4708 -443.122 1209.79
130.259 205.102 1563.06
140.799 -41.5689 1422.56
225.111 394.761 1084.23
-95.2921 -443.054 1202.9
130.631 205.884 1562.94
139.805 -42.0278 1424.57
218.154 390.703 1067.12
-93.5374 -442.183 1208.63
131.093 205.626 1562.01
136.271 -46.9007 1423.12
217.388 389.004 1049.52
-96.8812 -458.635 1198.97
136.831 205.24 1558.6
137.075 -45.0395 1422.87
214.507 372.891 1022.96
-63.2353 -454.253 1210.45
155.544 216.817 1534.66
137.127 -44.0081 1419.82
212.917 346.182 998.849
-94.8962 -458.07 1201.26
163.66 222.961 1521.98
135.042 -42.3775 1417.85
208.818 316.622 968.314
-91.1565 -454.242 1205.54
166.389 223.735 1517.37
135.489 -38.0209 1396.95
207.454 289.847 946.183
-92.7883 -448.569 1202.91
165.612 222.869 1522
132.885 -39.622 1404.88
200.352 247.524 925.427
-82.4514 -443.643 1205.38
146.283 208.04 1540.46
130.126 -39.5822 1398.54
198.211 225.231 910.078
-97.2577 -458.23 1197.2
138.924 201.877 1548.25
128.826 -39.1072 1393.29
206.388 193.752 886.459
-94.6305 -461.384 1199.83
147.068 208.679 1539.23
126.884 -39.7954 1387.85
204.493 159.514 869.717
-100.978 -462.374 1196.33
138.461 205.506 1544.18
125.783 -39.9837 1385.94
206.006 126.597 865.457
-107.497 -465.362 1181.64
131.832 205.313 1549.17
123.694 -41.6139 1377.84
202.895 81.2359 853.399
-102.117 -465.94 1190.76
121.251 205.548 1564.74
122.497 -40.3176 1373.44
202.02 39.6015 841.546
-101.886 -467.5 1192.03
122.148 204.507 1564.26
108.666 -31.534 1374.3
196.406 -4.8565 821.115
-108.531 -458.304 1196.68
121.584 202.529 1564.85
104.074 -38.9729 1374.5
184.132 -49.9102 819.478
-105.213 -460.539 1199.33
121.081 200.62 1565.3
102.235 -48.508 1365.55
184.879 -58.8862 809.859
-97.0008 -479.313 1201.37
121.034 199.125 1565.27
95.8415 -51.6978 1371.4
192.746 -90.5793 809.712
-108.097 -480.571 1192.09
120.385 198.09 1565.75
101.875 -57.9354 1393.23
207.842 -120.059 794.612
-92.9639 -484.01 1193.12
119.66 196.941 1565.73
102.603 -61.3596 1406.82
194.061 -151.316 788.607
-105.37 -482.192 1182.57
118.903 196.844 1565.89
102.744 -62.8342 1410.77
152.078 -214.593 850.792
-107.493 -482.188 1183.48
118.571 196.29 1565.8
105.503 -63.673 1410.87
159.688 -247.551 882.274
-95.7239 -482.941 1196.67
117.43 196.469 1566.22
107.501 -67.9521 1406.98
189.034 -270.402 857.141
-103.459 -477.193 1188.93
117.16 196.366 1566.04
110.148 -75.0049 1397.35
203.404 -297.735 863.249
-108.889 -480.316 1180.89
116.52 195.846 1565.93
110.37 -75.5345 1398.47
211.771 -328.908 886.848
-104.929 -477.838 1187.63
115.939 195.402 1565.73
110.756 -75.5069 1398.54
197.397 -361.635 918.705
-104.093 -473.208 1187.11
115.299 194.917 1565.8
110.395 -75.4174 1396.99
215.964 -386.023 954.145
-109.135 -468.026 1178.3
115.172 194.214 1565.26
111.994 -75.8619 1394.2
242.774 -384.41 994.53
-106.218 -480.666 1176.83
115.054 193.592 1564.6
113.357 -76.2083 1396.34
249.899 -390.73 1023.27
-107.223 -477.743 1173.99
115.218 192.647 1564.25
119.944 -79.844 1398.53
256.839 -394.604 1046.5
-99.5287 -477.173 1181.24
115.14 191.461 1563.72
123.148 -82.9357 1397.39
263.436 -393.434 1061.94
-100.587 -489.368 1180.62
115.575 190.657 1563.23
125.06 -84.7984 1396.98
265.239 -398.586 1071.66
-102.967 -483.894 1181.36
116.311 189.398 1561.62
126.116 -85.8855 1397.29
272.878 -401.869 1087.44
-94.892 -488.697 1187.12
116.802 188.638 1559.97
124.493 -84.5574 1397.8
274.241 -403.444 1097.9
-101.92 -478.051 1189.81
117.123 188.731 1558.42
124.086 -83.6718 1398.86
281.254 -403.725 1118.98
-103.762 -480.217 1176.56
117.733 188.433 1557.17
125.422 -83.3289 1401.1
284.765 -408.102 1129.25
-101.362 -477.496 1176.69
118.025 187.591 1556.49
124.82 -79.8402 1405.88
286.128 -411.411 1127.76
-102.117 -476.307 1175.89
118.606 187.115 1556.51
122.895 -74.6936 1413.52
284.851 -417.235 1122.05
-100.982 -480.001 1178.82
119.454 186.859 1556.5
122.072 -71.8673 1417.64
285.372 -417.982 1119.46
-100.174 -472.844 1186.07
119.948 186.851 1556.62
123.074 -70.2071 1415.82
284.619 -413.537 1114.47
-100.264 -471.258 1195.13
120.236 187.384 1556.38
123.188 -71.5868 1414.74
283.698 -407.979 1105.48
-92.3993 -474.739 1187
120.189 187.649 1555.8
124.119 -74.3009 1411.67
282.223 -392.246 1101.13
-96.1551 -476.278 1184.07
120.058 187.675 1555.48
124.55 -75.1339 1410.99
280.264 -380.666 1087.17
-101.182 -475.75 1186.23
119.992 187.715 1555.15
124.481 -74.8382 1409.74
281.395 -326.157 1117.01
-102.007 -478.654 1190.56
119.851 187.862 1554.95
124.862 -74.3748 1409.2
275.848 -313.917 1090.22
-98.8091 -481.049 1188.61
119.481 187.696 1554.91
124.532 -74.1397 1407.91
251.403 -360.224 977.218
-100.282 -479.398 1190.16
119.48 187.839 1555.7
123.79 -73.2778 1407.72
240.488 -340.622 946.97
-101.823 -481.831 1188.26
119.129 188.268 1556.51
122.465 -70.7604 1404.31
224.754 -317.246 913.984
-100.417 -484.59 1191.2
118.59 188.257 1557.63
121.3 -69.6712 1403.65
218.866 -289.097 876.938
-98.1084 -487.464 1201.5
118.272 188.365 1558.79
114.688 -64.5686 1388.58
210.231 -271.662 848.286
-93.5204 -490.971 1194.46
118.714 187.785 1559.58
111.246 -61.9097 1380.51
211.488 -226.855 828.409
-107.007 -488.974 1200.97
119.247 186.846 1559.89
110.611 -59.9886 1374.11
203.806 -166.044 828.26
-101.196 -491.742 1195.78
119.783 186.272 1560.27
106.78 -68.5799 1378.66
197.079 -118.568 812.626
-100.896 -493.003 1199.42
120.29 186.227 1561.47
102.756 -68.1826 1399.69
194.564 -85.072 808.055
-104.967 -470.622 1212.85
120.861 185.757 1562.72
97.9231 -67.7088 1407.54
205.919 -47.5942 799.969
-103.892 -463.632 1208.59
121.143 185.406 1563.31
98.4166 -69.192 1406.97
169.149 -9.48403 820.977
-105.739 -470.947 1197.94
121.063 185.515 1563.48
99.6492 -70.7546 1406.05
146.19 34.2802 879.194
-109.479 -456.955 1206.21
120.856 186.112 1564.84
104.566 -62.0995 1408.37
157.307 72.0981 892.898
-109.321 -461.023 1204.83
120.958 187.344 1566.59
110.044 -60.7168 1405.52
179.171 103.937 894.878
-104.895 -450.143 1227.15
118.298 190.277 1570.48
113.458 -60.8087 1404.7
195.066 144.377 885.177
-108.178 -432.617 1243.05
118.021 190.457 1568.25
115.224 -60.4807 1403.46
192.12 166.179 904.381
-115.077 -419.906 1254.94
118.584 190.39 1566.65
114.43 -62.583 1406.07
180.432 191.511 910.744
-116.773 -403.871 1264.15
120.097 193.588 1563.79
113.85 -64.7036 1406.45
180.847 215.972 905.71
-114.652 -386.981 1281.48
128.713 197.444 1553.2
115.55 -62.8798 1409.63
182.993 237.393 900.177
-107.584 -373.43 1300
157.679 213.047 1525.97
118.027 -56.0488 1417.47
172.773 258.749 891.835
-105.116 -345.282 1324.74
175.962 224.173 1510.89
152.807 -5.71977 1430.66
182.568 322.785 916.375
-114.675 -375.155 1320.56
193.914 252.62 1485.22
191.584 94.6751 1480.24
233.555 398.64 952.901
-165.546 -462.378 1275.5
167.541 328.889 1342.19
193.093 109.113 1488.61
235.147 424.888 957.618
-170.121 -368.076 1358.6
166.567 331.7 1335.29
193.622 107.162 1499.74
243.631 451.296 970.464
-181.644 -470.877 1281.2
165.375 333.004 1334.8
192.394 102.236 1499.3
255.273 462.679 986.787
-187.102 -470.504 1281.36
162.871 335.306 1338.51
189.608 99.4668 1499.21
255.761 467.651 1001.2
-199.697 -374.6 1353.79
159.632 336.94 1341.61
183.156 85.954 1482.19
238.654 457.084 1010.64
-186.392 -354.947 1364.21
158.376 340.315 1351.8
178.716 84.0726 1478.04
231.782 470.059 1014.67
-178.172 -377.146 1358.02
157.069 343.775 1360.83
175.839 83.5544 1477.53
230.992 472.151 1024.36
-179.871 -370.745 1358.71
155.952 346.767 1369.38
172.431 78.3245 1478.22
235.871 474.065 1033.82
-184.678 -362.834 1363.27
160.237 270.58 1466.17
116.107 -37.0954 1414.82
171.17 369.896 1016.25
-107.92 -202.989 1400.07
148.74 255.533 1476.63
119.547 -45.6386 1416.82
170.158 358.35 1009.46
-107.984 -146.006 1447.39
148.727 255.603 1475.91
120.846 -42.4977 1413.78
169.271 357.12 1003.96
-97.0782 -267.804 1443.33
148.996 254.761 1476.72
125.131 -42.2286 1412.31
170.622 350.96 998.192
-115.883 -162.139 1452.44
150.137 253.287 1476.66
127.509 -41.2151 1411.53
170.533 349.366 990.908
-130.49 -229.841 1447.42
150.391 251.769 1474.35
127.048 -40.5811 1410.72
170.111 337.256 981.801
-104.972 -270.328 1479.39
150.429 251.112 1472.67
126.256 -40.2624 1408.97
166.842 333.513 970.878
-106.44 -270.414 1495.4
153.656 260.201 1442.1
126.683 -37.9143 1408.35
169.348 324.68 961.688
-110.022 -282.007 1508.4
154.767 265.714 1430.82
125.284 -38.9809 1408.22
168.709 309.597 960.316
-113.104 -292.024 1498.82
144.981 275.998 1401.9
121.544 -45.5366 1409.34
167.945 297.773 947.915
-115.413 -295.297 1505.02
144.593 276.555 1399.26
116.705 -54.5381 1412.3
162.712 285.571 931.756
-118.619 -293.288 1514.52
146.409 275.632 1392.68
115.381 -55.2707 1411.63
162.904 272.905 914.814
-119.489 -295.039 1523.65
146.698 275.08 1389.5
117.852 -51.056 1407.99
163.737 253.373 901.114
-118.038 -298.285 1516.2
146.851 273.006 1379.34
115.295 -50.5437 1405.43
162.355 241.962 883.872
-117.139 -298.786 1513.62
143.3 270.725 1367.73
115.606 -50.3795 1401.87
162.359 214.73 868.208
-113.833 -292.961 1502.26
140.412 269.597 1355.53
114.418 -49.8958 1401.8
167.144 187.023 856.271
-111.908 -281.364 1492.9
137.929 267.832 1345.22
114.389 -49.5498 1401.39
160.616 147.576 852.047
-113.724 -275.18 1489.12
122.01 235.043 1264.56
112.054 -52.0423 1398.3
164.192 127.525 837.849
-113.96 -271.953 1488.66
121.543 233.219 1261.48
110.153 -51.6297 1394.62
167.022 98.8324 832.114
-115.03 -267.54 1482.61
121.965 234.031 1262.65
109.078 -51.7981 1393.42
165.585 76.1295 822.743
-114.335 -271.932 1482.79
122.405 234.86 1264.2
104.597 -42.2192 1389.17
168.058 26.8196 821.995
-65.42 -76.6505 1453.82
120.197 197.833 1542.16
100.505 -39.5429 1374.68
185.177 -14.8296 824.498
-70.0311 -72.0457 1446.12
120.111 197.842 1539.16
100.897 -41.794 1377.93
180.501 -51.199 810.425
-116.373 -265.951 1456.46
120.526 198.146 1536.49
100.753 -43.1559 1378.2
189.131 -80.7198 807.633
-117.196 -273.253 1451.85
120.561 196.497 1536.41
98.6749 -45.4752 1377.2
196.94 -103.119 801.489
-116.425 -294.28 1420.05
119.059 193.786 1535.77
96.3997 -51.8762 1373.68
195.058 -145.413 804.867
-113.431 -300.918 1403.54
117.419 191.716 1536.12
98.87 -58.9265 1370.02
202.579 -178.129 829.695
-111.122 -321.301 1368.58
117.055 188.824 1535.37
101.07 -71.198 1379.61
195.395 -198.192 836.612
-112.307 -477.267 1170.34
117.004 186.766 1533.65
95.9494 -75.8288 1391.31
186.939 -249.675 884.16
-96.01 -483.805 1170.32
116.616 185.179 1532.37
96.2645 -75.6347 1393.26
167.307 -275.981 875.728
-107.168 -487.458 1176.52
116.234 185.04 1531.39
97.1568 -72.7739 1393.82
215.284 -283.933 848.05
-103.356 -488.91 1185.87
116.297 185.207 1531.05
99.2054 -70.5084 1392.85
225.174 -311.72 873.133
-105.917 -481.867 1179.78
116.489 184.561 1530.78
101.791 -69.9657 1390.18
219.253 -336.954 878.341
-103.758 -487.152 1186.8
116.53 184.533 1530.48
102.596 -69.331 1387.68
240.062 -352.878 911.98
-89.0917 -486.646 1199.71
116.712 184.828 1530.63
104.121 -71.744 1383.1
254.253 -360.466 947.716
-91.8098 -488.659 1196.5
116.792 184.818 1531.15
104.44 -71.2915 1384.66
266.301 -374.714 988.841
-102.827 -481.321 1184.03
116.929 184.751 1531.78
104.253 -71.2113 1384.62
275.594 -393.968 1012.26
-103.279 -472.436 1178.08
116.934 184.841 1532.55
104.218 -69.8038 1385.45
283.218 -400.466 1042.36
-105.555 -474.371 1165.02
117.014 184.468 1532.33
105.365 -70.1188 1385.42
288.031 -407.193 1060.31
-106.733 -472.168 1162.15
116.923 184.197 1531.76
107.262 -72.9363 1385.21
289.459 -415.703 1072.25
-107.085 -473.986 1159.41
116.732 184.043 1531.23
108.106 -73.9822 1385.95
294.013 -414.459 1088.86
-106.946 -475.633 1156.56
116.671 183.58 1530.82
108.153 -74.298 1386.51
297.309 -415.796 1098.75
-105.032 -476.743 1156.78
116.212 182.976 1530.41
109.508 -75.8307 1385.58
301.853 -412.33 1111.1
-96.3196 -474.546 1159.68
116.395 182.83 1530.22
109.823 -76.0624 1385.74
304.136 -414.07 1113.96
-105.81 -478.806 1164.88
116.551 182.334 1530.06
111.191 -77.443 1385.51
305.5 -414.138 1115.76
-103.839 -478.318 1172.27
116.609 181.934 1529.21
112.298 -80.3005 1386.29
308.836 -405.773 1126.78
-92.0156 -480.44 1183.42
116.337 181.473 1528.41
111.449 -80.1436 1386.56
311.677 -402.701 1131.56
-104.899 -480.545 1174.34
116.201 181.341 1527.79
112.786 -81.2244 1387.67
311.948 -404.378 1133.99
-104.636 -477.422 1181.94
116.412 181.745 1527.58
112.871 -80.2311 1388.04
311.452 -403.192 1130.85
-97.6624 -475.902 1183.17
116.697 182.119 1527.5
112.873 -79.6116 1388.34
311.709 -403.722 1123.98
-104.932 -466.169 1194.02
117.338 182.224 1527.36
113.216 -78.6896 1387.65
311.049 -399.195 1118.22
-104.906 -456.809 1204.23
117.82 182.023 1527.45
113.585 -77.6752 1387.94
308.6 -388.286 1111.06
-102.335 -457.827 1208.3
117.532 181.815 1527.94
113.874 -77.0371 1389.75
306.103 -388.875 1099.6
-101.113 -461.214 1200.09
117.199 181.719 1528.26
113.733 -76.8442 1390.58
301.064 -379.784 1085.28
-109.29 -458.78 1195.2
117.312 181.815 1529.19
113.68 -76.2173 1391.11
303.47 -331.282 1115.45
-114.702 -426.749 1222.45
117.645 181.469 1530.06
113.975 -75.4907 1391.74
304.516 -318.201 1090.07
-121.228 -403.385 1243.36
118.015 180.701 1530.98
113.837 -74.9066 1392.28
277.914 -362.402 988.685
-123.005 -384.685 1255.96
118.331 179.876 1531.97
113.053 -73.8639 1392.53
265.073 -346.475 954.654
-122.011 -377.677 1265.05
118.401 179.368 1533.1
112.538 -71.9224 1391.74
249.726 -322.822 917.431
-120.59 -375.506 1272.71
118.23 179.413 1534.43
111.768 -71.8359 1391.55
244.64 -299.75 884.457
-119.698 -394.093 1255.87
117.95 179.255 1535.79
111.355 -72.035 1390.75
235.655 -264.818 853.601
-117.815 -407.207 1259.64
117.777 179.211 1537.43
110.484 -71.3417 1389.46
225.95 -229.494 834.019
-118.088 -405.91 1257.84
117.504 179.053 1538.61
109.549 -69.4815 1388.85
223.34 -177.117 818.33
-111.171 -427.151 1252.91
117.067 179.318 1539.44
106.321 -60.2214 1390.61
218.596 -127.782 809.264
-101.815 -490.221 1191.41
116.641 179.076 1540.67
102.025 -69.0304 1401.83
211.957 -97.1051 797.865
-95.8047 -474.273 1210.12
116.696 178.272 1541.89
96.4872 -73.5561 1410.38
209.533 -60.3978 797.395
-91.6908 -473.483 1203.66
117.251 178.537 1543.55
94.1478 -74.5664 1409.45
210.722 -32.1423 802.562
-105.542 -458.817 1204
117.549 179.484 1544.7
95.0862 -73.499 1410.35
205.584 7.35094 813.612
-106.695 -450.838 1212.54
117.391 180.582 1545.55
107.248 -73.1926 1415.97
196.45 49.4425 825.859
-105.564 -450.196 1215.37
116.913 181.269 1548.14
103.165 -71.0055 1417.53
271.29 23.9167 1035.4
-107.878 -422.518 1246.06
116.159 188.382 1556.21
105.198 -74.1941 1418.01
274.54 56.5151 1060.17
-112.729 -398.583 1259.42
115.958 186.454 1554.16
106.263 -75.9765 1416.15
269.073 82.2528 1039.59
-115.185 -377.127 1278.48
116.376 186.15 1553
108.279 -71.3004 1416.22
259.194 115.697 1032.81
-112.834 -365.93 1295.01
117.512 186.751 1551.75
109.696 -72.6127 1414.87
211.383 172.432 942.575
-110.904 -336.483 1323.82
119.568 187.403 1550.87
111.061 -71.9754 1415.88
194.486 205.527 928.445
-108.584 -332.215 1324.79
122.898 191.331 1549.45
112.858 -70.0932 1415.14
194.744 225.19 947.642
-108.742 -347.879 1313.14
130.648 202.62 1529.65
165.748 -4.09709 1425.28
214.594 297.711 958.809
-127.16 -409.122 1292.43
190.768 319.792 1464.75
170.344 52.002 1462.64
246.852 379.512 964.809
-172.053 -453.593 1286.56
189.11 314.235 1458.06
171.391 55.9378 1464.89
248.668 402.684 977.476
-169.237 -458.621 1299.46
182.423 323.344 1429.38
178.239 68.205 1480.09
247.147 459.863 973.697
-60.8762 -403.311 1325.33
180.554 326.886 1428.54
178.924 72.3647 1484.59
244.938 472.855 987.158
-156.605 -341.853 1401.98
178.564 330.137 1427.87
187.657 72.6977 1501.35
258.58 462.709 1023.98
-190.085 -281.491 1404.08
175.205 332.179 1426.76
183.163 70.2069 1492.31
262.202 472.348 1048
-183.838 -254.493 1408.3
141.266 217.454 1478.55
120.022 -54.7442 1413.32
183.138 345.017 1008.35
-44.5158 -58.1489 1485.74
149.254 230.133 1470.09
116.503 -55.9163 1412.25
179.073 344.435 992.363
-55.3268 -72.2524 1487.59
159.563 245.007 1464.31
118.694 -54.0674 1411.74
182.001 332.015 983.455
-63.5282 -77.3812 1479.2
162.426 246.093 1463.46
119.674 -53.457 1411.21
179.991 321.755 972.518
-73.1062 -83.0722 1473.17
168.115 254.692 1459.32
123.931 -31.0796 1414.32
182.609 310.566 948.646
-85.7624 -104.438 1457.75
168.579 251.012 1459.68
114.837 -41.5965 1411.17
187.262 288.47 939.371
-86.3057 -102.85 1450.67
155.204 229.174 1479.49
108.007 -58.7333 1395.59
186.432 265.019 917.567
-85.4397 -103.058 1451.36
141.447 221.007 1488
110.273 -61.8648 1394.15
189.237 223.71 897.173
-75.9419 -84.5863 1464.96
129.738 189.752 1503.4
109.796 -66.8082 1390.69
189.735 200.518 880.174
-75.7375 -83.4982 1466.76
121.067 184.096 1511.22
112.595 -69.4646 1384.41
187.854 130.46 863.115
-65.4145 -73.213 1459.99
119.988 183.441 1515.45
112.501 -71.0829 1381.49
198.104 106.221 856.222
-139.29 -206.812 1416.06
117.868 186.94 1520.4
112.64 -72.5035 1379.91
204.22 82.5972 839.498
-134.702 -233.394 1401.44
113.692 195.287 1536.96
127.172 -69.959 1362.24
214.115 36.135 833.929
-126.186 -255.422 1370.63
115.837 191.758 1533.94
111.073 -68.864 1344.71
220.714 4.35232 829.428
-104.291 -438.772 1198.42
117.514 189.236 1533.44
103.522 -70.5841 1348.33
217.131 -40.2062 823.077
-111.314 -432.944 1198.67
118.424 186.678 1534.26
96.9677 -70.2318 1370.54
207.608 -86.0973 816.689
-103.578 -432.965 1207.22
118.513 184.95 1535.33
83.988 -58.2972 1366.34
223.838 -135.434 810.191
-118.011 -409.651 1227.46
117.782 183.452 1535.87
78.4081 -62.7794 1369.63
215.463 -165.777 792.609
-106.835 -398.759 1252.76
117.707 182.497 1535.75
77.2528 -66.093 1374.19
202.873 -192.493 793.189
-108.364 -371.121 1301.9
117.642 181.661 1535.44
78.0536 -67.9586 1377.72
213.629 -217.286 806.225
-104.253 -366.068 1317.23
117.656 180.692 1535.32
82.4599 -74.0084 1385.72
211.332 -240.134 810.52
-85.3133 -346.143 1396.06
117.949 180.225 1535.14
92.8542 -69.9099 1386.73
212.333 -261.183 816.943
-85.6105 -352.172 1396.23
117.954 180.107 1534.27
99.2295 -69.9063 1385.26
203.963 -293.111 835.737
-86.7158 -353.508 1397.46
117.91 180.277 1533.27
102.92 -70.119 1383.74
267.833 -304.148 946.29
-110.415 -399.236 1286.61
118.177 180.528 1532.62
102.412 -74.0317 1384.49
269.081 -334.332 953.829
-108.857 -409.02 1273.15
118.623 180.875 1532.11
102.501 -75.1489 1384.55
244.539 -377.839 877.783
-101.003 -442.653 1243.88
118.253 180.824 1531.85
105.656 -72.3306 1383.63
276.428 -378.014 972.29
-96.8345 -463.645 1224.4
118.155 181.068 1531.38
104.882 -74.562 1384.92
289.431 -388.631 1007.44
-87.1757 -462.339 1205.53
118.403 181.246 1531.25
106.006 -76.3867 1385.5
296.08 -398.767 1029.7
-89.3732 -463.388 1202.53
119.079 180.977 1530.88
107.208 -77.5424 1385.71
304.874 -414.897 1051.44
-104.038 -470.71 1185.97
119.471 180.913 1530.46
118.44 -79.678 1388.32
313.702 -410.725 1086.44
-91.8643 -463.489 1187.33
119.973 180.979 1530.37
113.933 -78.6281 1387.95
317.895 -412.095 1102.52
-90.5313 -475.3 1178.49
120.539 180.714 1529.43
113.303 -78.404 1387.63
324.268 -406.393 1119.01
-98.4194 -478.583 1179.2
120.74 181.034 1528.98
115.842 -81.6439 1386.32
327.894 -411.166 1127.73
-104.989 -484.191 1173.57
120.843 181.102 1529.02
116.373 -82.151 1386.75
331.274 -410.424 1138.11
-106.137 -493.575 1173.72
120.921 180.954 1528.36
116.825 -80.3991 1386.29
331.913 -411.534 1140.47
-82.3461 -489.947 1189.17
120.659 181.475 1527.7
117.49 -79.1408 1386.21
334.302 -421.037 1137.3
-100.468 -487.162 1184.91
120.592 181.781 1526.94
119.225 -78.2635 1386.54
335.479 -416.297 1143.4
-103.298 -490.156 1173.51
121.055 181.928 1526.64
119.762 -77.6662 1386.58
337.11 -413.453 1143.5
-104.742 -490.81 1177.15
121.096 181.799 1526.34
120.615 -79.2338 1386.71
336.256 -412.36 1139.42
-110.348 -409.721 1252.81
120.962 181.547 1526.42
120.614 -79.4195 1387.51
337.027 -408.715 1129.5
-110.7 -419.459 1244.11
120.566 181.689 1526.47
120.382 -78.5635 1387.94
337.038 -404.554 1125.97
-109.768 -426.605 1225.26
120.677 181.658 1527.03
121.87 -75.949 1390.37
337.915 -394.909 1113.91
-102.073 -478.809 1176.44
121.047 181.773 1527.71
122.132 -73.3079 1389.67
333.767 -388.648 1090.54
-102.286 -483.056 1179.31
120.95 181.706 1528.17
122.564 -72.6044 1390.15
337.506 -359.793 1091.13
-103.423 -479.482 1182.11
121.02 181.563 1529.61
123.862 -70.7822 1389.42
339.687 -313.321 1106.7
-103.481 -483.364 1178.39
121.239 180.73 1531.42
123.461 -71.1126 1390.08
338.19 -295.514 1090.02
-102.801 -479.893 1182.11
121.391 179.66 1533.03
123.233 -71.2175 1390.5
313.399 -342.582 997.268
-103.839 -478.333 1187.27
121.45 178.714 1534.58
121.334 -74.8327 1393.57
302.346 -333.487 972.679
-104.259 -473.742 1189.08
121.475 178.581 1536.4
122.201 -71.8085 1393.33
290.758 -315.442 942.797
-104.786 -468.424 1196.41
121.096 178.42 1537.95
121.68 -70.4227 1392.6
288.772 -293.086 914.403
-92.3847 -472.954 1202.81
120.453 177.924 1539.38
121.258 -69.7861 1392.84
281.59 -271.28 878.818
-105.394 -471.301 1206.03
119.573 177.499 1541.35
120.88 -67.984 1394.24
276.862 -233.566 863.845
-104.266 -470.38 1214.05
118.428 177.456 1542.81
120.338 -68.911 1396.28
274.912 -202.563 839.562
-102.985 -471.62 1209.54
117.435 177.111 1544.15
119.755 -69.5573 1397.88
266.386 -152.902 827.803
-103.442 -458.378 1235.43
116.574 176.752 1547.12
117.075 -68.6404 1401.17
266.713 -98.5767 826.352
-107.782 -427.978 1263.27
116.106 176.693 1550.35
114.833 -69.7099 1401.96
256.726 -57.3449 833.488
-108.526 -404.124 1286.31
115.934 176.112 1552.59
111.705 -72.925 1404.71
258.427 -75.2763 823.07
-116.012 -396.373 1297.56
115.593 176.563 1553.56
110.105 -74.7594 1406.21
246.088 18.1312 832.952
-104.66 -362.917 1394.54
116.297 177.559 1555.45
107.98 -74.9067 1410.1
261.283 54.5284 827.889
-107.548 -343.375 1408.81
116.444 178.691 1556.92
110.772 -75.3101 1417.91
218.829 101.332 904.25
-134.06 -244.236 1451.55
116.332 179.61 1559.32
116.154 -71.6445 1424.77
245.596 112.598 928.136
-111.694 -317.509 1437.46
116.331 180.745 1559.25
114.713 -70.8783 1419.4
204.451 151.854 903.906
-112.593 -304.49 1453.86
117.28 181.997 1559.85
114.083 -70.1749 1420.94
235.445 174.75 911.081
-113.534 -290.406 1465.09
118.337 182.509 1559.77
113.578 -81.078 1417.5
231.926 194.328 920.785
-114.351 -273.286 1478.41
119.24 182.534 1559.38
110.019 -84.9966 1415.13
226.24 216.386 931.569
-115.488 -262.045 1489.5
120.648 182.016 1558.03
108.932 -85.8568 1415.25
220.945 245.702 934.787
-116.785 -253.514 1496.46
125.34 182.395 1556.58
111.946 -77.5582 1419.35
217.491 268.931 939.626
-117.065 -248.653 1504.94
127.441 180.926 1551.51
110.771 -79.9779 1417.88
214.538 286.623 950.418
-117.242 -239.355 1512.66
130.049 177.375 1545.72
111.741 -80.6369 1416.87
216.824 316.5 977.042
-119.703 -242.945 1507.64
132.687 172.393 1539.17
114.284 -76.2284 1419.23
218.682 339.286 976.121
-121.252 -244.369 1518.95
134.373 169.324 1534.45
115.861 -75.452 1415.41
213.12 352.04 991.231
-122.249 -238.471 1526.18
134.261 169.805 1533.86
118.356 -73.9201 1413.65
211.235 350.546 1005.38
-119.322 -229.367 1544.95
134.542 170.531 1533.37
118.658 -72.9947 1416.18
208.136 363.705 1022.61
-58.1699 -72.9456 1501.85
134.593 170.684 1533.37
120.022 -71.4082 1416.37
208.936 378.056 1043.46
-51.9486 -66.7642 1502.56
132.859 173.379 1537.43
123.939 -64.5796 1416.36
206.783 391.704 1061.15
-51.9334 -70.2451 1501.73
131.998 174.493 1539.34
125.715 -56.961 1428.55
208.179 409.481 1087.92
-49.1398 -75.5784 1492.81
131.31 175.553 1540.6
127.54 -59.0416 1425.34
206.731 412.856 1094.14
-59.9734 -74.243 1497.68
131.234 176.987 1541.51
130.333 -55.4869 1424.89
204.984 417.191 1105.66
-53.6936 -72.2262 1496.96
131.485 177.183 1542.42
131.666 -51.3674 1424.62
206.152 424.053 1114.26
-110.459 -262.649 1522.83
131.222 177.196 1542.35
131.665 -49.305 1424.84
200.142 426.739 1113.51
-106.094 -270.994 1512.97
130.777 180.863 1543.67
132.671 -47.026 1423.85
200.142 430.966 1119.6
-104.447 -278.991 1504.38
130.386 180.684 1541.96
132.011 -45.9736 1423.28
202.316 433.349 1128.49
-107.265 -290.608 1501.62
131.726 181.238 1524.55
132.699 -52.181 1417.91
209.484 347.232 1029.5
-103.661 -347.05 1311.04
131.361 182.928 1523.4
133.361 -50.4702 1419.6
205.422 339.379 1011.5
-97.1234 -385.262 1275.19
131.587 183.583 1522.05
134.716 -49.844 1419.26
206.022 329.989 1001.37
-103.875 -387.12 1278.43
132.077 184.053 1519.96
130.839 -50.1788 1422.51
208.835 308.905 986.603
-106.44 -386.844 1281.81
132.997 184.778 1516.27
130.257 -51.344 1419.2
208.744 297.206 973.837
-110.738 -380.749 1286.73
153.432 195.274 1497.43
125.137 -53.502 1416.97
212.445 281.61 959.205
-109.379 -363.912 1300.2
161.865 197.266 1481.65
127.141 -53.9893 1415
212.678 269.576 942.188
-111.197 -349.03 1312.8
166.995 194.882 1478.23
126.832 -54.87 1412.34
204.748 242.186 930.057
-100.319 -342.846 1402.48
153.502 190.084 1494.2
126.082 -61.0752 1405.18
208.209 217.655 915.773
-100.816 -336.117 1408.97
120.057 190.005 1541.52
140.834 -71.3149 1387.57
215.197 43.506 844.53
-102.469 -308.984 1445.18
117.766 190.797 1544.64
124.756 -63.8546 1394.65
223.263 -2.09273 835.701
-105.765 -286.552 1450.54
117.381 189.978 1546.97
110.587 -52.7045 1389.91
212.497 -37.5088 837.97
-110.099 -277.769 1450.25
118.429 187.621 1546.37
104.669 -49.3978 1393.19
213.519 -78.4348 835.935
-110.993 -274.266 1457.08
118.929 186.714 1546.37
98.757 -46.3957 1392.22
213.681 -121.149 840.96
-109.334 -284.497 1452.08
119.183 186.013 1546.45
95.888 -46.8089 1394.39
220.696 -162.19 848.365
-108.935 -290.116 1450.23
119.575 184.7 1546.71
96.2574 -57.1686 1399.5
210.829 -186.875 839.361
-109.225 -301.864 1464.5
119.607 183.676 1546.69
97.2127 -62.1209 1401.61
204.713 -218.937 839.541
-108.173 -306.282 1472.47
119.847 183.134 1546.64
97.9132 -64.4175 1403.21
205.825 -255.592 861.561
-110.567 -317.513 1477.82
120.016 182.945 1546.39
99.0967 -64.7706 1403.44
203.54 -306.716 895.339
-111.347 -330.5 1485.99
120.228 182.407 1545.89
100.09 -66.1348 1402.45
280.874 -298.336 1017.51
-112.762 -336.693 1488.43
120.37 181.764 1545.17
101.035 -66.851 1400.73
287.198 -323.69 1028.8
-113.658 -345.35 1470.5
120.543 180.846 1543.95
102.467 -67.9163 1399.45
228.157 -374.746 933.616
-113.161 -353.562 1450.59
120.717 180.689 1543.3
103.734 -68.2791 1398.96
223.549 -408.044 933.383
-110.397 -359.989 1438.65
120.708 180.892 1542.61
105.292 -70.2597 1397.44
292.241 -375.33 1052.48
-111.208 -356.072 1426.58
121.039 181.485 1542.29
106.283 -70.2292 1397.18
297.325 -388.81 1056.58
-110.947 -354.702 1415.38
120.746 182.442 1541.92
106.923 -69.7296 1396.74
302.299 -394.294 1071.69
-110.61 -353.999 1405.9
120.473 182.915 1541.29
107.245 -69.3521 1396.39
308.802 -397.285 1089.24
-109.694 -361.899 1381.75
120.213 182.637 1540.03
108.029 -70.1567 1393.76
314.161 -402.532 1099.45
-104.52 -475.931 1175.73
120.247 182.055 1538.83
108.204 -70.6492 1391.59
316.836 -406.743 1106.04
-100.75 -478.474 1178.51
120.478 181.926 1538.1
109.986 -72.206 1388.56
320.383 -408.063 1111.71
-96.6329 -484.974 1170.88
120.599 181.779 1537.08
110.769 -73.4108 1388.1
321.388 -412.331 1112.15
-93.5422 -481.12 1170.51
120.775 182.008 1536.44
110.546 -73.7293 1388.75
325.312 -412.547 1117.92
-107.451 -481.124 1171.57
120.781 182.807 1536.19
111.706 -71.6921 1394.73
327.506 -411.685 1119.86
-90.5789 -478.821 1176.88
120.306 183.118 1536.48
110.654 -72.0394 1393.17
327.956 -406.97 1122.88
-94.1235 -492.598 1171.81
120.353 183.394 1536.19
110.79 -72.5491 1393.15
328.536 -406.78 1122.96
-98.7632 -485.507 1174.67
119.808 183.708 1535.89
111.252 -72.3155 1393.54
328.7 -402.486 1121.92
-92.4671 -488.02 1160.75
119.636 184.028 1535.41
111.717 -71.758 1394.09
328.032 -399.57 1117.16
-91.7451 -491.716 1158.13
119.633 183.901 1535.32
112.402 -71.4495 1394.79
325.139 -391.693 1112.7
-100.669 -490.436 1164.5
119.339 183.471 1535.11
113.473 -70.9091 1394.48
329.196 -334.383 1158.84
-96.424 -483.853 1173.53
119.4 183.34 1535.46
114.598 -69.8595 1393.69
334.706 -326.311 1152.5
-92.3534 -494.392 1165.99
119.136 183.426 1535.67
115.468 -69.2566 1391.97
330.79 -307.047 1143.47
-101.164 -495.504 1150.48
118.727 183.526 1535.74
116.717 -67.4923 1390.14
331.402 -296.963 1130.72
-92.2211 -503.477 1162.99
118.663 183.411 1536.54
118.351 -64.5128 1385.28
321.066 -290.72 1092.2
-88.5326 -501.848 1168.98
119.007 182.696 1537.33
117.585 -64.4482 1386.1
291.752 -344.383 985.735
-101.732 -490.066 1167.63
119.164 181.78 1538
117.304 -64.423 1386.57
279.399 -333.065 951.715
-102.108 -488.877 1173.04
119.32 181.033 1538.37
117.618 -68.0887 1404.11
272.305 -315.452 930.294
-92.7936 -492.147 1168.24
119.348 180.584 1539.32
113.736 -63.5076 1404.33
258.407 -307.032 892.879
-86.8906 -495.326 1177.21
119.226 179.779 1540.65
112.182 -61.3174 1406.9
250.394 -282.917 860.827
-89.0214 -477.523 1202.58
119.017 179.484 1541.45
111.851 -61.0911 1408.18
235.876 -247.707 839.568
-95.7856 -474.194 1206.66
118.386 179.555 1542.02
112.413 -63.0396 1413.15
227.496 -190.48 834.046
-98.3136 -454.824 1249.47
117.833 179.777 1542.67
113.53 -60.8138 1413.54
216.19 -138.088 821.16
-95.7004 -459.762 1405.13
116.982 180.038 1543.55
111.921 -60.1021 1416.95
214.892 -85.0868 829.929
-101.153 -445.502 1434.89
116.679 180.071 1544.91
110.506 -61.2214 1417.11
212.717 -59.0711 828.807
-108.624 -427.044 1449.93
117.034 180.469 1545.64
110.702 -61.5268 1418.6
209.225 -0.315884 846.499
-112.946 -412.015 1466.3
117.617 180.803 1546.71
111.836 -60.1154 1416
216.685 48.5343 859.744
-114.902 -398.08 1470.46
118.929 183.647 1549.72
116.922 -53.4146 1424.01
212.446 92.7392 870.95
-115.785 -397.118 1457.21
119.913 183.568 1548.85
115.73 -56.5991 1424.02
153.03 109.087 909.555
-116.348 -384.963 1461.26
121.043 184.148 1548.14
114.535 -58.3019 1423.13
272.928 141.684 1051.05
-115.096 -372.427 1465.05
122.276 185.648 1547.15
116.681 -53.5246 1427.07
261.344 178.011 1051.35
-110.804 -376.3 1435.62
123.784 186.813 1546.59
119.924 -51.2301 1425.61
222.805 221.359 1007.71
-97.1414 -468.302 1210.46
129.923 190.255 1544.93
121.092 -52.6494 1424.06
214.197 248.621 1015.05
-96.1556 -462.904 1210.16
133.446 191.81 1543.11
123.439 -49.8334 1427.06
212.286 277.327 1023.51
-87.9656 -461.981 1218.57
136.37 192.864 1541.35
124.301 -49.2656 1429.84
211.789 303.377 1032.5
-85.7336 -265.698 1461.39
139.197 194.324 1535.22
124.009 -50.7237 1428.67
207.22 323.812 1042.19
-86.6151 -261.828 1461.94
141.648 195.194 1529.46
120.602 -54.894 1425.85
206.718 344.783 1053.08
-85.0572 -119.536 1443.82
137.782 193.111 1532.14
119.455 -68.4721 1421.05
196.574 354.907 1045.87
-106.106 -126.422 1444.27
138.36 193.131 1530.82
118.759 -68.1225 1418.91
201.318 380.611 1052.26
-115.336 -150.712 1440.27
136.467 192.235 1530.98
118.943 -66.2514 1416.65
200.892 391.291 1074.72
-117.906 -162.658 1434.28
139.349 190.929 1524.81
120.173 -63.0095 1415.38
202.261 405.73 1092.88
-81.4642 -280.019 1408.63
139.644 191.183 1522.07
121.9 -60.2327 1414.5
204.676 414.485 1109.87
-78.6736 -287.849 1394.77
139.8 191.377 1520.63
122.847 -56.3486 1418.21
207.793 425.858 1128.35
-99.5777 -315.013 1333.84
138.7 190.837 1521.4
126.301 -52.7503 1416.82
213.788 432.591 1142.41
-99.9815 -310.13 1338.13
138.252 190.315 1521.86
129.064 -46.6778 1419.26
209.865 441.445 1156.97
-76.5521 -276.185 1382.45
137.432 190.237 1522.41
129.506 -45.2599 1418.44
209.019 450.008 1162.99
-107.848 -156.907 1431.26
136.839 191.409 1522.81
129.268 -43.3652 1417.06
208.735 454.904 1165.63
-77.2797 -270.016 1381.42
135.715 192.421 1523.07
128.201 -44.9489 1416.07
207.792 455.429 1169.05
-74.7176 -260.08 1380.27
134.729 193.036 1522.75
127.344 -46.0063 1416.48
214.428 453.29 1174.8
-101.78 -128.056 1436.57
135.003 193.967 1522.92
126.527 -46.2898 1417.61
216.497 451.689 1178.2
-99.6772 -116.015 1438.06
134.453 197.082 1525.32
122.445 -47.806 1421.39
205.608 424.113 1117.81
-102.962 -183.41 1386.79
133.311 194.046 1519.84
127.98 -44.6082 1422.46
197.183 420.322 1105.39
-107.544 -127.968 1432.38
134.728 193.752 1516.01
126.294 -45.8634 1419.04
195.42 387.311 1069.04
-99.5065 -114.139 1437.72
152.805 213.455 1471.85
121.042 -53.6814 1404.19
181.114 309.902 967.888
-104.657 -358.319 1279.09
157.269 219.242 1468.65
121.532 -51.4091 1401.83
175.085 297.666 950.025
-99.4763 -438.921 1209.76
150.053 222.917 1446.07
121.705 -50.8261 1404.09
172.123 274.565 924.337
-95.0876 -444.729 1207.69
147.159 218.52 1435.96
118.907 -53.024 1403.49
176.099 239.144 898.74
-96.5144 -442.514 1216.56
122.706 189.753 1472.51
117.973 -54.2564 1400.25
172.149 212.12 880.526
-97.6908 -448.644 1217.56
116.518 185.859 1483.06
116.542 -54.6705 1398.2
171.928 180.112 865.189
-98.7253 -447.935 1214.39
127.8 198.686 1468
112.919 -53.0855 1389.91
164.785 151.355 852.542
-99.7769 -447.328 1210.73
136.123 213.823 1459.22
113.927 -48.9177 1381.07
166.33 95.9714 840.815
-100.298 -438.624 1210.66
125.845 216.989 1501.42
112.158 -31.3987 1387.69
173.79 43.1551 823.103
-98.8293 -429.329 1216.02
130.971 198.287 1520.94
107.602 -23.7015 1388.49
182.166 -16.5382 816.934
-103.074 -419.67 1216.6
132.31 191.047 1529.95
98.2642 -21.6399 1388.52
192.319 -57.3279 810.169
-110.079 -408.71 1223.42
131.387 186.233 1532.59
87.2114 -41.8281 1391.23
191.651 -94.0834 817.142
-101.028 -400.638 1236.68
129.179 183.694 1533.13
75.54 -13.1596 1380.26
204.99 -128.321 802.874
-95.9154 -411.646 1224.76
127.229 182.525 1533.95
74.7557 -3.5418 1372.94
204.034 -183.606 797.664
-107.469 -413.587 1229.64
125.7 187.698 1524.16
99.4894 -53.5936 1379.54
197.7 -186.988 790.818
-87.5603 -451.25 1237.31
124.186 184.329 1527.82
101.12 -65.944 1373.62
204.994 -214.374 799.523
-83.9985 -481.103 1218.8
122.742 183.005 1529.67
103.149 -70.7117 1374.1
216.812 -261.53 833.361
-82.8786 -465.091 1226.08
121.836 181.597 1530.34
103.919 -71.5157 1374.18
234.656 -282.943 929.513
-90.3563 -474.493 1216.4
121.382 180.937 1530.19
105.01 -69.8683 1374.68
274.96 -312.273 962.277
-92.356 -478.7 1214.62
120.856 182.097 1530.14
106.606 -69.8225 1373.06
247.041 -365.128 902.176
-94.0029 -472.378 1209.51
120.648 181.076 1530.29
107.944 -70.1256 1374.49
275.913 -381.303 962.28
-98.6365 -473.883 1202.95
120.645 182.732 1525.95
108.731 -70.513 1376.12
292.837 -386.479 1022.24
-97.9173 -472.567 1206.25
120.203 182.657 1527.25
108.972 -68.4386 1377.33
303.227 -394.994 1050.08
-98.7761 -482.309 1197.76
120.352 182.928 1527.61
109.438 -67.7771 1376.63
311.794 -404.569 1073.19
-50.8372 -458.56 1186.32
120.221 182.466 1527.55
110.794 -67.8235 1375.74
318.048 -412.065 1090.35
-95.1075 -487.278 1189.97
119.875 181.955 1527.42
111.781 -69.9149 1375.82
324.579 -417.269 1106.88
-91.0178 -495.681 1187.04
119.796 181.521 1526.91
115.902 -76.25 1375.84
333.563 -422.328 1133.34
-100.832 -498.913 1166.47
119.847 181.196 1526.7
117.937 -77.2921 1372.01
337.317 -425.168 1141.37
-101.822 -493.308 1172.67
120.337 180.891 1526.69
119.389 -81.8725 1377.56
340.351 -418.534 1157.8
-87.3839 -484.043 1185.75
120.622 180.826 1526.83
118.75 -79.5078 1378.9
343.512 -420.267 1161.69
-102.933 -485.653 1177.05
120.968 180.266 1527.14
119.438 -79.5304 1387.34
342.089 -424.702 1162.51
-100.436 -487.28 1179.71
120.911 179.775 1527.03
118.165 -81.0465 1385.55
346.518 -424.657 1158.44
-102.84 -485.672 1178.53
120.681 179.648 1526.46
116.6 -78.974 1391.28
348.672 -413.131 1157.19
-99.9201 -481.824 1184.5
120.716 179.278 1526.23
117.056 -78.3186 1392.38
347.45 -412.292 1145.4
-102.667 -487.874 1179.3
121.014 179.087 1525.88
117.092 -78.5106 1391.96
348.229 -405.966 1138.42
-91.2432 -493.759 1178.48
120.919 178.9 1525.74
117.017 -78.0158 1391.16
345.76 -398.588 1124.51
-98.4402 -490.06 1176.38
120.463 178.701 1525.69
116.55 -77.3487 1391.45
343.083 -386.925 1113.69
-102.793 -488.759 1176.01
120.604 178.465 1526.34
115.711 -74.7914 1392.01
342.777 -335.219 1144.38
-98.2726 -489.055 1177.6
121.051 178.583 1527.31
115.778 -74.3062 1389.95
329.304 -372.468 1072.13
-95.2705 -487.984 1181.28
121.41 178.768 1528.69
114.941 -72.5244 1389.77
340.014 -302.043 1116.87
-102.006 -490.521 1174.88
121.828 178.644 1529.63
114.343 -71.0096 1389.64
332.617 -287.424 1096.94
-95.8379 -489.302 1176.39
121.783 178.454 1530.1
114.29 -71.3848 1389.43
298.903 -337.067 996.401
-92.8982 -488.145 1179.48
122.02 177.879 1530.45
114.375 -72.1378 1388.64
285.54 -323.294 966.472
-94.0183 -492.668 1186.07
121.858 177.248 1530.89
113.739 -71.9007 1388.17
269.245 -329.064 925.33
-101.501 -496.068 1192.42
121.62 176.527 1531.44
113.142 -71.7508 1387.45
258.865 -296.962 896.686
-94.9991 -485.985 1209.26
121.851 175.899 1532.95
112.766 -70.273 1386.18
252.594 -281.331 862.187
-87.3088 -503.629 1208.63
121.901 175.43 1533.9
112.692 -70.183 1386.97
245.171 -245.822 832.663
-69.47 -488.304 1224.03
122.015 175.428 1535.11
111.87 -69.0575 1386.78
229.733 -198.057 812.902
-81.5489 -492.775 1234.34
121.806 174.827 1536.24
110.817 -67.6243 1393.41
221.443 -153.39 812.565
-88.8458 -498.196 1237.86
122.024 174.631 1537.89
111.386 -68.655 1392.87
216.258 -110.947 815.488
-90.4444 -480.42 1240.94
122.834 174.416 1539.4
112.431 -82.8541 1402.22
215.579 -80.351 816.251
-93.7875 -476.572 1231.65
123.256 174.319 1540.5
110.984 -83.3546 1403.31
208.846 -46.7279 819.027
-101.14 -465.677 1231.21
123.456 173.416 1541.9
123.132 -66.8884 1391.67
207.178 -24.4497 822.945
-102.949 -456.407 1227.11
124.102 172.613 1542.77
126.071 -59.1714 1386.06
197.62 6.77495 824.947
-99.3566 -448.135 1227.24
123.896 172.957 1543.71
125.55 -55.4001 1385.93
187.673 35.6425 821.54
-100.717 -448.258 1221.55
123.995 174.156 1545.72
128.299 -55.4927 1402.5
151.575 69.7235 868.819
-94.6741 -456.83 1225.99
123.62 176.805 1548.7
127.239 -62.3418 1404.7
229.077 46.9025 1103.55
-96.1047 -463.727 1222.63
123.674 181.285 1546.1
126.437 -70.2536 1401.22
236.574 55.675 1114.68
-92.0581 -468.797 1221.38
131.353 182.443 1527.8
123.583 -64.3221 1405.11
243.097 72.8765 1111.63
-92.4595 -469.068 1219.3
129.231 180.809 1534.53
125.138 -65.7673 1404.91
243.833 83.786 1110.41
-84.4846 -470.315 1222.99
136.263 185.175 1523.01
124.338 -63.2026 1405.26
238.964 112.975 1094.12
-81.5711 -459.018 1219.71
140.505 188.018 1515.91
121.395 -62.4235 1403.9
227.861 143.189 1054.51
-84.5008 -447.668 1233.94
143.543 197.208 1497.14
119.442 -62.9187 1403.24
167.765 251.949 939.969
-91.3407 -439.956 1237.8
146.795 210.098 1481.89
115.61 -67.7801 1404.14
164.42 256.791 951.294
-92.69 -397.35 1270.58
148.228 210.609 1483.7
112.494 -71.0842 1409.25
161.345 272.808 956.361
-100.328 -358.109 1309.38
148.322 215.359 1477.83
110.038 -73.5135 1416.73
156.537 291.548 960.352
-98.1167 -329.747 1342.24
147.364 216.497 1473.87
110.339 -73.9363 1417
160.203 310.806 968.007
-97.347 -334.35 1337.31
147.644 218.758 1472.51
111.654 -69.7761 1418.91
165.655 327.088 984.31
-97.3027 -320.33 1351.82
146.876 219.184 1470.1
110.638 -69.441 1417.83
163.015 343.681 985.361
-92.129 -298.192 1428.71
146.317 217.867 1468.41
109.65 -68.3809 1417.7
158.167 359.898 996.755
-95.173 -281.014 1444.8
146.744 213.904 1470.66
110.78 -67.3888 1416.42
158.439 367.818 1014.76
-98.1198 -262.739 1453.93
148.064 208.273 1467.28
111.474 -65.424 1418.31
162.11 375.819 1029.52
-100.494 -247.154 1459.28
148.032 206.738 1469.37
112.004 -64.7061 1419.35
158.583 389.07 1033.71
-101.49 -237.674 1470.54
149.174 203.963 1464.72
111.902 -64.5598 1420.75
160.751 396.271 1044.91
-102.892 -224.413 1476.35
149.416 203.795 1468.59
111.837 -64.4552 1422.26
158.886 399.833 1051.67
-106.381 -176.328 1503.95
149.812 203.606 1469.56
112.126 -65.2979 1422.51
158.676 399.464 1056.71
-55.5411 -72.031 1482.83
147.328 199.754 1482.91
114.047 -63.9879 1420.32
160.165 399.632 1060.53
-53.0972 -70.476 1481.51
141.847 200.327 1501.59
114.702 -65.0854 1419.19
159.908 403.149 1064.86
-49.2925 -68.27 1488.33
145.221 198.027 1492.86
115.79 -63.2934 1418.95
161.853 403.139 1067.75
-48.8369 -68.9535 1486.35
145.14 195.878 1490.55
117.375 -62.6115 1418.34
164.611 403.981 1071.59
-50.3308 -67.9385 1482.64
140.031 193.592 1500.6
117.466 -63.3283 1418.34
171.416 408.041 1076.78
-98.6893 -197.298 1499.36
136.199 191.046 1506.44
119.089 -61.9849 1416.98
175.869 400.899 1081.52
-89.322 -128.034 1451.98
135.924 190.634 1505.98
120.009 -60.496 1415.97
178.869 396.323 1078.89
-109.764 -160.09 1443.06
137.808 189.971 1501.53
120.239 -59.44 1415.1
181.647 393.404 1063.83
-111.685 -181.946 1446.01
136.915 187.011 1505.69
119.63 -59.0834 1413.92
177.428 387.67 1054.01
-107.352 -189.976 1437.37
137.661 185.991 1502.83
118.916 -59.1163 1411.55
182.352 381.239 1049.41
-82.9695 -302.003 1380.69
136.953 186.868 1504.11
117.756 -59.5567 1411.53
182.165 375.43 1033.92
-100.398 -353.356 1314.93
136.718 188.423 1504.89
116.855 -59.8476 1411.64
183.136 365.793 1025.36
-100.433 -335.053 1327.94
136.909 190.398 1505.17
117.194 -59.9184 1411.78
181.395 359.846 1015.62
-82.1638 -295.878 1379.3
137.572 202.665 1503.18
116.81 -61.0166 1411.5
183.757 351.825 1003.22
-110.064 -181.866 1427.83
151.587 227.085 1469.83
118.114 -61.7785 1410.56
183.806 336.445 989.695
2.79402 -129.919 1364.27
156.629 231.9 1449.05
118.756 -60.5934 1408.36
183.876 330.463 975.594
-84.0891 -291.366 1379.23
159.132 236.187 1441.87
156.963 3.18334 1413.96
192.166 364.957 967.114
-112.603 -388.128 1315.73
163.697 241.816 1441
151.5 -10.9188 1400.34
183.659 332.132 945.822
-107.471 -373.795 1318.77
165.14 243.612 1443.71
114.852 -67.081 1416.9
180.086 281.973 933.599
-98.5434 -296.002 1355.48
163.968 242.792 1445.69
127.147 -53.505 1411.83
177.138 263.283 911.855
-104.907 -388.961 1283.07
160.95 242.789 1443.54
130.647 -51.8228 1405.92
172.737 231.335 896.001
-104.264 -401.571 1274.19
137.682 251.665 1398.83
130.25 -50.8692 1401.78
175.059 204.12 877.472
-17.7154 -430.846 1252.87
134.692 251.854 1389.47
123.005 -57.9646 1392.65
167.896 158.243 859.95
-62.33 -458.841 1224.19
135.586 249.903 1376.74
123.458 -57.4496 1392.79
172.026 105.704 846.241
-92.0616 -473.392 1219.07
135.517 247.349 1363.75
112.339 -59.4393 1385.27
168.898 60.2628 833.941
-101.337 -450.739 1221.3
132.903 250.239 1353.85
98.5002 -47.5618 1381.56
182.216 8.50984 822.036
-107.893 -434.616 1221.29
129.637 189.985 1542.76
94.7695 -49.1999 1383.35
178.019 -48.1625 821.381
-90.4223 -419.934 1231.99
127.756 188.305 1542.5
91.2974 -39.8545 1394.59
181.488 -90.7235 818.069
-106.617 -443.421 1216.52
126.047 185.493 1541.72
82.3737 -41.2815 1397.29
191.624 -132.132 823.622
-100.664 -434.9 1227.24
124.047 185.392 1541.79
116.285 -0.780351 1391.48
188.515 -148.125 815.559
-97.8721 -463.639 1236.59
123.026 185.564 1541.19
126.199 -17.2502 1389.38
183.627 -186.898 809.504
-94.3382 -468.13 1241.76
121.439 185.433 1541.39
122.353 -38.7778 1393.69
194.487 -231.531 812.134
-83.8974 -458.936 1233.23
120.942 184.709 1540.74
111.924 -47.7227 1398.3
221.527 -305.178 876.509
-99.0171 -478.85 1223.62
120.422 183.518 1539.1
110.192 -55.5177 1395.91
229.92 -336.075 899.573
-94.5532 -485.079 1214.71
120.253 182.883 1538.43
109.224 -60.1672 1393.14
263.882 -314.657 960.276
-100.444 -473.903 1216.42
120.572 182.323 1537.7
110.147 -63.29 1384.62
262.061 -341.106 955.731
-96.0887 -478.695 1215.88
120.74 181.409 1537.5
109.613 -64.5238 1385.82
282.762 -358.318 1015.4
-95.9909 -483.368 1208.56
120.399 181.254 1537.1
108.759 -65.5059 1382.21
297.705 -347.482 1066.28
-102.78 -477.379 1206.42
119.813 180.849 1536.04
108.196 -66.4999 1379.72
299.075 -389.889 1044.99
-105.654 -480.288 1199.5
119.39 180.492 1535.25
107.298 -67.1508 1381.74
307.825 -402.495 1060.92
-100.993 -482.44 1198.83
118.744 180.211 1533.92
105.475 -72.515 1381.88
316.666 -409.48 1079.73
-89.7865 -482.121 1195.24
118.709 179.987 1533.87
107.335 -73.1856 1380.85
322.853 -416.444 1093.73
-103.723 -476.252 1194.97
119.199 180.198 1533.81
108.754 -74.8576 1380.8
327.55 -413.447 1110.4
-88.7462 -468.591 1207.84
119.231 180.577 1533.53
108.961 -75.8684 1383.34
332.435 -417.272 1119.74
-105.862 -478.889 1194.27
119.573 180.672 1532.62
109.005 -75.5732 1384.44
334.476 -419.453 1125.78
-96.6386 -481.025 1192.2
119.648 180.684 1531.84
109.42 -75.8075 1385.19
336.582 -421.27 1129.19
-93.926 -479.494 1189.28
119.494 180.821 1531.26
110.995 -77.21 1387.55
337.658 -421.225 1130.65
-100.51 -476.179 1197.48
119.075 180.825 1530.55
110.218 -76.9348 1388.57
339.104 -417.216 1133.09
-89.9148 -481.478 1199.96
118.874 180.716 1529.81
110.695 -76.3742 1388.47
338.06 -412.17 1133.04
-105.583 -478.242 1191.6];