d31 = [116.848 230.645 1290.38
34.6594 -43.6408 1192.63
531.618 -147.161 1030.27
-176.343 -304.345 1041.5
127.594 235.032 1282.45
20.301 -44.197 1179.51
518.369 -174.712 1017.82
-154.897 -285.469 1029.61
142.148 238.715 1267.16
10.5362 -45.9007 1170.68
512.193 -173.316 1009.79
-128.162 -282.449 1008.56
153.592 242.151 1252
1.05714 -40.1013 1180.23
495.519 -179.665 1017.31
-112.638 -303.797 846.191
161.292 242.828 1243.05
-4.01951 -36.6555 1197.5
508.658 -181.025 985.057
-124.094 -300.092 1014.89
167.329 247.66 1232.71
-0.577216 -25.8993 1199.88
511.096 -191.884 956.948
-125.353 -286.146 1022.38
173.357 256.39 1214.39
-0.570014 -25.5501 1197.22
521.059 -192.099 940.323
-105.368 -273.753 794.4
180.248 261.964 1195.06
-1.39452 -21.5825 1188.03
528.646 -191.213 910.264
-57.3303 -268.668 912.48
181.465 267.512 1172.73
43.5297 -29.8247 1148.74
494.313 -181.348 915.939
-31.0804 -279.6 885.514
181.601 271.984 1152.94
59.117 -15.2129 1114.14
471.001 -177.802 918.371
-27.2397 -265.83 876.243
183.142 275.052 1139.87
77.0341 -1.73092 1093.59
373.1 -128.668 976.958
-8.19255 -238.216 855.559
185.648 282.228 1119.23
136.698 29.4068 1063.02
343.863 -151.744 970.153
-6.75178 -203.464 815.18
190.857 286.212 1097.01
132.577 20.2444 1046.53
273.118 -150.467 1003.1
29.4314 -236.391 781.259
194.76 288.294 1075.59
127.309 23.7486 1009.71
275.727 -21.0334 995.711
66.0263 -303.344 677.068
191.296 295.636 1053.11
142.326 20.0891 981.317
281.807 -25.901 952.199
89.9624 -296.617 680.963
199.471 314.353 1007.9
151.547 20.3306 971.842
308.83 -69.7276 888.266
86.8499 -259.065 663.08
202.453 326.207 985.13
156.2 22.2623 967.232
304.189 -76.1091 875.642
82.5729 -239.186 654.761
204.165 312.995 960.386
121.499 34.7359 959.536
394.282 -140.413 989.495
85.4351 -222.478 629.322
208.229 376.247 870.496
122.132 61.7145 936.821
386.124 -95.5913 1025.19
94.2497 -219.884 459.027
206.287 383.648 871.988
144.774 76.0639 915.724
379.417 -96.966 1008.29
99.2235 -205.757 461.062
204.661 390.744 870.214
150.079 82.7131 903.881
268.232 -102.732 907.503
110.138 -194.898 456.113
205.423 394.214 869.148
150.377 89.7063 891.249
229.643 33.54 903.891
117.538 -202.594 454.223
148.407 225.201 1346.85
65.9007 -59.3122 1239.93
285.628 14.3067 946.748
-186.624 -47.2356 901.604
44.1047 156.641 1150.4
69.9351 -48.5371 1261.65
241.163 96.9495 876.868
-184.435 -22.4954 934.137
53.724 154.344 1146.18
68.9295 -47.156 1271.75
221.215 107.488 893.124
-180.083 48.8663 935.34
59.7438 156.079 1148.14
55.5796 -58.6369 1281.18
243.713 50.5184 951.203
-199.343 111.217 928.161
62.8509 172.623 1165.27
17.8431 38.8051 1322.4
248.021 69.5628 952.441
-159.428 -66.6749 1024.02
93.9313 224.152 1401.23
27.8273 24.2506 1322.02
157.371 160.495 978.033
-196.851 -62.2347 911.555
72.8261 237.263 1365.43
30.1989 17.4099 1322.2
138.891 135.509 997.172
-208.442 -182.445 1079.41
28.8314 178.354 1327.77
18.2618 -20.8625 1335.66
119.467 108.377 917.294
-214.496 -174.57 1149.6
38.0174 204.319 1325.11
19.5506 -54.4596 1337.53
102.091 89.1089 911.567
-25.4806 -130.252 1132
31.7069 225.401 1313.14
7.99967 33.7926 1273.24
89.611 141.622 895.741
-50.7166 -162.757 1129.13
22.2798 246.467 1297.03
-0.495908 32.7972 1277.22
-14.1303 2.85127 1004.4
-43.1303 -150.327 1132.97
16.7294 273.503 1291.81
-7.30466 34.3669 1279.03
-66.8294 -7.37318 1018.83
-23.3856 -153.674 1133.02
9.95604 292.383 1281.33
-13.94 34.9442 1280.52
-250.174 -31.5566 1058.81
-25.173 -142.082 1115.67
-92.1191 -84.7109 1032.87
-40.1669 -46.1051 1327.3
-252.771 -116.143 1083.08
63.1421 20.9525 881.516
-84.7784 -37.4611 1058.21
-38.0817 -31.4999 1323.14
-261.953 -94.3893 1098.44
71.3912 30.3103 837.469
-46.4689 101.703 1471.25
-43.7852 -29.5287 1311.62
-267.336 -74.2278 1082.78
69.4766 -45.3363 865.437
-48.4093 99.1601 1471.06
-67.7224 -71.4199 1320.59
-268.445 -29.1627 1070.01
81.2472 -155.324 1047.35
-51.0251 93.8445 1474.67
-55.5146 -110.846 1302.27
-270.182 -57.9234 1056.75
68.9858 -119.439 867.285
-55.2984 80.7816 1487.14
-60.1286 -121.142 1297.58
-260.175 -199.637 1017.38
34.2583 -196.058 1059.22
-59.9964 74.6574 1493.4
-61.2136 -126.585 1296.18
-256.461 -202.515 1032.84
18.8523 -216.54 1049.32
-61.1594 70.9836 1497.5
-59.1463 -126.334 1299.15
-185.428 -219.048 839.571
8.85916 -243.891 1109.35
-57.6244 69.2463 1499.36
-49.21 -120.992 1297.99
-230.737 -307.927 961.312
-4.38911 -252.561 1079.96
-54.485 69.6225 1501.92
-37.7189 -124.744 1302.09
-114.553 -227.55 939.726
92.008 -245.621 996.515
-43.3143 72.9201 1508.76
-17.9485 -129.771 1323.14
-168.506 -277.677 903.235
56.0334 -238.424 887.95
-40.2024 72.261 1512.66
-22.4039 -136.819 1336.53
-154.549 -272.156 905.198
84.8384 -299.693 882.456
-32.7836 75.6336 1518.32
-20.9347 -140.566 1354.27
57.8458 -270.325 827.838
97.1125 -290.848 969.965
-15.8672 80.2715 1525.18
-21.2707 -139.401 1369.61
71.8894 -287.191 819.245
102.976 -288.982 985.464
-7.67843 76.2782 1529.21
-18.7304 -151.009 1369.52
50.1788 -300.911 819.277
93.728 -297.288 963.242
3.54118 72.5033 1533.7
-27.6758 -151.229 1368.45
72.0648 -301.682 818.994
-112.197 -426.802 981.714
6.44076 72.0593 1534.07
-28.3845 -149.935 1368.17
81.5564 -308.683 878.693
-99.6378 -416.631 932.259
12.931 65.8151 1537.18
-27.9617 -148.489 1365.1
81.496 -288.3 873.499
-140.77 -354.074 854.269
15.7879 65.4588 1538.11
-20.1838 -146.129 1358.19
92.6658 -258.678 851.84
-97.6557 -457.527 1029.99
19.7456 63.6582 1537.19
-4.96199 -144.964 1361.93
103.851 -244.638 843.437
-118.8 -394.504 1176.97
25.3827 63.4529 1536.93
-5.79077 -145.442 1369.7
99.2679 -238.372 841.09
-119.429 -387.504 1172.68
29.2919 64.1454 1537.51
-5.13416 -136.252 1369
97.5401 -254.404 880.4
-106.732 -348.605 1115.48
33.7342 63.9798 1538.5
0.177393 -121.433 1359.73
-121.479 -256.806 878.534
1.45076 -279.258 997.798
46.1012 55.4158 1548.55
14.4102 -119.637 1347.58
-110.978 -227.733 874.08
7.51362 -273.956 1005.13
46.5502 46.166 1559.43
11.2151 -124.531 1339.6
-107.373 -193.07 861.374
115.057 -179.54 864.271
44.5909 50.2865 1553.86
11.4852 -98.2454 1297.41
-91.3683 -168.303 849.892
109.502 -130.847 901.508
44.5552 50.7752 1552.08
12.674 -96.6468 1294.9
7.47436 -160.685 974.943
108.184 -102.418 914.165
47.5586 45.7707 1555.95
13.6843 -91.5592 1293.69
50.9419 -74.6335 889.273
125.487 -75.5705 914.387
44.1492 49.2012 1554.45
28.7633 -90.06 1298.88
66.2213 -40.0569 895.204
154.374 -62.6803 1040.29
56.0703 64.9812 1548.98
35.7252 -82.3 1312.41
-77.0325 -58.3082 877.295
168.128 -72.0719 1077.27
59.9164 76.2179 1546.52
37.1735 -74.1565 1315.51
44.8109 2.14629 918.458
159.465 -50.6854 1095.58
62.4647 105.222 1532.37
21.9724 -35.1798 1326.04
52.9695 29.1974 941.947
161.559 -12.8097 1114.18
48.8892 147.91 1496.11
19.4689 1.02184 1332.41
12.322 -21.0999 1087.34
156.054 -43.6144 1113.48
50.5408 5.18513 1099.59
19.7511 -3.0664 1336.04
58.4654 -8.87469 1135.24
119.827 -112.366 1156.55
36.9568 -2.73493 1113.38
19.8798 -6.57346 1339.49
64.543 -19.0672 1159.03
105.494 -94.2838 1185.81
34.7274 -2.33451 1115.59
18.3994 -10.2325 1344.11
58.132 -26.0873 1181.81
101.324 -85.0966 1188.84
33.4553 0.590776 1118.26
10.4057 21.9796 1364.34
51.0143 -49.8619 1167.59
91.0787 -59.9191 1208.44
34.2467 10.514 1117.75
9.50274 21.7437 1370.17
40.5753 -40.0225 1182.99
73.4577 -58.8914 1232.26
1.2038 49.8532 1122.38
9.12821 22.4187 1375.68
172.161 -123.846 1276.66
62.4356 -58.5177 1251.25
14.5235 52.3437 1145.61
40.7659 -41.4908 1384.42
20.5807 -11.7232 1196.69
37.2771 -110.44 1261.41
14.3403 53.5121 1148.79
31.3091 -40.8358 1396.69
11.3076 -0.214229 1217.3
19.1148 -123.948 1261.62
19.7499 56.2971 1152.59
24.9877 -41.0627 1397.05
1.21333 -2.4506 1226.15
13.7018 -116.321 1268.28
20.9826 61.3885 1153.95
15.4387 -35.3235 1397.59
-2.25712 -2.49306 1237.06
21.4626 -109.632 1270.24
32.6787 83.1069 1195.86
10.1722 -25.771 1398.18
4.00649 -12.4466 1245.3
34.3841 -97.2337 1273.16
40.2016 103.995 1242.95
10.9183 -21.5656 1396.48
3.87363 26.7083 1240.26
51.7991 -129.718 1279.93
36.3139 123.292 1252.81
11.088 -14.5386 1394.71
10.5745 1.58013 1230.84
74.6593 -114.035 1289.65
25.3471 144.248 1262.23
10.6583 -12.1866 1394.07
8.94593 -26.99 1239.83
81.89 -92.5497 1281
22.1473 173.486 1268.16
11.7434 -5.40925 1384.46
9.46908 -32.3905 1242.31
88.5234 -97.9631 1273.92
15.3633 315.446 997.088
38.6377 47.1439 1289.15
113.551 85.0994 1196.77
-13.758 -213.89 1310.69
15.2757 338.012 990.256
36.4022 46.7945 1290.1
97.1418 0.942901 1273.79
-17.8436 -195.78 1303.68
14.3598 341.01 991.077
33.5724 43.063 1291.87
102.689 15.4626 1297.74
-37.0923 -204.367 1296.92
19.7257 336.711 1040.97
31.1984 39.9334 1291.53
61.3915 79.0696 1269.51
-35.0821 -167.732 1236.6
23.0861 327.611 1081.41
26.5855 38.1172 1287.32
66.8685 78.8323 1265.01
-59.4348 -153.024 1234.39
24.8758 320.588 1129.29
25.0542 37.826 1284.5
76.5171 84.5207 1266.73
-253.973 122.216 1138.98
27.0988 316.585 1171.39
24.6778 39.2965 1281.45
90.0288 96.5238 1262.08
-259.49 127.259 1145.91
30.946 312.134 1212.43
24.8196 40.2774 1281.66
98.8057 98.2814 1246.96
-267.481 129.579 1171.62
35.4103 308.421 1247.95
26.7112 41.9931 1283.61
94.031 19.6127 1218.99
-274.237 212.775 1207.67
27.861 311.279 1275.05
25.9687 38.698 1285.3
240.309 -29.1518 1341
-287.073 153.05 1220.28
27.7012 317.138 1295.73
41.8108 42.2917 1346.09
104.182 53.1484 1258.33
-274.974 157.241 1194.65
25.7007 322.457 1313.46
27.9979 37.2943 1297.61
130.514 70.5067 1198.07
-194.221 -77.5398 1279.02
19.7455 59.9471 1545.62
13.462 -55.5906 1333.88
-180.004 -99.3105 1099.22
62.1226 -223.69 1285.7
16.2216 50.7874 1550.78
14.7037 -61.0703 1329.86
-184.897 -102.254 1086.83
132.485 -209.834 1120.42
17.2449 50.1354 1553.38
42.3456 -73.4739 1317.56
-167.322 -121.399 1104
99.5135 -195.056 1109.37
15.9853 49.6418 1556.03
39.8225 -86.0778 1314.69
-154.786 -111.156 1139.55
36.6112 -324.899 1054.7
-175.99 141.147 1060.32
-18.373 -180.942 1222.05
-154.085 -55.4512 1077.97
21.9942 -356.326 1253.02
-127.119 135.953 1070.62
2.58749 -194.417 1224.92
167.941 -168.559 1024.84
-35.7442 -387.276 1235.57
89.2135 -183.935 969.517
5.62161 -200.172 1223.67
167.083 -194.195 1018.8
-26.4404 -378.59 1236.41
-208.831 55.8685 1120.41
5.1487 -205.583 1218.3
123.431 -206.377 1009.17
-37.24 -380.037 1218.43
-152.473 60.8898 1113.52
11.604 -208.264 1217.97
104.047 -217.819 1013.85
-59.0136 -405.927 1229.64
-96.7832 59.6388 1099.49
23.038 -212.639 1214.1
-84.897 -233.693 945.344
-69.4551 -417.931 1232.52
-106.57 72.2029 1094.03
22.92 -195.938 1207.09
-90.3585 -250.691 946.891
7.75496 -492.137 1123.74
36.6463 55.9199 1586.57
-29.6654 -211.233 1313.84
-37.4189 -289.075 1093.29
-102.545 -389.984 920.702
38.3824 57.7809 1584.57
18.2597 -150.103 1405.26
-87.1109 -252.632 952.207
77.9076 -263.184 837.191
39.701 56.8148 1581.49
14.9518 -162.117 1397.45
-87.5179 -252.407 949.827
92.2288 -284.978 824.675
39.3663 56.3568 1577.96
14.0809 -174.765 1396.75
-81.6492 -267.389 960.215
97.7492 -300.417 837.843
39.3064 55.5118 1575.21
13.9308 -179.219 1398.53
-77.3209 -269.475 939.189
87.4653 -335.991 868.795
40.1168 54.6078 1575.4
12.9851 -180.313 1400.19
-86.3595 -261.344 906.591
79.8886 -372.366 892.69
39.3675 53.785 1574.67
11.7395 -181.579 1400.34
95.7003 -294.543 955.153
99.0313 -363.132 893.017
39.5457 53.8275 1574.55
11.1531 -181.546 1402.61
38.2872 -318.081 965.445
88.7463 -373.759 922.228
39.7743 54.3293 1574.22
9.84706 -183.621 1404.69
66.4792 -333.796 953.042
45.1289 -404.609 967.196
40.8502 55.3856 1573.72
9.70155 -186.797 1411.43
117.217 -298.302 977.85
-47.5026 -411.907 953.318
42.0485 57.0463 1574.29
10.7977 -190.542 1422.57
55.6958 -349.713 965.456
-77.9473 -391.038 967.324
44.1244 58.6893 1574.35
12.0268 -193.854 1428.62
23.2327 -281.849 987.521
-46.9636 -480.717 918.227
46.1346 58.8567 1574.09
14.9551 -193.791 1431.37
31.5233 -291.857 977.281
-55.7523 -485.302 942.745
47.6664 58.816 1574.11
19.7818 -190.804 1430.27
34.0064 -307.945 982.846
-54.6869 -498.371 968.888
48.9368 58.4766 1573.67
23.8234 -192.092 1431.95
77.6068 -303.556 960.264
-70.6986 -489.139 982.813
49.9675 57.5996 1573.64
22.1988 -192.179 1429.95
88.6425 -308.734 974.08
-79.7475 -479.038 995.102
50.5054 57.4177 1573.26
22.0125 -191.046 1425.87
49.724 -333.555 996.937
-83.5818 -472.519 997.82
51.1861 57.2068 1573.11
23.4953 -192.354 1426.43
105.899 -320.338 973.786
-12.4408 -495.257 1056.48
51.7672 56.4615 1573.08
23.4203 -192.329 1424.48
102.121 -325.229 1004.55
-92.347 -455.951 984.165
52.6686 56.0626 1573.3
23.3292 -195.58 1423.63
105.282 -323.849 996.715
-10.0407 -508.698 1035.53
53.6158 56.0659 1573.39
25.3224 -196.969 1424.34
111.188 -336.35 979.751
-8.56188 -512.003 1034.53
54.2303 55.3705 1574.18
25.6009 -198.279 1422.91
108.44 -334.484 965.907
-8.06637 -517.518 1037.77
55.1896 54.9761 1574.91
25.1361 -196.916 1422.07
111.862 -350.771 956.416
-14.0243 -503.144 1036.22
56.247 54.6718 1576.37
26.3199 -195.744 1421.77
114.793 -331.662 958.184
-15.3824 -510.307 1032.72
56.7283 54.5112 1578.07
27.3699 -194.257 1421.77
111.828 -306.139 964.12
-13.2285 -537.475 1018.89
57.0345 53.8764 1579.53
25.7727 -192.631 1422.07
119.168 -311.212 969.788
-26.0315 -521.629 985.304
56.9205 52.6139 1580.9
24.465 -187.944 1421.81
117.781 -299.343 954.42
-29.0251 -515.127 983.556
56.9234 49.7935 1584.04
24.9908 -182.839 1420.81
122.167 -311 940.949
-69.2368 -401.835 961.074
56.1181 47.6416 1585.46
26.2371 -179.979 1419.88
115.7 -310.286 914.229
-85.2676 -397.757 955.113
55.5398 47.031 1585.53
27.1723 -178.763 1419.97
113.13 -291.85 897.959
-88.9355 -402.506 948.674
54.682 47.0087 1585.36
32.7509 -158.806 1412.83
115.583 -260.108 889.493
-74.7318 -397.838 954.662
54.2786 46.1605 1585.92
28.4338 -153.129 1407.42
109.382 -184.067 903.62
-63.5309 -441.486 937.288
54.4313 45.4701 1586.78
32.8138 -155.835 1413.32
104.07 -243.901 877.652
75.3604 -373.566 982.399
54.5638 44.6511 1587.38
25.8566 -156.086 1414.95
71.1894 -285.223 915.882
118.889 -306.882 949.353
54.7006 43.6161 1587.62
21.0006 -159.719 1412.83
-103.707 -224.409 873.624
120.925 -284.01 953.168
54.3012 39.0833 1589.29
9.80679 -156.898 1394.37
-102.085 -188.675 892.994
123.325 -248.751 958.094
53.5509 35.4878 1589.86
5.85362 -150.551 1383.38
-107.871 -168.875 893.222
141.702 -224.949 959.869
53.0326 31.8105 1590.55
8.49043 -146.296 1383.36
-123.683 -138.13 911.249
143.537 -201.03 962.397
52.9864 29.339 1590.23
29.4284 -148.925 1361.39
-100.028 -181.423 1016.26
148.678 -168.957 955.997
53.4051 30.1137 1589.27
35.5156 -122.475 1333.9
-98.7726 -162.771 995.921
158.007 -145.521 978.87
52.3672 30.1378 1589.27
35.8534 -116.56 1331.67
-74.0558 -80.9905 918.585
149.797 -114.786 1008.86
51.3048 30.1386 1590.25
36.3499 -111.299 1330.71
-72.0284 -53.0538 923.436
142.749 -77.8812 1046.84
50.6926 31.2824 1590.57
36.8291 -106.715 1333.59
-75.8628 -37.7144 924.316
122.315 -94.2179 985.525
50.8157 47.1734 1592.31
38.5082 -100.056 1341.26
-96.7454 -38.6079 922.397
116.111 -54.9158 985.378
72.1729 88.0378 1560.35
48.2849 -88.6483 1365.73
-95.3454 -24.8664 902.348
109.961 -43.0207 977.343
75.8896 111.167 1541.35
31.8655 -69.4234 1407.82
-90.3518 31.1773 909.11
119.006 -44.3074 994.823
68.7632 127.442 1526.89
32.5402 -70.0247 1416.08
-86.2136 46.3068 896.49
113.017 -21.1227 1027.7
69.4699 129.379 1523.8
31.2013 -72.7651 1420.64
-77.0046 71.1554 913.422
120.119 -5.02874 1034.43
69.984 154.501 1527.19
22.3156 -57.314 1408.41
71.4265 72.9852 957.527
131.011 29.9181 1003.74
74.5619 174.56 1527.49
19.565 -58.1424 1417.87
82.2795 82.0424 999.474
50.4112 -111.557 1054.79
74.4342 175.78 1527.77
18.7395 -66.0548 1414.45
1.1374 -52.6449 1107.12
50.2881 -99.0513 1084.26
74.5229 176.636 1527.63
14.3851 -71.3917 1407.97
4.07164 -63.4909 1132.78
45.6364 -75.1219 1102.02
74.2627 175.418 1526.98
13.4123 -140.088 1430.49
-2.99718 -46.9001 1136.01
31.8467 -93.7774 1149.1
75.7169 169.013 1516.67
11.0471 -173.825 1423.19
-8.09848 -24.0349 1150.78
20.2759 -102.414 1170.97
76.6204 163.981 1509.28
14.6029 -190.585 1426.6
-8.33914 -15.5142 1164.75
19.3361 -96.1097 1173.2
69.89 118.939 1509.32
23.7407 -195.487 1423.65
-8.55888 -14.3012 1156.53
4.31437 -84.4378 1210.42
63.7646 105.351 1507.92
25.1495 -192.115 1427.67
-2.40995 -22.7211 1168.42
-10.796 -69.3664 1223.79
60.4704 97.8983 1508.22
35.2361 -182.168 1443.38
5.62425 -19.9681 1187.38
-23.2482 -71.2128 1228.25
47.1849 121.216 1256.86
42.435 -181.4 1440.43
13.0119 -17.5396 1214.47
-31.7953 -68.3811 1227.82
46.9312 122.058 1255.68
43.8677 -177.4 1450.26
14.873 -19.0125 1226.56
-42.4123 -50.4395 1230.5
45.9589 123.676 1255.59
38.4499 -171.705 1458.14
20.2286 -8.32972 1237.43
-168.478 112.328 1185.72
42.5074 126.744 1256.65
30.7904 -171.675 1452.72
22.4145 -18.4398 1235.13
-165.37 128.189 1206.64
41.2925 129.196 1257.87
30.876 -149.287 1454.62
34.431 15.0234 1242.26
-148.064 -15.544 1305.27
40.0177 136.476 1257.96
49.3699 8.70657 1370.08
149.852 168.695 1207.07
-274.531 -238.764 1372.43
38.6287 240.339 1248.65
47.6221 18.2735 1349.51
162.429 168.609 1221.37
-264.91 -185.708 1334.04
35.1159 234.866 1242.99
47.3212 18.9494 1353.88
164.347 162.727 1230.53
-261.155 -181.667 1323.55
51.8375 247.567 1231.37
44.5202 21.3045 1347.47
173.084 157.607 1236.33
-261.821 -180.817 1317.54
62.7891 251.526 1227.88
42.0303 23.4479 1341.81
168.317 158.761 1248.5
-283.413 -113.283 1228.69
75.4253 259.124 1229.41
41.0126 23.3989 1337.69
161.488 173.114 1245.54
-273.981 -255.126 1340.1
78.8949 262.062 1235.66
36.4096 21.7692 1321.74
162.184 178.656 1248.82
-257.95 -116.342 1219.33
74.2201 253.92 1249.33
35.2394 19.186 1314.88
160.09 183.788 1241.77
-250.783 -167.078 1309.71
43.6051 248.35 1259.78
33.7493 20.3819 1319.25
265.2 340.347 1153.36
-266.14 -133.578 1242.6
50.5272 246.64 1262.71
32.9527 22.0453 1322.46
263.933 427.28 1111.12
-220.441 -170.267 1332.06
86.5644 272.077 1299.8
36.9983 23.0221 1309.12
249.575 419.156 1086.22
-226.497 -167.646 1361.74
89.7809 276.727 1293.18
39.6078 -29.4334 1420.35
135.243 306.943 1155.02
-186.707 -206.741 1336.87
89.1369 276.312 1295.1
40.3845 17.1168 1440.76
121.815 260.221 1141.18
-189.256 -188.105 1339.84
39.9885 39.9314 1577.64
17.9103 -168.383 1388.98
-73.8785 -221.022 953.001
103.877 -275.281 823.69
40.1395 39.7138 1579.41
17.9207 -167.851 1390.52
-89.807 -216.958 925.792
93.8407 -280.509 814.431
40.2653 40.4513 1580.75
17.6901 -168.044 1393.75
98.6901 -207.221 937.567
-79.4761 -354.132 851.727
39.845 41.5655 1582.02
17.325 -167.769 1397.38
91.8247 -259.021 901.634
-88.6469 -336.054 905.654
36.5176 51.211 1581.85
16.4655 -164.717 1407.52
95.8061 -254.446 882.978
-81.5451 -360.716 907.411
37.3646 50.0689 1581.48
16.2599 -163.026 1413.15
64.1537 -242.176 836.569
-97.9334 -410.937 938.887
38.529 49.4117 1580.56
16.5361 -163.285 1417.14
137.557 -250.137 970.47
-91.0266 -413.968 944.745
38.9259 49.8179 1579.82
16.4134 -162.789 1423.26
82.7291 -259.129 1009.21
-139.799 -387.46 1016
39.5619 51.0326 1579.65
17.3134 -162.856 1425.4
113.704 -259.285 996.56
-88.2792 -412.014 933.391
38.8314 51.7535 1579.74
17.2383 -162.442 1423.51
144.412 -255.95 997.029
-109.746 -416.165 939.122
38.5485 51.9751 1579.88
16.6324 -161.423 1422.03
113.198 -273.527 905.607
-106.634 -441.056 932.358
38.7729 52.5324 1580.3
15.6375 -161.033 1420.71
71.1131 -286.313 877.28
-122.551 -452.431 956.156
38.4442 53.0231 1581.12
14.3639 -159.577 1420.07
134.569 -268.243 954.462
-107.724 -452.86 945.296
38.3332 53.5453 1581.77
13.8407 -159.213 1420.09
131.658 -271.146 937.477
-119.759 -447.313 956.091
38.4279 53.9901 1582.51
12.942 -158.923 1419.54
135.684 -266.239 949.077
-98.4874 -519.865 1019.2
38.2896 53.6985 1583.43
12.259 -159.46 1418.54
141.725 -271.46 945.032
-132.806 -489.925 1007.51
38.1822 52.9826 1583.67
11.1466 -160.032 1417.53
139.229 -260.873 933.995
-133.749 -475.221 995.507
37.6787 51.7647 1583.94
10.3837 -161.788 1415.9
144.713 -265.992 933.101
-153.158 -364.869 915.226
37.6245 51.2443 1584.51
9.10777 -163.608 1411.01
141.61 -247.444 923.291
-149.298 -348.527 910.82
38.0531 51.7019 1584.16
11.9415 -160.891 1402.21
137.479 -225.642 891.272
-151.025 -329.15 920.609
37.8518 51.7463 1584.42
10.7902 -160.942 1404.36
133.947 -200.442 884.035
-151.884 -306.493 928.541
37.928 50.6224 1584.11
13.4015 -163.025 1381.58
133.152 -193.205 881.281
-106.963 -335.555 993.329
37.9977 49.3561 1583.65
14.3965 -156.948 1385.99
131.196 -161.852 895.837
-157.532 -243.224 914.812
39.1746 47.7504 1583.56
14.5372 -142.438 1373.75
-149.592 -151.367 919.019
71.5261 -231.876 909.453
39.6135 47.0237 1583.17
4.67557 -102.807 1305.38
-124.542 -177.33 929.606
90.8683 -149.782 910.821
39.677 46.7288 1583.07
8.9153 -97.4108 1306.43
-143.859 -160.593 926.225
108.651 -125.893 915.491
38.8639 46.9113 1583
22.6599 -97.7381 1299.91
-142.884 -139.547 929.326
104.776 -100.532 915.447
37.6741 47.7416 1582.85
18.4489 -97.5651 1300.26
-147.822 -116.421 929.763
111.378 -56.3112 876.292
36.5956 49.6492 1583.08
15.8287 -97.6065 1300.3
-139.292 -117.083 1015.34
106.573 -40.7473 877.824
42.4348 61.2051 1548.76
35.017 -126.872 1379.31
-168.698 -77.0008 1033.4
113.152 -48.2292 923.333
52.3978 89.302 1515.22
45.0361 -132.734 1378.28
-175.357 -48.2707 947.75
116.686 -24.4535 935.499
60.1955 121.611 1482.03
42.9495 -133.699 1392.7
-162.475 -42.2898 1106.94
103.619 -21.7087 883.81
59.196 125.341 1479.14
36.6402 -120.882 1393.31
-186.053 -10.0958 1139.75
190.653 -78.6264 1073.81
58.4512 128.903 1475.49
34.4458 -87.5504 1393.05
-194.17 -9.76392 1120.16
131.803 17.9331 913.054
57.9371 131.793 1468.17
33.7277 -79.5693 1396.15
-177.794 -32.6841 1071.37
157.043 -36.916 1085.92
57.5947 133.652 1463.94
28.5491 -97.0056 1399.9
-166.59 42.2788 1113.43
156.553 -52.5791 1087.43
58.8981 128.72 1458.63
28.828 -106.079 1409.04
-195.87 67.8305 1148.87
148.676 -24.8569 1096.99
58.2316 130.056 1454.78
26.6861 -117.564 1436.38
-186.74 66.8989 1157.53
-194.995 -67.1302 1049.33
58.0105 129.471 1451.95
22.6111 -172.558 1411.97
-17.7314 43.7887 1243.76
-168.296 73.3041 1049.24
46.18 126.704 1475.99
25.5527 -181.496 1396.41
-9.14203 22.6774 1246.45
-196.803 16.32 1087.24
39.6652 116.069 1483.38
27.7145 -185.837 1392.02
3.37415 19.0714 1241.46
-188.975 100.084 1073.09
39.6602 108.397 1486.1
25.0965 -183.44 1394.59
20.0945 39.7676 1247.16
-192.823 7.73016 1102.23
38.2818 106.117 1489.02
24.5805 -183.645 1394.39
29.2687 78.3847 1237.99
-171.574 88.0875 1064.72
35.794 101.012 1494.74
20.9719 -176.516 1412.08
45.8668 84.2736 1238.5
-182.933 -14.5534 1162.17
23.4511 93.797 1515.56
21.3673 -172.855 1417.34
137.942 174.216 1041.16
-206.46 22.4751 1110.92
30.9722 119.762 1516.86
20.6839 -176.999 1413.73
177.872 107.317 1122.44
-200.243 11.5897 1101.81
76.2153 140.122 1504.78
21.2512 -172.761 1416.17
143.711 195.907 1035.78
-168.662 4.82732 1173.45
91.4946 151.336 1499.64
20.1901 -176.46 1415.08
154.082 202.55 1023.16
-180.543 196.211 1069.67
82.0592 132.934 1506.37
20.1089 -174.918 1417.49
138.73 219.157 1029.93
-183.122 212.179 1070.92
90.5867 146.302 1502.92
49.8697 -103.229 1404.75
159.54 273.689 1047.01
-204.18 172.96 1072.42
90.2166 153.64 1505.77
54.4838 -101.668 1428.75
161.917 285.911 1065.56
-214.117 150.659 1084.66
94.0844 163.027 1508.39
56.6319 -98.5663 1491.37
181.506 310.556 1106.68
-240.375 46.0141 1081.78
99.5417 180.993 1517.33
54.7705 -97.3184 1494.01
180.576 323.983 1113.26
-237.5 -34.3257 1061
102.375 183.959 1519.53
76.4067 -66.1311 1449.26
189.806 348.491 1084.51
-231.022 151.581 1100.92
102.156 191.146 1516.84
69.5903 -49.8738 1438.92
192.404 378.437 1100.3
-262.654 -39.9793 1107.72
99.8431 205.875 1505.23
65.5659 -45.8537 1435.97
187.08 389.103 1077.8
-237.52 107.16 1145.31
101.156 209.998 1504.31
62.4666 -40.4686 1435.26
195.358 391.7 1082.58
-236.62 129.585 1146.99
110.141 208.136 1511.53
60.3983 -46.5006 1432.5
183.906 382.888 1127
-234.682 150.063 1114.21
111.764 209.471 1512.09
29.1715 -106.335 1416.82
141.495 314.671 1117.48
-192.334 197.816 1131.16
106.041 206.389 1505.48
17.1546 -178.397 1415.88
134.832 243.082 1104.42
-182.958 259.914 1146.29
127.669 35.4167 1425.81
19.6588 -176.901 1416.69
128.981 221.6 1107.27
-184.48 273.974 1143.75
126.963 35.801 1425.43
32.4439 -178.802 1404.67
120.396 215.131 1109.61
-182.701 274.501 1136.11
111.464 57.336 1421.06
36.8662 -158.219 1405.86
137.121 208.064 1105.83
-181.268 274.685 1134.69
100.842 80.6945 1420.3
37.8869 -149.857 1429.06
134.442 199.857 1081.45
-177.486 266.945 1145.62
92.8707 100.905 1418.69
44.4925 -131.954 1444.62
127.351 205.836 1072.2
-173.859 252.204 1142.42
91.3254 111.877 1417.58
46.6133 -130.892 1445.44
114.483 209.43 1064.75
-164.582 214.93 1130.81
91.3156 122.467 1424.73
43.3936 -130.507 1445.16
117.214 212.349 1054.72
-161.232 201.442 1126.02
126.123 166.762 1470.32
52.7122 -143.188 1447.19
111.913 179.97 1040.69
-160.691 207.6 1122.93
126.18 166.558 1470.78
46.4483 -134.425 1425.56
120.364 150.962 1052.79
-167.331 206.449 1092.62
124.277 167.416 1470.72
43.2533 -132.311 1418.28
120.785 137.111 1039.27
-166.479 205.455 1090.52
117.659 164.739 1469.45
41.2801 -140.238 1420.77
116.588 126.479 1021.57
-161.42 180.887 1097.5
113.185 172.403 1470.66
38.8358 -135.812 1416.8
115.299 117.41 1008.06
-161.516 164.665 1096.73
108.871 180.625 1467.68
47.0051 -71.402 1404.91
109.056 152.341 1014.6
-104.338 27.5004 1154.68
90.5227 187.808 1513.44
48.0446 -74.3147 1406.21
112.489 129.622 1015.73
-117.293 30.6165 1138.7
65.2247 181.209 1508.27
33.8191 -110.609 1404.31
114.717 95.6968 994.597
-130.719 68.0392 1144.12
71.4629 176.655 1504.86
42.7058 -79.5016 1380.12
113.316 117.065 1000.73
83.5643 -71.4151 1153.91
99.5484 184.211 1499.64
41.6293 -75.2771 1375.28
115.019 115.099 995.948
97.4802 -96.1953 1103.98
99.8489 183.961 1498.33
39.7041 -63.0097 1376.31
115.755 110.929 987.695
80.293 -120.832 1171.87
98.8363 184.726 1495.18
42.9949 -65.9091 1377.41
120.524 103.972 983.536
76.7502 -129.593 1164.86
93.3181 182.741 1492.3
42.0793 -67.5264 1378.49
108.565 47.8962 1006.9
81.6084 -92.2078 1135.97
90.4144 181.814 1489.16
40.206 -67.1239 1377.12
102.826 40.0449 1003.19
-160.045 -175.138 1151.8
87.307 180.171 1485.54
37.6392 -44.8343 1372.35
40.7159 18.6262 877.072
-112.567 -170.002 1264.74
72.7672 170.32 1474.64
39.1245 -46.8702 1367.07
86.3251 81.1859 860.634
-145.756 -261.453 1288.94
66.8721 164.474 1470.27
38.8242 -48.1247 1364.06
127.212 89.4493 992.168
-196.701 -285.906 1147.87
71.8821 165.85 1472.48
37.7658 -49.316 1361.8
128.642 83.9782 964.852
-42.8523 -214.572 1125.49
74.2197 165.055 1473.17
28.168 -80.5534 1365.17
116.339 48.8807 945.362
80.3123 -116.523 1078.74
74.2773 155.389 1475.76
25.9491 -83.2608 1368.64
107.425 31.1264 938.211
129.663 -126.99 1013.34
73.4102 150.458 1478.43
28.6132 -84.5776 1363.53
109.904 22.8432 928.25
151.245 -112.026 1073.6
71.8143 144.292 1479.07
22.6399 -83.7877 1356.43
108.454 15.7521 924.231
157.758 -122.122 1076.29
63.9605 107.048 1481.76
17.8414 -93.2223 1355.41
112.16 25.4259 918.655
154.288 -153.681 1079.31
57.1244 83.8496 1521.38
19.4998 -105.389 1357.52
108.844 17.3731 926.159
160.55 -155.51 1061.36
43.2266 71.2646 1558.86
21.0824 -113.431 1356.45
40.2868 -10.7526 942.518
181.797 -226.232 1017.26
47.3396 64.5634 1563.21
24.0338 -122.048 1348.8
-147.358 -56.5176 923.045
157.566 -127.23 968.46
46.8984 60.8741 1565.29
23.1738 -123.849 1341.35
-152.028 -87.7106 924.429
142.382 -91.7152 944.573
47.1228 58.8445 1567.64
22.4903 -121.838 1338.72
-146.614 -102.637 922.228
137.048 -97.426 940.702
46.3874 56.7335 1569.31
21.5205 -120.541 1336.29
-150.826 -133.812 914.734
116.555 -90.3848 944.979
45.4118 55.475 1570.76
19.8263 -118.688 1337.15
-156.66 -150.862 895.164
124.302 -120.644 969.409
43.7266 53.0191 1572.82
20.1086 -120.038 1341.94
-149.308 -151.639 894.36
122.763 -140.692 962.407
43.0928 52.5583 1572.49
31.0491 -138.405 1358.21
-150.937 -165.024 880.279
116.583 -139.91 966.075
42.1975 52.5052 1572.06
35.2239 -152.662 1396.2
-119.387 -150.221 869.268
93.0943 -175.262 968.823
40.8449 51.1438 1572.76
47.7115 -158.718 1407.83
-122.432 -183.954 868.272
96.773 -165.451 967.543
40.23 50.5889 1572.11
45.5206 -159.032 1432.22
-138.023 -173.058 853.392
101.132 -196.694 976.261
38.8143 49.0252 1573.88
47.6034 -143.556 1442
-141.028 -241.189 909.479
105.672 -217.486 970.336
38.5933 48.244 1573.59
47.0203 -130.107 1425.49
-150.271 -188.939 875.452
117.583 -228.303 935.55
37.5465 47.4476 1574.49
43.293 -144.433 1406.6
-149.989 -200.964 880.698
87.2458 -182.532 878.641
36.9603 46.6092 1575.15
34.9556 -146.054 1403.51
-144.083 -200.514 871.901
113.637 -241.879 918.861
36.5113 45.6394 1576.68
29.9091 -147.194 1398
-137.06 -252.782 899.697
77.7199 -186.823 870.844
36.3515 44.5011 1578.55
29.3827 -149.102 1392.92
-136.586 -260.308 892.238
103.817 -264.052 930.99
35.8108 43.9098 1580.65
25.554 -148.855 1387.3
-120.938 -272.643 878.785
-151.091 -306.262 956.326
36.1666 43.565 1582.72
24.9347 -148.858 1387.06
99.4649 -256.004 892.111
-147.683 -297.189 906.175
36.3965 44.6732 1584.38
18.8556 -170.039 1416.14
94.4058 -298.046 919.523
-67.5349 -352.088 1039.94
36.4821 45.667 1585.04
16.4752 -176.224 1423.26
94.5671 -245.767 820.255
-83.6493 -375.677 1061.24
36.0613 46.4873 1586.46
13.6274 -179.465 1428.44
103.934 -262.225 861.168
-127.31 -387.544 1048.07
36.0641 47.2265 1587.47
13.8264 -177.818 1429.49
108.122 -273.99 856.623
-147.005 -320.188 919.929
36.333 48.1343 1588.56
14.7517 -176.76 1431.04
102.002 -281.409 857.718
-125.94 -414.097 1057.65
36.5204 48.8483 1589.43
15.5467 -174.605 1432.27
116.617 -280.931 882.995
-134.805 -424.299 1041.42
36.5106 48.7134 1590.03
15.2478 -173.024 1431.88
122.826 -270.923 887.379
-154.932 -387.587 951.321
36.4366 48.7264 1590.55
15.5503 -171.85 1431.5
121.082 -266.212 881.043
-158.228 -431.38 884.031
36.7834 48.2772 1591.51
16.6809 -170.505 1434.18
122.304 -274.226 888.149
-153.677 -395.142 955.835
37.4216 48.6199 1592.33
17.7991 -166.239 1431.41
140.377 -271.44 914.046
-154.025 -399.503 948.982
38.0814 48.0248 1593.28
18.8869 -165.314 1429.1
146.504 -272.604 935.125
-161.655 -382.287 954.171
38.9483 47.716 1594.63
19.3457 -166.011 1432.27
136.331 -282.575 921.018
-157.313 -381.811 938.529
39.8865 46.8871 1597.45
19.2461 -165.918 1431.71
139.018 -285.815 920.132
-154.008 -370.428 937.205
40.6263 46.5639 1598.89
18.9508 -165.971 1431.21
136.947 -279.537 941.169
-159.883 -356.324 922.298
40.4054 45.5134 1599.75
18.7464 -164.65 1428.45
134.683 -263.661 924.5
-154.543 -359.893 932.967
39.8259 44.3512 1600.58
18.4951 -161.674 1426.91
133.998 -245.35 914.887
-159.505 -343.623 948.902
39.1537 42.6418 1602.68
16.7336 -155.538 1421.89
131.857 -234.222 907.106
-160.95 -327.572 958.493
38.345 41.8734 1603.51
17.5234 -157.311 1422.82
126.418 -222.607 908.012
-162.148 -301.337 966.256
37.9947 41.1088 1603.79
22.5654 -169.382 1416.89
122.84 -228.526 895.26
-156.527 -262.147 979.916
38.1233 40.4436 1604.15
21.1523 -166.272 1420.55
118.887 -210.462 897.293
-155.626 -242.3 980.839
38.3513 39.943 1604.09
21.1065 -165.617 1423.23
112.798 -190.239 887.078
-153.244 -230.129 991.094
38.4067 39.193 1604.09
24.4256 -168.43 1422.59
105.376 -166.665 875.832
-147.231 -206.861 1011.89
38.6671 38.1965 1603.62
28.3235 -169.766 1421.39
100.683 -146.081 869.817
-145.527 -184.926 1025.2
38.9608 37.1792 1603.45
29.2013 -98.0188 1352.77
97.7165 -199.224 910.29
36.6893 -111.597 975.228
39.1351 36.5498 1603.31
74.4106 -76.3678 1346.21
-144.836 -158.243 909.041
110.654 -107.713 982.434
39.7212 36.1856 1603.44
73.8492 -78.1923 1348.19
-138.391 -126.427 936.691
103.076 -95.2511 966.96
39.6746 36.3573 1603.43
69.2917 -77.205 1348.59
-132.247 -107.171 932.909
103.315 -74.0526 987.107
38.5213 37.124 1604.16
65.0423 -76.7726 1348.62
71.0298 -79.2739 902.589
109.813 -54.5722 996.702
25.535 47.8792 1612.86
9.40949 -107.481 1369.27
75.1886 -49.8625 928.111
128.689 -31.1551 999.707
22.0098 57.5159 1614.8
11.3427 -108.152 1375.32
78.2875 -34.0095 941.65
113.542 -16.7996 964.605
66.2658 134.007 1522.75
15.0494 -124.794 1393.34
79.1845 -37.0532 946.771
111.477 29.2759 987.446
55.149 161.041 1497.99
17.2514 -123.487 1400.01
81.8499 -23.9557 947.078
110.543 51.7012 1011.28
53.4011 162.31 1495.4
14.4158 -135.992 1393.3
98.1925 -42.7127 1042.72
70.6068 51.6629 932.857
52.0655 163.218 1493.88
21.2364 -148.52 1402.13
85.4063 -13.1791 969.148
78.313 83.3233 954.812
50.6283 164.066 1492.03
23.6984 -147.969 1406.11
88.4688 -3.59256 974.495
71.4676 101.783 952.784
49.5135 165.544 1490.83
26.1948 -151.836 1402.47
88.1453 23.6285 961.551
35.2838 -31.3071 1054.96
48.9368 167.101 1489.77
35.2003 -160.577 1409.21
82.7616 47.2542 969.32
-171.418 78.4218 1083.3
44.4947 147.577 1447.36
30.8749 -153.196 1409.53
87.7882 50.4668 982.095
-125.637 50.6359 1215.9
20.5714 16.6224 1147.32
31.787 -159.402 1409.17
146.222 6.63147 1136.25
-125.219 53.2954 1204
20.1519 16.8555 1146.49
27.5771 -181.041 1411.86
143.25 48.8201 1145.67
-121.371 27.4419 1212.95
17.7407 19.8746 1148.05
28.4351 -189.825 1417.76
141.357 81.1063 1152.05
-122.84 20.5426 1218.7
12.4937 24.5714 1150.02
25.9226 -191.344 1425.53
141.512 98.0135 1158.02
-126.551 51.6996 1208.47
3.06012 31.5456 1155.11
23.0013 -186.681 1434.46
136.614 119.32 1147.38
-123.532 90.9837 1182.4
-6.10175 38.4556 1158.65
21.0937 -183.723 1439.28
129.063 143.146 1120.79
-127.905 115.902 1164.94
-13.8185 44.4006 1163.55
20.1616 -180.928 1455.16
65.1523 106.47 1186.36
-136.929 188.949 1103.33
-19.2329 49.8899 1170.87
22.3468 -180.947 1451.14
87.4323 177.807 1051.43
-138.816 199.098 1106.59
-19.2811 58.7964 1176.39
19.6608 -162.131 1465.24
28.3336 193.975 1093.34
-137.043 186.37 1096.74
38.8338 99.652 1486.65
19.0351 -166.648 1465.82
98.3369 202.258 1093.33
-142.851 200.764 1106.98
64.1944 70.2291 1483.67
22.3554 -166.653 1462.27
91.8724 212.258 1111.13
-140.768 212.496 1108.78
60.0936 64.5532 1495.36
25.2694 -171.006 1446.91
96.5968 214.114 1120.71
-143.911 217.214 1119.02
58.1621 59.8677 1506.51
24.67 -167.923 1452.53
94.7389 222.018 1124.41
-141.27 229.018 1126.07
63.844 70.5964 1480.44
23.8701 -167.263 1455.32
93.7634 228.911 1137.88
-137.285 228.239 1140.45
65.3363 65.4439 1485.81
23.6809 -169.903 1456.38
84.9848 248.291 1125.77
-145.37 230.827 1151.53
64.5324 63.6035 1485.89
22.0168 -169.401 1457.18
82.3164 261.602 1130.63
-146.005 243.107 1147.27
62.5231 66.517 1484.64
17.2724 -190.032 1453.54
77.7937 255.554 1128.04
-148.657 263.815 1170.27
62.3125 73.3005 1476.19
28.8581 -162.957 1456.34
103.746 234.635 1145.72
-159.127 273.782 1180.49
61.4929 80.8521 1477.28
25.1539 -159.861 1476.14
97.3677 242.941 1149.93
-165.449 292.734 1188.05
59.1157 86.9574 1477.18
22.0232 -163.331 1475.15
93.3295 255.488 1149.16
-167.811 298.69 1200.72
57.1122 90.7145 1475.9
32.5565 -140.849 1465.33
90.4501 276.87 1154.54
-190.702 56.9164 1173.29
56.1397 94.333 1475.14
36.9806 -155.601 1439.37
91.5233 294.259 1168.09
-179.269 234.901 1198.36
58.8804 95.3701 1470.59
36.0928 -160.051 1436.77
86.8293 291.065 1170.21
-181.94 256.939 1198.65
57.5451 92.1684 1466.96
38.8726 -161.542 1425.85
89.2619 282.293 1182.27
-186.447 258.223 1187.35
63.0047 82.2841 1464.99
37.4596 -167.182 1427.34
89.4934 272.613 1177.43
-187.289 255.721 1184.43
66.2383 69.3164 1471.22
34.6825 -169.232 1433.34
84.7991 264.679 1169.66
-184.097 252.094 1186.88
70.655 77.2006 1462.54
31.0951 -169.611 1444.94
80.9796 259.357 1162.48
-179.629 244.623 1184.56
69.172 89.5045 1463.35
35.5246 -152.388 1466.04
90.9661 221.696 1127.52
-182.264 263.388 1194.99
61.3797 96.0259 1459.99
33.8142 -146.597 1473.96
88.5469 208.041 1102.79
-177.749 210.071 1195.17
58.9917 101.779 1456.81
35.8101 -131.168 1465.44
89.838 189.935 1097.36
-179.729 243.026 1182.77
57.6621 107.839 1455.67
34.372 -132.172 1465.34
87.1965 174.108 1084.98
-179.285 238.875 1172.1
60.1306 110.747 1458.39
29.802 -136.972 1460.3
87.5638 149.919 1058.08
-178.016 230.751 1172.11
59.4161 114.807 1457.92
33.1082 -134.534 1461.15
80.5489 142.509 1047.03
-176.31 219.372 1162.51
59.4113 118.54 1456.42
35.1958 -131.837 1460.77
79.522 128.453 1035.56
-177.181 214.628 1153.27
61.4582 131.939 1463.75
28.2861 -17.8839 1441.4
94.1377 204.03 1051.13
-182.449 116.659 1114.85
64.064 141.611 1470.08
30.1569 -18.5429 1439.05
93.0247 219.592 1074.76
-179.402 96.9973 1072.87
66.3405 145.162 1471.81
31.8986 -19.7827 1436.61
93.398 207.205 1054.02
-177.205 90.4864 1072.84
73.6926 145.853 1470.3
30.3757 -18.4036 1429.87
95.0641 185.003 1032.4
-182.872 70.995 1074.85
76.6357 149.483 1472.78
30.0338 -19.6452 1425.57
97.8127 180.727 1018.8
-176.42 63.0136 1070.22
77.983 153.985 1475.89
28.9883 -19.296 1420.68
95.3368 174.466 1009.02
-180.372 53.6274 1067.07
58.6408 150.421 1426.14
26.3154 -18.2955 1409.77
87.9727 173.08 1006
-177.959 91.9684 1060.42
104.267 108.229 977.74
23.389 -18.4731 1399.68
102.526 111.703 924.535
-173.339 81.5882 1052.41
103.492 105.172 971.101
23.7545 -21.5607 1392.54
96.7025 111.724 910.457
-178.799 79.2393 1044.84
104.347 103.102 967.458
24.6136 -26.9014 1379.86
91.6461 93.0263 901.343
-173.55 77.2432 1043.67
97.8145 65.4988 946.816
32.7489 -70.9518 1343.56
106.041 102.185 904.355
-178.527 39.3209 1028.76
91.0975 52.8238 940.685
30.4011 -71.312 1340.89
104.995 91.307 917.267
-162.648 30.8342 1012.69
91.099 44.3493 937.223
29.5953 -74.0394 1336.25
98.4744 73.7447 916.121
-177.735 -266.893 1175.68
92.5925 36.701 936.714
27.7541 -79.184 1333
94.7611 67.1859 897.701
-162.172 -265.589 1184.15
88.8813 20.5513 934.25
27.0938 -83.0667 1331.64
93.5376 64.3368 897.527
-172.488 -262.663 1172.65
88.3089 16.8338 929.161
23.5972 -96.3875 1320.45
84.1517 42.3869 877.019
-175.347 -234.95 1144.9
82.2639 10.7301 920.142
24.5806 -106.685 1300.6
76.4056 26.1735 874.404
-167.831 -231.828 1144.42
79.6944 3.2159 916.63
14.6589 -118.611 1291.64
68.9723 22.858 868.047
-167.996 -249.8 1149.36
79.7933 -2.64645 913.927
17.1251 -125.302 1291.88
56.8459 9.98354 861.109
-157.694 -251.495 1143.31
81.6715 -16.267 909.456
18.9176 -157.085 1272.97
41.401 -26.2742 852.861
63.9702 -122.119 933.633
79.4578 -24.5024 908.535
18.7605 -153.96 1270.88
37.8418 -16.2775 854.859
57.5277 -131.396 927.919
77.0144 -42.8087 908.659
17.2829 -152.585 1267.58
26.5281 -20.736 854.707
58.6927 -124.947 926.867
78.3605 -60.2696 901.283
16.4406 -151.924 1264.2
12.8999 -29.9227 846.467
65.3176 -115.016 915.232
82.0892 -70.201 901.003
14.9655 -162.16 1273.84
11.2949 -48.1859 856.718
77.4629 -107.493 899.2
83.3409 -78.5096 900.81
10.7823 -178.641 1262.01
4.94869 -65.4904 864.881
76.4749 -98.1725 889.534
83.567 -85.0052 895.64
10.6023 -191.616 1272.04
-7.2981 -85.2973 877.597
76.2144 -96.123 875.789
83.9707 -94.227 888.036
9.39622 -191.55 1266.39
-16.612 -99.5536 861.33
87.0206 -108.875 871.246
84.7138 -103.336 885.323
8.46207 -189.002 1260.68
-26.629 -112.58 867.34
97.4957 -128.3 865.263
87.067 -117.277 881.21
6.65725 -174.477 1244.02
-158.446 -182.284 917.657
60.6278 -154.267 735.584
85.0099 -149.888 881.498
5.63995 -172.435 1236.55
-152.631 -185.231 909.81
52.4478 -160.867 730.974
83.2733 -168.215 876.483
2.43408 -178.159 1174.89
-133.308 -170.15 916.903
39.1443 -163.19 693.58
81.8254 -178.432 871.767
4.28296 -174.617 1185.31
-155.291 -191.4 915.351
-117.876 -231.532 871.811
79.684 -186.522 862.48
11.6017 -174.333 1185.15
-137.688 -178.363 918.286
-128.519 -245.419 853.794
80.0925 -193.798 859.752
19.4571 -176.159 1186.77
-127.023 -182.359 928.307
-161.032 -244.378 834.93
22.9738 136.211 1077.03
20.0147 -163.23 1204.62
-16.2533 -181.876 894.496
-159.835 -257.512 864.115
33.4588 20.394 1697.57
19.734 -162.206 1209.22
68.3101 -212.828 877.799
-160.084 -285.866 894.622
32.3361 19.1528 1698.69
19.647 -164.909 1249.7
59.3948 -234.98 869.299
-156.854 -281.172 894.795
30.8942 18.3686 1696.88
24.7685 -181.627 1274.31
-125.268 -240.127 874.597
116.246 -270.385 877.166
29.2466 51.6184 1599.38
21.8438 -178.338 1324.12
165.703 -339.046 1004.18
63.7146 -287.114 897.739
30.5022 52.9029 1592.68
22.2532 -174.141 1350.25
112.327 -271.35 919.045
34.5314 -322.729 915.534
31.5086 51.4562 1590.98
23.8512 -168.886 1384.48
68.4265 -268.837 902.044
-106.734 -424.247 1033.26
31.0226 50.2887 1591.26
23.9252 -167.017 1402.98
109.862 -301.438 955.151
-173.679 -377.769 943.85
30.8327 50.1312 1592.45
20.3453 -163.241 1414.6
90.7301 -258.119 906.674
-165.545 -361.081 887.82
31.1488 49.535 1593.13
19.9135 -162.873 1417.36
94.9826 -269.247 906.83
-143.252 -442.681 1002.83
30.5231 48.5651 1594.62
20.0502 -161.647 1420.46
110.366 -287.225 909.553
-167.156 -462.208 1004.25
30.214 47.2746 1596.33
20.8402 -161.347 1420.29
113.273 -305.527 895.784
-170.54 -368.422 915.69
29.8384 46.3239 1597.44
21.0723 -160.128 1422.06
112.148 -299.3 889.453
-175.531 -373.204 945.974
29.8062 45.5991 1598.05
20.137 -159.443 1422.39
126.388 -293.589 894.663
-174.458 -370.669 967.436
29.9364 44.7813 1598.35
17.5855 -156.838 1422.54
134.374 -288.988 906.576
-167.018 -384.578 943.744
29.9168 44.1418 1598.67
16.7211 -157.041 1422.83
136.119 -285.53 919.652
-164.781 -383.116 945.077
29.7687 43.0561 1599.56
16.5208 -157.911 1421.89
138.453 -293.135 927.494
-170.857 -371.544 954.822
29.2867 41.7964 1600.52
16.1828 -158.156 1421.35
139.975 -289.151 929.865
-169.097 -377.817 947.369
29.3235 41.3297 1601.29
15.5943 -156.893 1421.28
143.706 -284.531 940.82
-176.541 -355.179 965.403
29.7325 41.2798 1602.09
14.4749 -154.885 1421.31
141.142 -274.989 942.991
-169.234 -359.437 948.259
30.3433 41.3897 1602.97
14.6425 -153.52 1420.51
147.326 -255.869 956.647
-166.94 -349.051 945.973
30.6019 40.8419 1603.49
14.6279 -152.865 1419.74
144.05 -239.963 940.012
-167.517 -328.503 967.627
31.1113 39.9191 1603.67
14.8077 -152.389 1419.14
144.854 -215.691 936.31
-165.778 -317.668 973.055
31.6494 39.3032 1604.67
14.2374 -150.038 1418.47
141.154 -190.596 942.455
-165.698 -304.562 973.069
31.9162 38.6667 1605.43
13.7187 -151.962 1418.21
138.498 -179.885 945.173
-165.168 -281.182 964.108
32.4027 37.5356 1606.32
16.5567 -152.129 1419.77
135.544 -167.244 944.684
-163.791 -250.96 967.484
33.3564 36.9388 1607.44
20.2814 -161.175 1424.94
117.801 -169.403 928.992
-158.514 -219.864 963.026
33.8865 36.579 1608.35
15.5745 -142.784 1421.18
115.012 -145.384 935.628
-155.595 -194.234 966.813
34.9089 36.3038 1609.1
22.3038 -133.101 1415.8
110.907 -127.65 932.932
-154.081 -172.75 973.561
35.7885 36.7149 1609.09
27.6901 -128.174 1413.88
104.603 -119.807 915.156
-152.179 -148.342 984.083
36.1447 36.7296 1609.55
27.6558 -129.31 1412.77
114.843 -144.189 923.102
104.619 -116.12 941.977
36.589 37.01 1609.96
23.7432 -121.15 1399.31
86.1199 -99.2313 895.672
110.468 -85.1532 961.623
36.884 37.3951 1610.3
27.7929 -118.614 1398.9
85.0769 -80.0331 891.957
103.511 -73.5233 961.272
37.0298 39.0447 1609.89
28.3953 -117.17 1400.72
84.3736 -61.8261 898.878
99.1866 -48.26 967.893
36.9722 40.5241 1608.81
27.7112 -126.938 1413.63
82.2017 -49.6993 928.533
109.919 -12.9648 970.868
49.6233 74.567 1592.3
29.786 -129.483 1419.68
88.4193 -25.8641 945.663
75.0975 -83.0828 973.896
55.5486 87.3015 1580.59
29.9439 -124.481 1422.65
86.4054 -12.7373 949.096
71.6401 -80.6767 978.57
69.6928 116.137 1457.85
29.7634 -117.934 1418.58
59.5161 -29.0469 973.831
68.5617 -91.3752 993.369
68.2359 115.584 1457.48
23.2502 -130.37 1406.2
67.9357 -42.9712 990.141
-134.072 26.9119 991.607
66.3443 116.023 1457.74
21.6836 -126.459 1403.89
83.7477 -37.9074 1029.22
-69.5547 -23.3669 1055.67
63.5843 123.908 1459.38
26.6906 -135.754 1403.58
87.6564 15.7999 965.643
-97.9778 -5.97198 1092.05
64.4718 125.326 1455.15
34.0591 -158.765 1405.24
80.7315 35.9443 961.911
-110.3 10.1928 1125.31
64.2078 126.533 1454.47
31.5353 -165.192 1406.3
95.5431 44.5907 994.794
-115.293 9.69296 1138.49
64.1591 127.229 1453.38
29.5268 -169.168 1413.5
78.7721 67.4428 964.559
-129.062 43.5045 1163.07
62.4348 121.812 1445.92
16.9527 -155.096 1406.4
95.6945 95.4366 1023.9
-156.068 58.3051 1031.67
56.6819 114.9 1439.04
19.6982 -162.663 1410.63
84.1629 109.509 980.887
-154.183 -29.2455 1223.83
56.1362 111.976 1438.82
21.4044 -167.637 1413.13
84.4393 121.017 985.17
-188.225 -108.745 1306.5
54.4761 108.508 1439.1
24.7767 -174.319 1422.6
91.7749 127.607 1201.64
-187.388 -138.676 1345.47
53.1295 104.825 1436.54
23.2983 -175.491 1431.46
89.2251 130.24 1215.65
-202.53 -65.351 1248.74
53.5508 96.0057 1428.35
22.1822 -175.891 1428.24
84.973 123.261 1063.37
-170.985 -0.33024 1220.98
52.5772 92.5677 1425.51
20.5172 -171.843 1445.73
85.2026 126.013 1057.2
-201.312 20.1627 1143.21
51.6557 90.1267 1424.26
22.4978 -173.485 1444.24
101.838 91.6566 1236.44
-171.912 129.013 1083.98
52.778 96.2402 1428.16
23.6009 -164.648 1467.59
101.264 136.95 1081.89
-169.031 142.063 1068.61
52.3846 101.26 1432.72
23.4111 -163.637 1462.33
107.259 136.908 1083.53
-162.637 161.185 1068.5
51.8549 117.661 1462.93
24.4673 -172.909 1460.6
106.281 142.184 1086.67
-166.073 162.551 1082.6
68.0385 98.1635 1476.31
24.3763 -171.036 1458.94
103.913 147.257 1087.3
-174.871 168.592 1102.35
69.6201 90.9395 1482.94
24.2049 -168.956 1458.5
130.092 87.9728 1175.2
-178.401 171.82 1127.26
68.1035 86.1716 1482.65
22.6826 -167.981 1458.42
90.6304 187.148 1050.65
-178.342 186.759 1113.95
66.5204 93.6348 1488.56
21.2376 -167.721 1457.26
142.645 98.1759 1166.04
-177.277 191.374 1129.62
66.6497 102.421 1493.73
19.7536 -168.431 1458.41
96.6447 206.354 1060.48
-182.913 196.585 1117.28
89.17 148.625 1476.23
23.1784 -160.89 1449.3
129.251 158.215 1140.72
-183.335 203.283 1122.32
84.5799 115.789 1409.7
22.3677 -165.429 1451.43
93.0103 227.051 1078.91
-185.348 214.416 1123.51
85.1999 115.196 1411.05
20.7963 -167.364 1454.95
96.685 232.108 1088.02
-192.654 227.485 1126.26
83.5601 122.441 1415.24
20.4778 -167.73 1454.95
95.2105 243.107 1096.1
-186.11 239.521 1130.37
82.1438 127.823 1417.79
20.2502 -166.76 1457.34
91.9182 253.801 1101.52
-190.84 246.104 1139.26
80.967 140.752 1423.49
22.3428 -166.108 1462.7
93.8408 264.387 1116.5
-197.078 258.931 1135.43
75.841 153.583 1428.74
23.4469 -110.123 1450.71
104.843 307.905 1133.33
-208.179 215.506 1141.31
73.9876 164.017 1433.85
18.1987 -145.527 1456.66
97.029 283.223 1141.37
-206.914 249.631 1148.5
50.1611 110.334 1422.04
21.8193 -154.562 1448.6
96.9743 287.384 1156.01
-197.808 245.241 1155.17
50.7627 114.739 1417.14
22.1341 -157.262 1453.47
95.2055 290.595 1159.32
-192.546 247.685 1165.98
52.7769 117.799 1411.7
24.2636 -166.661 1455.09
92.5813 272.697 1155.92
-191.486 243.175 1175.59
53.8956 120.247 1407.62
28.1473 -170.98 1451.53
94.5612 260.438 1151.38
-189.742 244.336 1178.35
53.7036 120.74 1405.98
29.4424 -175.374 1445.06
89.1876 249.113 1147.01
-182.798 236.656 1176.03
54.0651 121.46 1403.43
30.0083 -178.368 1441.28
85.7441 248.764 1143.34
-182.95 236.813 1175.41
54.4611 121.496 1400.16
29.7206 -181.949 1430.98
93.1247 254.01 1141.42
-185.671 225.761 1165.43
54.354 120.044 1398.12
31.8224 -182.826 1422.83
86.9573 241.14 1133.67
-183.008 228.434 1158.15
54.1194 118.296 1396.69
33.7456 -182.15 1420.5
77.9044 225.78 1125.31
-183.274 225.498 1150.74
56.1716 122.28 1385.76
39.7094 -176.936 1418.77
90.9957 207.264 1110.29
-178.538 214.903 1138.16
58.3429 124.716 1374.97
39.9364 -177.384 1414.12
83.6964 201.298 1107.8
-176.156 209.022 1127.42
60.6021 126.636 1362.41
37.6233 -175.253 1417.27
78.1123 190.872 1097.74
-181.468 183.957 1114.42
62.9865 126.893 1373.44
36.4752 -169.826 1422.03
80.462 177.09 1084.87
-179.753 186.838 1111.3
60.8319 131.039 1378.08
25.608 -153.578 1425.38
82.0459 146.825 1066.68
-174.737 196.743 1112.53
61.9248 133.326 1385.39
31.2306 -146.4 1436.95
87.201 129.15 1045.93
-184.262 195.549 1115.29
62.3465 134.749 1391.9
32.9585 -141.412 1437.13
87.0007 111.452 1033.09
-183.432 196.397 1109.65
60.3351 133.848 1398.51
33.1606 -140.763 1437.96
83.1328 93.4052 1026.8
-176.779 187.987 1100.31
67.2627 126.567 1445.84
31.021 -141.764 1436.13
82.6775 74.9955 1007.64
-175.593 187.694 1105.79
64.1639 134.211 1448.79
31.3087 -143.499 1432.34
84.6889 69.1211 999.979
-180.901 190.833 1101.54
67.3196 146.221 1477.91
29.6732 -138.414 1415.06
78.5036 71.9911 1000.36
-188.333 183.212 1088.6
56.9561 162.335 1449.51
29.0742 -133.438 1408.35
76.1311 57.2944 993.355
-174.714 177.957 1084.51
55.219 162.717 1446.96
28.47 -132.146 1405.1
78.9454 43.4916 987.411
-172.708 164.435 1075.72
49.2699 159.935 1441.67
26.0512 -133.966 1400.72
76.3753 37.4573 990.257
-175.765 156.598 1061.06
49.2211 156.706 1436.64
23.5808 -135.399 1398.97
75.6553 34.6018 983.793
-176.421 137.134 1056.22
49.4177 152.107 1431.5
25.5322 -142.667 1401.7
70.2094 27.2082 964.83
-167.874 117.921 1065.68
48.8418 150.968 1429.34
27.095 -148.767 1400.72
69.3028 22.7976 968.897
-176.31 -20.4244 1091.32
47.3243 149.713 1427.81
40.9328 -147.042 1410.1
68.9451 26.7736 976.32
-178.778 -112.675 1039.52
46.5074 147.461 1426.34
42.3764 -151.298 1405.92
72.5408 21.064 969.952
-170.846 82.1778 1030.66
45.3679 145.912 1424.86
37.4847 -135.042 1402.6
78.3905 44.3573 986.797
-154.043 89.9943 997.49
44.3486 142.626 1424.27
39.9729 -102.147 1344.82
76.7261 80.9023 962.327
59.8244 -133.598 1089.5
35.3117 123.362 1440.33
32.4764 -111.015 1323.85
74.1084 85.0479 963.71
-31.0409 -124.459 1078.93
28.7515 122.893 1458.1
34.3891 -120.268 1298.85
72.4841 86.6477 958.571
-47.2985 -128.557 1066.97
6.87492 121.522 1489.55
33.9503 -123.631 1290.26
82.7506 86.1887 957.244
-46.1346 -117.397 1036.87
-4.03829 127.62 1474.85
30.1787 -121.859 1272.36
84.6696 79.4001 964.929
-58.362 -112.883 1010.43];