-42.5676 -133.319 1223.4
107.058 -255.202 1135.18
-209.392 -263.866 1235.73
-14.7024 351.137 1472.6
-33.9681 -7.10358 1261.34
196.257 -209.019 681.38
-381.625 -237.198 924.228
-43.1406 -131.943 1225.34
107.85 -252.719 1133.88
-210.518 -264.51 1237.99
-14.6311 351.23 1472.47
-34.947 -5.27153 1264.74
196.092 -209.044 683.869
-378.268 -238.25 921.867
-45.2737 -137.189 1229.18
112.463 -265.977 1131.46
-224.472 -272.829 1251.67
-14.601 351.423 1472.58
-34.5427 -4.97403 1266.79
189.392 -206.624 660.814
-379.324 -236.003 927.556
-45.3737 -135.808 1229.54
111.951 -262.444 1131.2
-225.1 -268.863 1250.87
-14.7033 351.512 1472.71
-34.173 -5.96172 1268.06
190.951 -207.754 668.913
-373.413 -268.112 928.348
-44.5201 -133.707 1222.68
107.769 -259.276 1127.65
-217.262 -268.368 1226.69
-14.7526 351.545 1472.88
-34.2934 -3.5915 1268.19
194.79 -209.158 677.565
-377.039 -231.134 924.481
-44.3769 -133.484 1215.83
105.165 -259.65 1121.69
-215.957 -266.43 1210.56
-14.8516 351.557 1473.08
-33.3579 -3.92727 1265.53
197.052 -212.504 681.017
-385.115 -234.811 919.052
-50.5681 -133.22 1205.41
106.543 -255.554 1133.73
-216.197 -264.462 1194
-14.979 351.53 1473.28
-46.3088 -6.43265 1246.95
202.252 -222.73 674.893
-391.424 -224.082 926.99
-49.7505 -137.42 1210.35
107.467 -245.244 1142.17
-211.148 -259.652 1208.78
-15.1362 351.414 1473.51
-47.6606 -22.3921 1245.22
204.924 -238.849 666.746
-397.144 -209.361 935.246
-53.7963 -145.276 1213.68
105.359 -236.802 1136.42
-208.571 -270.411 1205.79
-15.233 351.271 1473.45
-55.9865 -36.9451 1256.26
206.419 -241.769 668.77
-400.215 -209.713 931.754
-60.4212 -151.543 1231.82
105.576 -227.097 1142.07
-210.564 -286.252 1206.75
-15.4095 351.067 1473.25
-68.3484 -46.411 1289.23
207.938 -236.592 660.936
-390.718 -208.038 939.255
-56.6474 -139.291 1232.81
103.868 -227.995 1139.81
-208.758 -275.957 1211.2
-15.5012 350.947 1473.09
-60.8498 -26.605 1290.12
202.226 -230.081 667.839
-388.435 -214.58 930.147
-57.6875 -129.548 1225.8
108.846 -218.73 1133.09
-215.732 -266.257 1200.99
-16.0257 351.309 1471.62
-61.9322 -16.6036 1284.57
201.834 -223.797 650.852
-383.412 -220.428 946.021
-53.4221 -126.871 1227.21
108.942 -230.354 1137.13
-215.679 -262.457 1205.43
-16.7464 351.769 1470.67
-53.4759 -7.33571 1283.14
200.034 -219.032 655.329
-390.563 -231.016 939.01
-54.3726 -132.88 1234.86
115.927 -242.782 1141.86
-229.116 -271.418 1233.35
-16.8786 351.887 1470.68
-52.1506 -8.66107 1282.12
197.038 -219.257 646.309
-387.382 -221.758 945.322
-50.3608 -139.033 1227.14
118.127 -255.504 1138.22
-228.746 -272.084 1245.48
-17.1672 351.99 1470.49
-45.4118 -14.2713 1262.43
174.323 -221.909 620.297
-379.327 -222.737 941.323
-47.759 -140.892 1221.52
123.221 -253.925 1130.97
-230.267 -268.604 1245.85
-17.3843 352.164 1470.35
-41.9952 -20.5184 1254.64
175.293 -207.344 627.277
-381.078 -230.075 938.722
-47.2918 -144.278 1214.98
120.528 -259.047 1131.68
-227.321 -265.36 1249.66
-17.6698 352.254 1470.08
-41.1871 -26.3517 1239.29
177.812 -200.779 647.014
-380.07 -231.488 929.312
-49.3771 -165.976 1196.88
121.251 -258.14 1139.45
-225.887 -262.252 1218.83
-18.0792 352.14 1469.65
-46.436 -71.757 1214.62
190.805 -232.673 638.526
-393.97 -195.582 937.713
-40.6363 -143.849 1204.04
111.761 -258.445 1118.42
-221.064 -246.905 1226.69
-18.5314 351.841 1469.09
-26.6209 -35.0221 1235.53
187.266 -196.413 654.468
-384.713 -208.579 936.022
-35.0919 -148.696 1211.57
103.754 -287.868 1129.56
-213.228 -263.295 1234.11
-18.8534 351.726 1468.61
-15.4464 -21.8098 1241.31
188.48 -174.776 662.63
-383.967 -220.417 923.481
-39.348 -153.238 1214.49
101.411 -293.799 1146.06
-211.857 -271.431 1237.38
-19.2491 351.746 1468.41
-23.4725 -23.862 1237.26
191.965 -170.382 667.608
-385.567 -216.002 918.031
-45.7374 -146.941 1226.22
93.8825 -291.067 1166.31
-211.007 -274.513 1242.52
-19.6654 351.884 1468.17
-32.9124 -11.0923 1248.01
200.148 -106.48 730.852
-384.249 -206 916.708
-69.771 -155.623 1247.88
-14.817 -317.874 1250.62
-198.806 -267.825 1258.53
-20.1228 352.074 1468.09
-32.7304 -18.3962 1241.18
175.043 -106.646 798.501
-374.054 -164.86 877.679
-72.9823 -162.616 1243.96
-14.2831 -315.018 1262.09
-199.536 -266.893 1254.51
-21.4358 352.049 1467.23
-39.0548 -34.277 1229.61
195.305 -97.7461 825.052
-375.002 -153.119 874.082
-75.5685 -164.913 1237.04
-14.7653 -315.746 1263.74
-200.665 -270.172 1257.83
-21.762 351.556 1466.21
-43.422 -36.8679 1213.3
182.943 -62.9846 874.275
-376.913 -157.72 863.089
-77.0605 -168.726 1238.39
-15.0249 -321.177 1267.07
-203.622 -276.552 1254.76
-22.2899 351.654 1466
-44.7976 -38.5863 1215.86
201.562 -37.535 875.538
-375.42 -151.292 863.556
-76.7821 -172.662 1230.3
-12.6062 -328.76 1244.3
-204.301 -283.412 1242.74
-22.9724 351.605 1466.78
-45.1105 -39.2374 1217.08
205.307 -5.35858 858.756
-377.55 -149.159 879.323
-74.2139 -171.171 1224.08
-2.20093 -330.22 1221.07
-208.965 -281.377 1237.8
-23.1539 351.71 1467.08
-42.8451 -36.5435 1218.73
204.858 26.4489 845.14
-381.363 -141.588 899.05
-46.5511 -169.9 1230.88
105.226 -309.226 1237.18
-203.925 -302.672 1240.52
-23.8111 351.873 1468.33
-43.7527 -33.8508 1222.91
207.006 95.6425 869.624
-384.25 -179.867 884.749
-34.7364 -164.198 1244.74
119.286 -318.996 1258.73
-194.602 -313.436 1251.97
-24.4269 352.011 1469.57
-31.8149 -12.1798 1234.13
210.65 144.741 901.998
-372.859 -201.494 870.345
-30.1074 -159.838 1247.88
115.534 -307.119 1264.25
-171.891 -311.501 1256.06
-25.0857 352.22 1470.82
-32.036 -10.3654 1235.61
214.688 176.451 919.501
-381.616 -207.541 874.077
-27.3383 -158.393 1256.8
109.533 -296.882 1275.96
-152.76 -308.529 1259.73
-25.7979 352.387 1472.06
-33.0631 -14.0811 1245.76
211.317 219.31 905.23
-386.091 -201.575 881.49
-26.3335 -157.161 1259.44
98.7506 -289.557 1283.54
-135.5 -304.871 1263.86
-26.2567 352.401 1472.78
-34.2921 -17.1078 1245.18
207.412 244.558 928.941
-388.56 -199.719 878.232
-24.9583 -155.38 1261.48
89.5127 -286.248 1285.68
-119.14 -303.457 1265.8
-26.6402 352.489 1473.97
-35.1033 -15.9077 1247.22
201.959 273.414 936.893
-392.274 -202.908 875.059
-23.6617 -150.773 1265.28
80.143 -277.852 1289.33
-100.961 -297.38 1271.13
-27.1286 352.599 1475.13
-36.9145 -13.9295 1250.33
206.183 301.406 944.316
-390.082 -200.246 882.392
-18.4354 -143.199 1259.76
74.1771 -273.937 1295.75
-87.9866 -291.561 1270.57
-27.6482 352.54 1476.68
-29.9661 -3.65016 1236.35
196.164 333.282 960.304
-389.447 -213.126 884.651
-17.132 -142.782 1264.73
75.3188 -265.795 1298.14
-77.8497 -287.519 1277.4
-29.5341 352.693 1481.39
-32.9985 -8.90625 1241.68
200.013 347.117 977.395
-383.84 -211.557 879.563
-15.5837 -139.087 1268.82
74.6019 -257.596 1300.5
-65.4703 -282.608 1278.56
-30.3248 351.743 1485.14
-35.7332 -8.07166 1248.1
194.507 357.05 997.779
-384.473 -213.729 880.53
-15.6433 -133.498 1274.03
72.6253 -253.069 1302.26
-56.4476 -278.981 1281.45
-30.3854 351.572 1485.33
-39.3755 -0.971485 1256.21
191.125 367.434 1013.78
-381.473 -224.476 876.724
-1.51526 -121.379 1254.21
88.1601 -230.599 1267.09
-11.2477 -261.347 1232.99
-30.4977 351.423 1485.54
-41.4867 3.21459 1258.39
176.495 391.342 1060.87
-375.345 -251.325 835.474
-0.913763 -120.165 1259.82
81.1094 -229.661 1276.64
-2.99414 -257.701 1250.89
-30.4455 351.098 1485.75
-40.8852 3.35143 1255.87
177.439 394.701 1058.75
-370.279 -248.66 847.415
0.152709 -117.64 1256.39
78.6822 -229.032 1279.94
-1.8365 -255.92 1254.32
-30.3283 350.523 1486.07
-38.1174 7.19639 1245.65
176.301 397.312 1052.92
-365.54 -251.35 856
-0.408275 -115.424 1261.69
75.168 -229.44 1285.75
0.226147 -254.286 1264.4
-30.4652 350.53 1486.08
-38.5136 11.0142 1248.3
176.748 398.151 1045.98
-365.133 -281.764 864.877
-2.18336 -115.278 1265.32
73.4469 -230.701 1288.27
-3.11922 -255.108 1269.28
-31.5867 350.8 1485.22
-39.5305 12.3487 1251.86
174.108 395.641 1037.48
-372.195 -247.381 864.514
-7.10384 -115.076 1268.88
58.8365 -234.792 1287.23
-5.11267 -252.898 1273.13
-32.3981 352.645 1484.97
-41.0696 13.6928 1257.58
173.719 383.772 1026.32
-370.354 -248.255 863.157
-12.2025 -113.633 1281.77
46.6321 -237.88 1287.04
-8.82709 -251.101 1277.55
-34.8019 370.484 1487.94
-43.3076 17.2256 1281.24
169.08 378.93 1011.33
-381.369 -249.689 865.831
-15.465 -113.596 1287.18
42.6546 -238.484 1288.85
-10.6309 -251.169 1281.9
-34.7866 368.868 1487.78
-46.9419 17.6353 1288.99
168.351 369.229 992.718
-377.116 -249.451 869.893
-17.9866 -115.438 1290.36
39.4256 -239.207 1291.39
-12.7305 -251.703 1285.86
-34.8308 367.321 1487.81
-49.3207 14.5796 1292.09
161.59 352.922 978.902
-374.393 -255.357 877.604
-19.9622 -116.224 1291.17
37.3352 -239.449 1292.89
-14.7013 -252.001 1288.48
-34.7224 365.838 1487.62
-51.2414 13.2776 1291.66
153.55 338.953 954.462
-371.729 -237.397 858.426
-21.5658 -117.214 1292.12
35.4143 -239.277 1295.96
-16.9971 -251.898 1291.79
-33.5851 360.124 1486.44
-52.3403 11.1605 1290.36
153.22 307.52 935.565
-375.372 -257.926 882.912
-22.2656 -117.447 1296.01
39.5614 -235.746 1307.63
-22.084 -251.363 1300.35
-33.0331 357.335 1485.09
-53.2698 8.66006 1288.03
147.195 276.727 924.234
-372.251 -253.754 856.357
-22.3866 -120.708 1292.99
41.2455 -237.098 1308.73
-22.2261 -254.068 1300.63
-33.0902 357.254 1485.09
-54.2829 4.16722 1281.3
144.281 242.938 907.423
-372.737 -253.016 861.351
-23.0336 -123.105 1288.9
39.9866 -237.259 1310.94
-23.5537 -254.685 1302.12
-33.1191 357.266 1485.21
-54.2837 -0.237515 1271.27
131.697 199.601 905.14
-369.579 -249.918 865.248
-25.1197 -122.52 1285.4
36.0441 -238.922 1306.43
-27.9955 -255.216 1296.18
-33.1681 357.214 1485.32
-54.2637 2.02806 1269.49
129.675 159.855 890.756
-372.197 -244.999 867.581
-28.7178 -121.801 1279.99
30.0442 -240.655 1300.98
-32.3905 -255.448 1292.02
-33.2053 357.177 1485.32
-56.2624 4.44875 1263.47
136.948 117.216 877.748
-373.7 -253.971 865.142
-26.9822 -125.77 1268.96
29.7772 -244.208 1295.27
-30.1765 -257.542 1292.78
-33.302 357.052 1485.24
-53.7647 -0.664181 1243.89
132.953 83.1935 857.441
-369.941 -265.888 878.072
-29.0632 -124.846 1270.31
27.1385 -245.359 1292.7
-31.2882 -257.504 1294.4
-33.3736 356.93 1484.96
-56.0515 1.74034 1247.08
135.544 56.889 857.873
-371.331 -270.786 871.471
-31.5378 -128.488 1256.13
35.6127 -245.994 1271.78
-49.0412 -263.166 1266.96
-33.3005 356.819 1484.69
-56.3613 -2.39553 1242.9
115.542 23.2161 865.126
-378.503 -276.212 849.877
-60.2019 -148.223 1258.28
16.6334 -289.644 1270.42
-162.905 -272.557 1264.92
-33.2425 356.771 1484.32
-47.2679 -15.3447 1248.9
126.27 -61.9028 865.332
-376.52 -227.412 848.541
-62.7322 -145.43 1267.67
5.46188 -297.99 1266.35
-169.05 -274.277 1262.98
-33.1937 356.766 1483.9
-43.6707 -4.72665 1270.68
130.128 -81.4538 830.901
-371.453 -230.773 861.815
-63.1513 -144.174 1264.32
-8.93188 -312.36 1280.99
-189.497 -268.182 1277.08
-33.0811 356.245 1476.65
-27.0883 1.92253 1249.61
140.474 -122.084 813.784
-374.538 -221.303 858.341
-63.1423 -146.28 1256.04
-15.8855 -319.147 1277.04
-196.034 -267.601 1269.39
-32.3319 356.838 1474.18
-20.3249 0.812934 1238.86
136.838 -157.039 822.069
-361.484 -208.572 856.625
-68.952 -151.909 1252.52
-15.9209 -327.21 1269.11
-209.457 -269.278 1269.86
-32.318 356.566 1472.39
-25.2147 -5.57326 1235.57
157.788 -194.212 705.432
-366.138 -207.199 842.322
-72.1983 -152.759 1252.23
-20.8778 -327.286 1267.95
-209.856 -270.476 1275.33
-31.5566 356.204 1469.66
-29.0297 -6.63661 1232.82
160.091 -193.779 707.584
-364.146 -205.436 842.709
-76.4427 -145.302 1250.32
-29.5213 -315.327 1264.3
-212.804 -255.713 1273.14
-31.8527 356.174 1469.82
-31.723 -5.0844 1231.91
152.393 -265.473 805.012
-362.149 -200.825 836.82
-77.7623 -136.093 1246.81
-25.862 -295.269 1246.21
-196.85 -253.722 1250.35
-30.7162 355.279 1468.38
-44.1686 2.30976 1245.35
154.895 -280.545 818.021
-364.267 -206.394 837.904
-83.0407 -136.91 1253.56
-29.5792 -300.663 1248.38
-201.593 -261.803 1260.42
-29.0435 354.323 1464.87
-50.4953 7.41193 1252.73
157.822 -302.205 819.373
-360.012 -200.996 851.074
-85.9049 -143.979 1249.43
-31.2469 -305.079 1254.72
-203.934 -266.402 1256.53
-27.4568 352.718 1458.09
-54.2194 -2.21726 1243.24
146.44 -329.457 829.971
-358.386 -187.374 852.227
-86.4048 -151.001 1237.83
-21.7768 -318.019 1249.63
-212.055 -279.117 1234.77
-27.7764 352.511 1460.14
-55.8935 -3.43445 1233.46
152.066 -349.736 836.023
-360.983 -179.722 845.31
-82.2567 -163.925 1229.33
-12.1816 -327.796 1258.46
-204.824 -296.5 1225.54
-26.4853 351.397 1454.55
-56.0104 -15.7027 1216.65
158.608 -364.091 844.599
-368.116 -178.939 838.99
-78.4415 -169.316 1216.31
-3.45102 -330.617 1233.1
-198.27 -301.825 1213.83
-26.0583 350.684 1450.54
-56.0226 -22.4101 1209.15
155.042 -376.978 825.225
-366.521 -164.601 864.101
-76.4069 -167.739 1220.49
2.23627 -330.596 1236.37
-196.962 -303.481 1220.45
-25.483 350.314 1447.57
-55.4511 -18.439 1212.56
158.684 -372.478 831.936
-363.567 -171.333 861.327
-73.5149 -169.923 1221.45
2.03224 -333.083 1237.18
-196.21 -302.194 1226.57
-25.293 349.739 1445.92
-49.9409 -22.2074 1211.03
154.439 -366.195 830.419
-360.448 -176.502 861.707
-73.9372 -168.714 1222.54
1.65469 -333.698 1247.21
-199.062 -301.384 1239.42
-24.9984 349.096 1444.65
-49.1705 -19.8869 1201.77
151.025 -344.038 834.112
-360.12 -192.411 862.576
-70.7921 -162.753 1214.72
-3.11238 -328.501 1244.85
-192.818 -296.69 1226.18
-24.7353 348.016 1443.1
-43.619 -12.9114 1193.92
144.67 -335.447 828.788
-357.216 -201.289 854.004
-67.7137 -162.396 1205.18
-4.05021 -320.156 1215.08
-173.054 -296.229 1210.79
-25.1441 347.718 1444.82
-46.8755 -16.5997 1197.42
155.784 -323.171 824.697
-360.318 -192.621 867.639
-64.521 -160.722 1202.67
-0.967288 -312.74 1205.73
-161.111 -294.198 1206.18
-24.9268 347.81 1445.22
-48.0029 -17.9751 1199.39
160.572 -306.731 818.476
-361.966 -196.191 869.926
-63.7194 -160.311 1202.01
-2.94422 -310.954 1202.09
-160.727 -290.496 1207.33
-24.7307 346.653 1443.89
-45.6033 -19.8966 1199.32
151.211 -289.246 803.564
-368.305 -196.825 866.548
-65.2067 -161.915 1203.26
-2.45737 -310.446 1201.22
-162.579 -290.318 1209.12
-24.9165 345.945 1444.12
-47.895 -23.4481 1201.35
160.454 -274.139 795.817
-373.051 -192.832 866.409
-65.4081 -161.43 1210.46
-4.40107 -312.021 1201.24
-165.854 -289.44 1207.55
-24.602 344.831 1443.66
-45.6886 -22.1302 1216.53
154.778 -245.08 794.861
-362.073 -184.946 878.275
-70.8885 -153.381 1211.34
-4.99329 -300.753 1187.53
-164.923 -286.401 1201.82
-24.7719 344.083 1442.81
-56.8187 -13.1849 1228
154.565 -203.75 792.32
-363.914 -201.678 871.227
-68.3494 -155.328 1210.09
-1.70822 -305.262 1191.47
-165.194 -288.817 1201.74
-25.2966 342.741 1442.11
-53.2476 -13.6162 1223.58
154.978 -179.456 795.205
-363.496 -198.202 871.171
-49.4797 -157.23 1207.44
16.3543 -300.361 1187.74
-119.15 -299.433 1195.9
-25.9554 342.251 1441.41
-47.5616 -14.5627 1223.06
158.506 -132.904 771.338
-362.133 -214.948 882.29
-45.4274 -153.723 1207.45
27.6568 -291.464 1185.35
-121.192 -291.203 1194.74
-26.5714 341.707 1440.59
-44.0872 -16.1116 1224.87
149.736 -98.4138 773.515
-363.212 -216.268 890.91
-45.9561 -148.717 1200.48
40.5728 -281.78 1188.54
-143.79 -273.647 1187.96
-26.9033 341.079 1439.68
-40.3038 -19.7198 1212.72
148.607 -84.3822 764.615
-363.32 -207.955 897.925
-55.4834 -133.214 1219.2
57.3217 -267.432 1188.86
-160.587 -267.996 1169.73
-26.5274 340.561 1438.46
-59.334 1.28653 1259.1
159.148 -82.8706 783.649
-384.343 -193.228 949.149
-54.7315 -128.685 1222.99
57.6957 -254.559 1189.43
-163.643 -251.737 1171.93
-26.7288 339.467 1436.69
-56.4896 -4.22333 1265.3
174.167 -60.9953 795.867
-383.933 -176.486 926.793
-52.7277 -123.89 1222.05
73.7462 -240.046 1180.65
-173.158 -244.653 1176.06
-26.7621 338.985 1435.44
-55.7496 -5.43096 1265.74
198.127 -88.9705 844.393
-386.181 -192.962 930.769
-54.4401 -120.252 1211.66
80.0188 -229.226 1172.02
-178.676 -242.676 1178.44
-26.5978 338.079 1433.92
-59.5515 -4.55276 1248.1
197.255 -2.83829 793.276
-385.791 -193.02 923.118
-54.7665 -153.969 1218.65
52.2528 -301.542 1215.79
-149.19 -305.941 1183.61
-27.7461 337.383 1432.7
-61.0644 -4.19629 1237.6
195.648 28.7262 832.661
-384.962 -181.782 896.425
-55.2139 -151.202 1212.84
50.7371 -294.424 1207.97
-152.162 -297.551 1182.1
-28.8397 336.476 1431.64
-59.7155 -6.41706 1230.65
196.652 53.772 845.799
-383.428 -197.192 931.332
-55.3239 -152.918 1212.43
47.6161 -299.274 1211.58
-152.016 -300.672 1183.5
-29.293 335.712 1428.84
-58.4479 -5.86313 1227.32
186.379 91.4627 838.374
-370.424 -171.559 902.635
-56.0213 -152.466 1211.41
44.3517 -299.825 1208.06
-153.763 -299.18 1184.54
-29.6448 336.548 1427.93
-57.337 -5.42967 1226.53
192.54 120.198 847.688
-369.189 -168.669 914.813
-56.3267 -151.639 1211.86
43.1554 -298.546 1209.49
-154.442 -297.353 1186.86
-30.092 336.455 1427.05
-57.0103 -5.3281 1225.55
187.069 150.666 850.824
-374.855 -207.035 953.168
-60.7875 -149.961 1211.36
21.6444 -301.067 1204.45
-158.211 -290.347 1189.53
-31.1809 336.79 1425.18
-53.2916 -4.21455 1225.72
180.577 167.158 863.588
-364.401 -192.182 954.675
-58.1399 -143.868 1216.83
23.5132 -292.078 1191.29
-142.637 -290.433 1191.05
-31.3787 338.48 1425.09
-56.7179 3.51923 1242.5
172.494 208.585 876.914
-367.021 -179.889 898.612
-35.54 -104.027 1230.96
19.597 -288.64 1180.32
-153.848 -261.454 1200.86
-31.0668 345.731 1419.28
-3.95445 66.9918 1271.33
154.152 282.018 883.099
-348.647 -273.119 985.801
-36.3148 -90.8482 1232.58
16.7766 -277.548 1174.64
-161.55 -246.89 1200.95
-30.0964 345.892 1417.8
-0.243007 80.5223 1277.37
148.29 311.837 899.622
-347.874 -260.986 941.273
-35.7401 -78.8898 1219.37
13.805 -256.937 1162.07
-158.495 -223.334 1180.56
-28.6971 345.522 1418.26
0.864846 82.3559 1267.43
146.977 325.604 919.814
-347.482 -256.07 943.626
-37.9352 -79.3818 1219.68
12.6364 -259.488 1160.11
-162.572 -226.077 1181.09
-16.751 339.063 1384.27
-0.902393 84.0191 1268.75
147.522 341.862 939.144
-348.734 -261.123 943.26
-33.2586 -81.1245 1213.26
13.3661 -261.094 1160.46
-161.563 -222.35 1182.53
-14.6068 341.022 1387.03
7.58124 79.4734 1255.02
148.619 353.164 959.096
-352.025 -300.483 994.705
-30.5459 -77.7836 1210.28
14.9173 -261.021 1162.41
-160.279 -218.543 1174.36
-19.1123 342.746 1397.74
11.5888 84.2148 1252.17
147.55 356.553 977.022
-351.377 -291.661 993.077
-32.6122 -76.0603 1210.29
13.5383 -259.115 1162.28
-160.806 -217.03 1169.82
-18.1483 347.278 1397.81
8.40949 85.9523 1254.52
143.601 367.941 991.042
-351.004 -293.701 996.798
-32.2216 -75.4182 1208.15
14.4803 -257.059 1160.55
-160.556 -214.747 1168.68
-19.1777 346.991 1401.95
8.59481 85.067 1251.68
145.958 372.299 1004.49
-350.865 -293.518 995.196
-36.2513 -69.5408 1201.56
4.98606 -239.735 1141.98
-162.748 -199.587 1165.45
-16.405 345.45 1393.43
6.37846 80.5794 1249.41
144.505 377.497 1006.95
-348.527 -293.703 1004.28
-37.4848 -71.0546 1199.86
7.483 -238.009 1138.42
-162.654 -199.907 1162.44
-14.4294 345.395 1387.82
2.61607 76.8486 1249.29
143.682 389.221 1014.63
-348.94 -298.454 1003.29
-39.8382 -70.5372 1201.91
8.41235 -231.372 1132.95
-161.44 -199.227 1161.86
-12.9982 345.292 1383.84
-3.16261 74.2248 1256.41
142.678 389.156 1017.76
-343.555 -281.683 975.051
-40.5433 -70.2072 1203.09
8.18505 -230.563 1135.08
-161.379 -198.072 1161.11
-12.4405 346.98 1384.93
-4.48935 73.9032 1258.08
145.045 394.114 1023
-345.129 -282.491 985.488
-42.2745 -69.5952 1214.81
8.62571 -227.483 1148.82
-162.232 -197.315 1180.57
-11.7835 346.335 1384.86
-7.74567 73.2088 1264.93
146.146 400.048 1020.25
-346.517 -288.302 990.471
-47.3184 -68.5463 1225.17
2.86567 -228.425 1166.03
-165.922 -196.351 1190.87
-10.7817 345.948 1382.68
-13.1087 75.2952 1271.88
146.073 391.463 1023.4
-347.723 -283.261 972.676
-48.7754 -66.9164 1225.42
4.02617 -225.435 1160.89
-172.555 -192.134 1192.57
-12.0672 347.544 1385.18
-13.2861 74.9513 1274.1
143.522 393.111 1016.22
-341.294 -284.938 980.558
-48.6254 -65.7194 1225.23
4.43648 -224.5 1157.65
-175.19 -190.695 1194.32
-10.4964 347.953 1383.13
-11.874 76.1584 1274.47
149.304 375.836 1011.37
-364.753 -229.984 873.411
-49.4852 -65.9711 1232.59
6.87144 -227.573 1165.4
-181.242 -192.66 1212.68
-9.90249 347.677 1383.34
-11.7852 78.1746 1276.15
152.821 363.213 997.56
-339.016 -286.417 987.106
-51.4523 -65.0365 1236.25
6.64352 -227.993 1171.54
-186.584 -190.1 1221.58
-9.99506 346.4 1381.88
-12.9343 78.9737 1275.93
136.736 371.42 979.907
-289.903 -226.203 965.08
-47.97 -64.5916 1230.74
6.36461 -229.359 1168.43
-183.277 -188.833 1215.27
-9.8239 345.767 1380.49
-7.4837 79.9128 1269.63
129.683 364.469 962.863
-341.733 -213.862 894.176
-47.449 -64.7785 1231.12
6.65477 -228.935 1170.76
-180.555 -189.062 1212.3
-9.0757 339.415 1368.94
-7.94783 79.4419 1270.72
126.573 355.031 945.636
-343.441 -289.881 980.935
-54.0971 -82.6136 1222.34
-3.11307 -252.46 1165.74
-180.437 -216.332 1193.92
-8.96967 340.443 1369.91
-16.4189 69.1687 1264.85
122.866 334.386 923.228
-342.613 -200.27 885.593
-50.2858 -79.7546 1226.84
6.14346 -252.095 1171.02
-179.314 -216.07 1199.06
-8.88273 339.651 1369.15
-13.9865 74.5732 1268.64
124.596 323.454 900.317
-337.296 -202.318 895.803
-46.0678 -82.6948 1225.5
17.7582 -262.171 1171.1
-180.745 -224.389 1193.42
-9.04932 337.57 1368.48
-10.6423 77.8904 1268.74
123.514 301.116 888.644
-359.998 -301.97 992.304
-46.2043 -85.2148 1221.88
19.7013 -264.688 1171.67
-178.706 -227.633 1186.73
-20.0434 350.416 1392.07
-12.9064 75.7313 1264.56
127.347 260.987 881.478
-344.177 -251.296 934.539
-41.8462 -77.3222 1217.87
19.8416 -260.167 1171.73
-175.001 -222.271 1192.86
-27.7743 357.282 1405.97
-6.11256 86.5746 1253.44
124.007 221.565 872.302
-354.828 -202.506 862.281
-36.4282 -74.3928 1225.68
23.8913 -253.359 1181.75
-165.037 -218.044 1205.16
-28.9655 354.824 1411.93
-2.28333 86.9157 1257.9
127.927 192.623 852.823
-340.735 -199.123 881.159
-37.065 -78.1234 1225.28
29.6812 -256.626 1181.04
-166.656 -222.706 1201.24
-32.8598 354.706 1411.04
-5.64271 83.4193 1259.43
118.482 171.535 842.094
-344.17 -248.864 931.436
-37.1724 -81.1325 1223.48
28.2135 -258.588 1179.36
-166.035 -224.48 1199.86
-34.1642 352.604 1408.39
-5.43401 79.2687 1257.34
119.127 142.938 831.168
-363.683 -225.556 863.162
-38.9158 -82.0229 1221.63
27.823 -256.35 1178.43
-166.804 -223.165 1200.81
-34.339 350.55 1406.51
-8.34128 75.7119 1253.63
118.639 111.925 839.273
-345.218 -249.222 923.878
-40.8986 -86.4333 1208.54
28.9653 -251.881 1173.33
-163.999 -221.433 1197.83
-32.4581 348.292 1404.62
-14.2802 63.7903 1231.5
119.113 73.9226 840.285
-351.123 -250.186 917.692
-41.4056 -83.0065 1207.13
25.7034 -246.002 1162.99
-164.928 -215.698 1194.69
-30.9235 346.249 1404.18
-13.1989 64.8366 1235.42
111.485 52.2226 821.613
-340.53 -279.142 950.772
-42.0171 -82.1406 1199.26
29.0978 -230.402 1151.87
-160.542 -204.626 1183.98
-30.2199 345.003 1404.48
-18.3121 53.2325 1230.58
113.412 39.2969 811.602
-342.044 -291.759 955.471
-42.3364 -85.2626 1193.56
28.5934 -232.173 1145.41
-156.1 -210.598 1176.81
-27.9064 342.638 1400.13
-20.9197 50.8605 1226.01
107.586 22.763 802.987
-353.426 -301.688 963.793
-41.9044 -84.8675 1188.71
30.5243 -229.089 1135.61
-156.28 -209.537 1173.2
-28.2052 342.315 1400.94
-20.9306 49.578 1223.01
106.852 5.64665 806.601
-350.315 -308.056 961.204
-44.9098 -88.8337 1183.37
28.5652 -229.075 1130.26
-158.268 -210.986 1172.65
-28.3746 341.631 1400.99
-24.9681 42.3635 1215.27
119.336 -27.3198 825.899
-349.716 -306.536 954.886
-49.2386 -97.4617 1184.87
30.3089 -226.452 1128.65
-158.338 -216.089 1172.53
-28.166 341.139 1400.55
-34.4627 26.3474 1219.15
123.227 -55.6996 809.795
-348.547 -294.803 953.449
-50.6457 -97.2987 1196.03
32.4762 -226.811 1133.12
-159.968 -219.542 1168.72
-28.0423 341.161 1400.01
-37.5455 28.5794 1241.14
158.027 -101.125 857.277
-350.426 -287.356 956.281
-50.6802 -99.3797 1205.89
35.9174 -233.191 1143.1
-163.489 -225.745 1180.32
-26.918 339.41 1397.2
-37.5745 30.7087 1250.07
153.259 -108.578 859.199
-348.774 -288.894 967.665
-50.9613 -100.305 1208.62
37.5551 -235.991 1146.2
-168.339 -226.099 1185.38
-27.9158 339.622 1397.17
-36.5307 30.4348 1251.45
105.449 -118.156 764.845
-351.104 -284.428 970.308
-51.4215 -100.841 1206.65
42.8673 -236.886 1143.98
-174.392 -227.027 1189.9
-28.6304 340.032 1397.4
-37.0806 30.2742 1246.36
101.22 -130.961 766.852
-349.791 -287.097 971.613
-49.646 -101.315 1206.16
48.5806 -239.353 1139.1
-174.504 -232.956 1189.38
-28.8171 340.34 1397.46
-36.3305 33.5248 1248.08
103.235 -142.691 774.912
-340.589 -238.301 902.308
-49.9826 -97.0036 1206.36
56.9399 -232.708 1135.87
-174.157 -235.328 1190.1
-28.4479 340.349 1397.64
-41.3565 40.0105 1249.74
104.092 -146.783 781.499
-352.004 -279.605 914.293
-42.313 -90.324 1202.23
71.3833 -218.373 1130.07
-161.398 -230.227 1174.35
-28.4415 340.858 1398.15
-39.6188 43.652 1252.25
105.477 -153.914 788.791
-348.248 -252.772 869.323
-38.6769 -87.3181 1198.57
70.6949 -218.424 1123.29
-157.366 -226.847 1163.04
-28.0363 341.702 1398.31
-34.0184 47.999 1253.97
111.269 -164.913 806.662
-367.828 -260.709 852.451
-36.3526 -83.6497 1192.1
74.6629 -210.092 1113.75
-151.713 -221.906 1147.07
-27.5104 342.402 1398.23
-34.1804 48.6999 1253.79
110.952 -175.61 810.554
-328.291 -267.877 904.136
-36.941 -79.202 1185.01
67.0722 -201.873 1102.08
-142.94 -216.232 1132.75
-27.1527 342.602 1397.71
-35.9482 50.6483 1252.6
113.387 -184.553 816.613
-354.811 -323.892 942.96
-34.7197 -78.5083 1185.17
65.8393 -203.099 1102.93
-137.921 -215.125 1129.64
-26.969 342.669 1396.6
-33.3983 52.0953 1254.05
114.032 -193.539 829.539
-355.85 -324.187 937.749
-36.9878 -79.4339 1181.27
60.7543 -205.273 1096.78
-138.328 -217.351 1124.38
-27.1213 342.644 1396.21
-35.1886 52.4443 1251.96
113.328 -205.56 820.891
-365.338 -273.545 840.148
-37.6267 -80.9599 1182.55
60.7015 -208.752 1099.66
-141.142 -218.46 1125.55
-27.435 341.859 1396.76
-35.033 51.6859 1252.5
116.964 -209.759 824.318
-351.408 -288.475 901.676
-38.6115 -85.4376 1190.83
55.2995 -223.398 1121.14
-142.888 -223.575 1138.36
-27.6886 341.53 1396.49
-33.4287 52.6114 1251.91
120.347 -219.827 838.929
-357.751 -319.524 931.477
-39.4823 -88.6056 1193.93
56.3467 -229.863 1126.07
-146.336 -230.885 1148.31
-28.0154 341.078 1395.97
-33.9702 53.1631 1250.67
116.972 -223.328 825.291
-368.764 -261.127 842.696
-40.8216 -88.8263 1202.05
56.0619 -232.904 1134.71
-147.168 -229.52 1142.26
-27.9292 341.615 1394.86
-36.0901 53.5593 1265.6
123.177 -222.789 831.926
-346.298 -242.33 861.479
-41.2019 -89.0586 1197.93
54.6375 -233.482 1131.73
-148.224 -230.051 1142.32
-28.3296 342.232 1394.77
-35.6104 53.6491 1258.83
134.788 -221.426 839.018
-358.793 -317.86 936.011
-41.3325 -88.4712 1195.18
52.671 -232.336 1125.92
-148.206 -229.78 1140.95
-28.3876 342.782 1395.24
-34.8974 54.1154 1256.93
136.358 -213.083 834.5
-358.916 -319.328 937.612
-41.2284 -85.805 1192.41
54.0471 -226.956 1120.34
-147.604 -227.23 1138.76
-28.4378 343.135 1395.14
-35.6784 55.4832 1255.28
138.105 -196.91 834.061
-358.459 -319.318 938.298
-37.8231 -79.6677 1189.24
60.4245 -211.965 1114.13
-138.345 -219.121 1132.28
-28.4818 342.708 1394.69
-36.6862 56.2077 1255.29
139.362 -176.934 822.288
-358.787 -324.907 937.152
-35.6906 -74.7223 1185.8
69.7044 -200.236 1104.18
-135.672 -215.456 1124.81
-28.6114 342.169 1393.84
-38.3974 58.4014 1257.1
144.612 -154.675 822.025
-357.582 -327.654 937.878
-34.4497 -76.1763 1178.45
74.3927 -196.253 1097.29
-138.906 -215.237 1127.43
-28.7592 341.543 1392.92
-36.6429 53.3924 1244.54
129.231 -116.637 810.566
-361.132 -334.864 933.123
-35.7826 -70.8941 1167.8
73.6978 -176.713 1072.32
-144.891 -204.365 1117
-29.0482 341.45 1393.23
-35.9686 48.7506 1240.94
123.123 -74.7064 794.039
-358.916 -288.079 858.706
-41.1415 -75.8532 1169.22
49.1749 -189.8 1078.28
-144.966 -202.947 1119.44
-29.0781 341.46 1393.84
-34.3872 44.6672 1239.57
175.346 -96.7684 807.592
-366.821 -323.575 920.753
-43.4803 -82.2414 1170.04
39.4134 -198.647 1084.5
-143.529 -205.429 1119.5
-29.3979 341.717 1394.43
-34.9026 37.5548 1238.08
110.756 -34.566 779.544
-351.726 -269.088 869.951
-43.7896 -81.1535 1179.54
40.0281 -206.166 1102.09
-144.127 -208.694 1131.4
-29.7584 341.791 1394.96
-35.5296 45.123 1242.33
118.21 -3.57408 800.005
-359.96 -258.82 850.683
-41.2637 -81.6702 1188.46
46.28 -215.322 1114.61
-151.428 -212.585 1147.17
-30.6594 341.508 1395
-29.9532 50.6134 1246.03
160.336 -6.06436 846.769
-367.034 -256.178 840.377
-47.0906 -79.4202 1202
26.6444 -228.211 1143.83
-168.804 -204.899 1181.99
-31.1522 341.146 1395.62
-23.1016 57.7148 1241.09
165.254 14.7735 845.564
-355.826 -300.287 950.527
-41.776 -73.6238 1197.09
35.1949 -213.18 1130.37
-173.377 -185.13 1187.1
-31.6089 340.507 1396.54
-14.4608 51.9074 1235.45
159.51 45.9381 837.275
-350.549 -244.458 866.723
-41.0665 -63.6566 1197.87
42.7098 -203.804 1125.62
-173.161 -183.14 1185.42
-31.6697 339.835 1397.05
-16.9071 66.1588 1240.23
156.367 73.2162 836.129
-294.041 -239.395 951.606
-38.1625 -76.0082 1207.02
49.3361 -228.277 1148.21
-170.312 -205.285 1195.88
-31.8258 339.642 1397.87
-15.8371 64.7647 1241.99
158.904 113.794 850.411
-341.573 -272.366 919.335
-40.8218 -79.4052 1207.01
44.2833 -231.636 1146.77
-171.459 -209.293 1196.55
-32.1095 339.629 1399.6
-18.056 61.6538 1242.37
157.774 145.797 853.331
-350.829 -274.795 933.354
-41.9729 -85.6727 1211.47
42.5303 -244.515 1157.64
-170.518 -222.179 1200.93
-32.1814 341.392 1400.45
-19.9517 62.0018 1243.65
160.692 174.229 869.882
-345.552 -267.815 922.004
-42.038 -88.0617 1213.89
40.4492 -251.56 1162.78
-170.047 -228.111 1201.72
-32.5296 343.194 1401.26
-19.2772 63.7121 1245.53
155.535 210.16 869.063
-347.824 -286.835 937.179
-37.61 -87.599 1214.24
40.7103 -256.933 1165.35
-168.181 -228.789 1199.59
-33.19 344.793 1401.96
-11.4847 67.6631 1246.02
155.499 242.513 876.589
-339.71 -280.531 945.76
-35.3212 -86.2727 1218.33
43.8162 -260.338 1175.08
-167.937 -228.964 1196.33
-33.5732 346.658 1402.47
-8.58202 72.1057 1250.95
144.623 272.648 876.207
-340.006 -275.827 939.232
-40.153 -89.1891 1218.9
22.1489 -271.562 1179.66
-170.329 -234.992 1197.06
-31.8991 351.82 1403.8
-6.21602 74.8986 1249.43
143.844 292.916 884.501
-375.115 -243.311 831.899
-38.9134 -83.7092 1225.2
27.2455 -266.666 1187.64
-177.845 -224.156 1209.9
-29.8207 358.157 1401.01
-2.52691 77.9926 1251.64
145.743 310.35 904.875
-116.243 -345.046 964.711
-37.3793 -81.9247 1231.15
29.2582 -264.459 1193.67
-175.807 -222.879 1219.6
-29.4373 354.675 1399.7
-1.48425 79.8196 1255.66
150.089 326.171 924.403
-344.264 -222.197 876.795
-37.6364 -78.4004 1233.11
22.8808 -260.781 1197.46
-174.548 -216.99 1217.48
-28.6577 352.573 1398.72
0.560636 82.0843 1258.75
153.048 335.528 947.54
-370.676 -290.289 1006.73
-33.8111 -66.8909 1230.73
26.1758 -252.188 1191.71
-175.054 -203.598 1202.14
-25.7986 356.908 1399
6.81713 94.1112 1264.53
145.942 352.159 966.111
-356.056 -280.783 983.652
-33.8902 -62.3446 1220.56
31.1466 -238.959 1165.84
-174.197 -194.619 1185.44
-23.981 359.952 1401.17
3.74472 92.0998 1265.48
147.303 367.604 973.795
-350.178 -281.682 976.716
-31.9221 -56.5098 1221.85
33.3199 -233.516 1167.33
-171.586 -189.184 1183.76
-18.5669 364.596 1402.39
5.28875 98.3302 1268.15
148.881 374.51 988.544
-348.463 -280.612 973.547
-31.473 -53.6444 1222.54
30.8095 -231.231 1172.76
-169.653 -185.786 1185.95
-20.1244 361.57 1403.26
6.47556 101.219 1265.73
148.758 378.112 1001.9
-300.795 -235.848 930.887
-23.0445 -70.9656 1207.4
50.1487 -243.79 1158.03
-150.891 -212.393 1171.12
-17.0113 361.287 1400.71
4.282 86.1601 1250.22
155.549 398.855 1021.57
-357.686 -239.508 871.027
-25.5479 -64.7213 1215.35
41.7403 -235.891 1166.34
-149.88 -206.278 1188.29
-14.0349 359.945 1398.1
2.97397 91.6424 1253.4
158.909 398.547 1026
-354.441 -234.844 848.845
-24.7068 -63.0217 1214.1
38.9251 -233.8 1162.32
-143.973 -206.792 1182.46
-8.13409 353.108 1383.41
3.11025 94.2527 1255.82
159.14 405.324 1034.73
-354.537 -233.087 864.909
-24.8578 -63.4053 1213.73
37.6683 -233.186 1159.57
-141.653 -207.637 1178.74
-7.68502 355.685 1386.9
2.27662 93.6008 1258.3
160.16 410.756 1042.61
-355.323 -238.637 858.214
-29.4792 -63.6013 1224.01
27.008 -239 1184.64
-150.153 -204.65 1191.62
-6.93007 356.318 1387.91
2.61395 94.6223 1259.89
159.14 406.677 1062.42
-351.661 -225.573 843.793
-31.267 -59.7173 1229.27
29.153 -237.415 1199.16
-162.691 -194.353 1202.16
-6.12926 355.774 1387.37
4.23476 96.4498 1257.88
157.41 405.848 1072.64
-346.179 -223.607 842.274
-29.8542 -61.0886 1233.78
37.7701 -241.971 1211.65
-164.525 -198.445 1205.88
-5.91252 354.393 1386.37
3.66891 98.031 1258.79
158.816 405.544 1082.77
-349.893 -262.126 889.29
-28.5103 -61.5276 1235.96
38.5835 -241.812 1210.95
-160.914 -200.041 1205.74
-5.92083 353.646 1384.97
4.14464 97.8713 1263.58
151.697 413.086 1082.02
-346.924 -253.621 884.087
-24.5559 -65.9702 1233.09
44.3927 -246.889 1206.12
-148.187 -212.335 1194.28
-5.82846 353.14 1383.58
2.78531 97.6717 1265.97
153.567 412.159 1086.02
-345.957 -259.787 879.47
-24.4045 -73.0954 1224.54
47.7748 -257.24 1184
-143.782 -229.24 1178.38
-6.92516 352.755 1382.95
-0.805169 97.0494 1267.88
151.278 411.841 1074.61
-365.427 -235.661 806.823
-23.9875 -69.8304 1227.95
55.8531 -251.464 1189.74
-147.845 -223.148 1183.47
-4.18405 351.654 1377.93
-1.97885 97.645 1269.29
146.504 404.899 1062.45
-346.185 -251.348 859.723
-31.323 -67.8686 1224.75
30.9445 -245.682 1178.21
-146.822 -217.393 1180.44
-4.42546 352.584 1379.09
-4.70733 95.7999 1270.18
139.64 394.95 1041.99
-356.534 -235.884 840.024
-32.7272 -67.5707 1216.99
25.1096 -245.714 1174.66
-145.583 -215.892 1170.77
-3.39109 350.814 1375.83
-5.21787 95.6615 1261.26
134.688 386.271 1022.91
-345.579 -267.871 902.924
-32.8614 -69.5039 1215.67
32.1519 -250.262 1178.65
-149.151 -218.524 1165.27
-3.38996 350.581 1373.14
-7.22332 95.3848 1259.39
130.626 378.702 1005.49
-349.401 -260.057 890.07
-33.2658 -69.2375 1218.85
33.6162 -250.921 1178.44
-153.544 -217.517 1167.26
-3.31415 351.745 1370.12
-6.56777 95.744 1264.85
128.841 367.71 989.012
-346.036 -233.176 836.821
-37.388 -65.1751 1220.13
27.2944 -248.352 1179.68
-167.275 -207.215 1171.88
-4.64829 352.832 1371.41
-4.786 97.4332 1264.48
128.948 350.971 964.244
-342.52 -223.41 850.703
-37.6284 -65.8222 1223.18
28.1301 -249.194 1181.38
-170.804 -207.109 1178.47
-4.72992 353.777 1370.16
-3.91994 96.5072 1266.43
128.547 338.084 935.917
-354.494 -230.882 840.485
-38.5219 -68.2384 1226.63
28.2022 -250.9 1182.61
-173.333 -209.153 1185.11
-5.8372 353.491 1367.37
-4.47842 93.5498 1269.39
134.779 297.942 924.444
-349.958 -220.491 854.029
-41.4245 -74.2186 1231.38
26.8037 -253.274 1185.99
-172.728 -216.297 1194.64
-5.58654 353.693 1367.04
-9.88694 86.3485 1272.44
135.37 271.349 899.122
-346.529 -259.775 915.268
-39.4049 -86.935 1235.21
25.1474 -264.014 1195.41
-158.255 -236.717 1211.8
-11.0888 356.475 1368.47
-12.2558 76.4954 1266.82
136.805 243.183 872.898
-343.514 -254.036 916.752
-37.9078 -88.7795 1231.78
26.6607 -267.878 1193.28
-158.706 -240.06 1215.99
-28.0516 356.388 1381.24
-9.79278 76.4103 1258.92
139.275 219.914 855.277
-360.734 -221.338 842.258
-36.1617 -90.718 1220.54
31.1144 -265.269 1181.34
-150.019 -242.138 1195.26
-26.291 354.634 1377.42
-12.8711 72.2675 1252.78
130.518 186.003 865.089
-366.111 -224.468 836.983
-37.3616 -82.8644 1213.03
33.9341 -246.312 1162.77
-153.831 -225.517 1192.79
-26.7097 353.221 1377.01
-14.7748 70.1855 1248.29
130.641 164.308 836.813
-348.389 -255.065 917.422
-34.0448 -79.2238 1200.63
45.3821 -233.715 1135.36
-150.313 -220.9 1171.55
-26.3175 352.047 1379.04
-15.6243 68.8602 1247.81
131.279 140.417 826.657
-352.504 -261.26 909.807
-36.4306 -81.0196 1196.43
45.7315 -233.131 1132.38
-148.551 -224.81 1169.17
-25.8217 350.822 1381.66
-21.4512 66.9312 1242.08
138.444 116.562 817.851
-355.068 -241.792 868.189
-37.5891 -82.6999 1196.28
50.5299 -234.058 1131.15
-150.624 -229.761 1173.64
-22.4517 350.572 1380.5
-25.1315 66.5098 1240.17
129.8 91.0564 805.38
-348.212 -303.414 963.323
-37.0045 -81.8434 1197.37
52.5626 -232.222 1133.61
-147.821 -229.857 1174.71
-24.3437 349.479 1382.46
-26.3798 67.3527 1240.58
146.498 63.9371 824.574
-371.915 -259.037 849.452
-36.619 -83.8461 1192.94
50.7939 -233.017 1133.12
-149.89 -227.081 1181.76
-26.5875 345.395 1386.42
-23.6899 62.3566 1228.44
136.199 45.3988 812.613
-351.6 -298.834 943.112
-39.4543 -83.6504 1195.45
48.2515 -233.259 1135.86
-151.997 -227.961 1183.82
-27.3334 342.382 1388.96
-27.0357 63.3094 1231.07
142.921 18.2386 817.533
-354.557 -307.03 947.207
-41.2481 -83.4452 1188.18
44.7956 -232.507 1130.88
-151.637 -227.387 1189.32
-27.8277 340.089 1389.18
-29.0755 63.0566 1216.26
136.42 2.0515 828.237
-358.198 -312.705 947.515
-41.4718 -80.4206 1181.55
43.2846 -226.025 1119.38
-151.426 -222.236 1188.52
-26.7675 340.961 1387.94
-28.8729 63.2895 1209.16
137.528 -15.8711 804.926
-356.767 -315.081 950.999
-42.5869 -80.6821 1185.16
44.5422 -225.577 1123.4
-152.755 -223.032 1185.76
-26.2493 340.992 1388.05
-31.0675 62.9404 1215.75
125.663 -35.2092 794.311
-356.105 -314.213 952.054
-45.4349 -84.1248 1185.38
46.3368 -224.647 1125.37
-153.681 -225.719 1187.24
-25.9614 340.687 1388.2
-37.1977 56.9336 1214.46
123.514 -62.7524 779.502
-365.836 -296.825 922.351
-45.3197 -86.3635 1194.33
43.1067 -233.764 1143.54
-153.621 -229.18 1193.56
-25.687 340.601 1388.02
-35.3822 58.7447 1220.12
121.354 -85.4483 788.088
-363.006 -249.672 864.362
-43.8123 -89.6651 1196.01
48.5594 -239.966 1147.44
-152.983 -236.48 1193.16
-25.9468 340.821 1387.38
-35.413 58.8925 1221.71
122.637 -114.915 784.477
-363.282 -252.813 847.946
-45.7494 -89.9576 1189.9
46.5603 -238.987 1134.46
-157.586 -235.684 1182.1
-25.781 341.215 1386.11
-35.9863 57.4203 1221.52
128.145 -132.909 786.391
-350.858 -245.661 851.52
-46.3292 -91.9755 1191.69
47.7041 -233.315 1131.9
-157.325 -233.211 1180.42
-25.4573 341.59 1385.09
-37.8482 49.3116 1227.23
126.587 -148.139 789.053
-350.629 -292.559 899.079
-46.67 -90.486 1185.23
48.6882 -225.343 1115.26
-158.961 -228.366 1161.66
-25.4331 341.903 1383.84
-38.2038 45.8829 1232
114.553 -161.369 804.774
-361.124 -275.366 848.463
-44.8368 -87.8236 1179.73
48.7612 -221.333 1105.4
-152.335 -226.916 1144.97
-25.4821 341.314 1384.05
-37.887 48.4774 1234.28
107.419 -181.284 808.283
-350.848 -270.225 857.853
-45.8458 -85.611 1186.92
48.1943 -225.823 1114.7
-153.632 -230.381 1153.13
-24.8014 340.405 1383.9
-38.9725 56.8802 1239.91
113.917 -206.951 811.377
-355.12 -282.446 884.599
-46.5354 -84.3467 1190.69
44.5263 -228.712 1116.9
-154.437 -231.63 1155.43
-24.6262 340.342 1383.43
-38.1154 61.4773 1245.21
116.983 -224.522 807.48
-344.336 -244.103 870.438
-46.3126 -83.8185 1195.81
45.2167 -231.544 1123.56
-154.713 -232.824 1157.51
-24.3501 340.816 1384.07
-37.877 64.5472 1251.08
117.94 -236.781 809.937
-351.035 -246.703 865.32
-45.5741 -83.4107 1192.76
45.4566 -230.325 1118.62
-151.898 -232.214 1148.95
-23.68 341.014 1384.37
-37.9273 64.4483 1251.74
116.419 -243.178 807.294
-347.915 -242.952 867.835
-44.6487 -84.6128 1189.64
46.3404 -230.208 1113.29
-149.722 -232.612 1141.04
-23.0634 340.802 1384.34
-37.6066 62.1844 1252.11
117.868 -242.217 807.205
-360.05 -247.539 857.916
-44.4149 -85.8873 1187.62
46.7534 -230.785 1109.32
-148.958 -233.247 1134.77
-22.4065 340.314 1384.52
-37.7277 60.2412 1253.2
121.21 -239.066 814.524
-351.49 -247.017 860.733
-44.6445 -86.2639 1186.14
45.9042 -230.193 1108.1
-149.315 -232.157 1133.57
-22.7522 339.911 1384.67
-37.5837 58.6473 1251.44
129.226 -232.307 824.195
-359.896 -280.898 889.59
-45.0819 -85.8808 1185.93
46.1261 -229.659 1108.44
-148.731 -232.445 1133.28
-23.1003 339.658 1384.76
-38.8613 59.2901 1250.99
129.367 -221.467 814.571
-372.434 -257.81 841.228
-44.7786 -85.4035 1186.68
47.1272 -229.939 1109.84
-148.334 -232.721 1133.63
-23.4446 339.648 1384.07
-38.9541 60.5234 1251.62
132.671 -205.32 807.125
-371.165 -258.098 851.542
-44.6348 -84.91 1185.84
48.8575 -228.555 1108.57
-147.786 -232.255 1131.12
-23.5956 339.928 1384.11
-39.8052 60.5852 1251.82
131.192 -184.175 803.631
-354.545 -254.862 854.279
-44.1121 -81.3083 1182.71
53.413 -220.758 1106.63
-144.38 -224.639 1118.3
-23.5508 339.939 1384.97
-42.7408 60.082 1252.96
134.122 -162.158 802.657
-358.673 -250.729 849.961
-42.2892 -81.8876 1184.62
60.7602 -221.709 1111.75
-143.765 -227.114 1120.65
-23.661 339.856 1385.87
-43.0759 60.6366 1253.03
134.825 -131.361 805.934
-359.478 -276.486 872.475
-40.1959 -81.3645 1186.13
65.3911 -221.396 1115.38
-142.2 -227.905 1123.8
-24.1828 339.97 1386.43
-41.9876 61.9215 1252.68
135.148 -98.6285 799.987
-353.881 -250.36 855.401
-37.7665 -81.1259 1191.25
61.1164 -231.293 1122.92
-154.051 -228.707 1150.09
-24.4278 339.881 1387.8
-29.0658 67.7484 1246
173.172 -118.934 810.958
-351.521 -252.681 859.702
-39.8038 -82.5123 1193.41
61.1691 -229.604 1125.25
-154.471 -230.052 1153.91
-24.7203 339.766 1388.74
-32.9565 64.8034 1247.23
118.874 -40.0334 777.322
-353.643 -254.621 858.054
-38.9069 -84.2059 1191.63
60.4041 -232.475 1128.77
-158.946 -226.699 1158.71
-24.6712 339.124 1389.2
-28.5427 61.1751 1239.52
128.352 -15.9035 805.638
-347.445 -248.696 870.539
-44.3344 -79.2247 1194.72
50.8301 -222.651 1131.08
-162.717 -216.407 1165.66
-24.6534 338.236 1390.59
-32.7255 61.0796 1241.07
162.072 -13.2734 825.333
-363.862 -247.59 853.741
-47.7326 -80.098 1195.57
52.9544 -214.194 1136.36
-165.336 -211.232 1171.1
-24.8467 337.519 1391.89
-39.2743 52.5172 1237.41
157.918 21.3604 820.24
-367.02 -248.046 856.727
-48.7648 -85.059 1195.81
51.231 -217.718 1136.62
-162.468 -217.607 1171.24
-25.1226 336.51 1392.65
-41.911 47.5445 1237.69
165.971 49.0761 817.689
-358.683 -235.862 869.144
-47.9129 -85.3222 1195.52
49.9693 -223.199 1135.4
-160.82 -222.262 1168.97
-25.226 335.332 1393.48
-40.4004 52.0864 1238.85
170.519 75.6606 839.689
-355.547 -238.657 870.709
-48.4472 -86.5286 1192.08
47.512 -222.881 1134.77
-156.628 -222.52 1162.29
-25.271 335.796 1394.62
-42.3366 49.6435 1235.62
173.18 112.052 836.059
-355.505 -239.704 876.174
-52.3683 -99.3421 1192.41
47.9423 -235.816 1137.99
-161.999 -237.485 1169.04
-25.5912 335.662 1395.25
-47.7085 37.9663 1231.3
172.056 132.37 837.776
-358.017 -233.123 875.785
-52.0947 -97.6999 1195.22
42.4249 -236.358 1142.23
-158.481 -235.72 1170.72
-25.7577 336.302 1395.81
-46.1612 40.6394 1233.97
171.747 160.988 852.251
-355.953 -232.64 877.799
-46.8747 -87.6797 1205.98
34.3805 -243.763 1152.99
-167.021 -225.994 1191.62
-26.226 336.591 1394.73
-27.4293 59.5191 1239.65
171.007 203.015 842.429
-367.025 -230.645 869.69
-53.1636 -94.8866 1206.19
33.8879 -254.465 1150.5
-183.194 -233.039 1193.95
-25.7537 337.233 1393
-31.674 53.9787 1240.14
174.993 217.976 853.896
-348.834 -246.627 930.665
-49.3305 -93.5382 1216.02
30.6038 -259.552 1172.64
-176.026 -233.429 1201.5
-25.3764 338.611 1391.33
-25.9497 59.4142 1244.97
178.709 237.352 875.093
-356.29 -211.379 866.44
-49.3158 -93.7776 1219.96
28.9718 -262.006 1184.1
-173.666 -235.402 1205.99
-23.3272 343.84 1388.09
-26.2844 61.1488 1244.87
177.341 268.638 892.9
-354.324 -218.953 865.2
-49.216 -94.275 1221.55
28.799 -261.296 1188.19
-171.08 -235.711 1206.03
-20.9705 347.481 1387.58
-27.2917 59.9534 1245.99
182.912 283.448 910.785
-359.332 -249.613 928.044
-51.6471 -96.001 1224.63
26.5965 -262.989 1189.59
-172.03 -238.696 1205.11
-20.3288 346.336 1389.43
-30.5776 58.8408 1251.91
181.426 299.736 924.163
-339.075 -264.22 952.759
-54.4475 -94.1477 1228.02
26.9832 -260.409 1188.24
-169.062 -241.733 1197.39
-16.9111 348.826 1388.23
-37.8554 62.7755 1263.23
179.244 323.769 935.747
-356.404 -215.272 874.492
-55.1548 -92.0131 1230.25
25.7816 -258.594 1187.76
-167.529 -241.289 1195.7
-13.6566 350.935 1385.32
-39.4362 65.915 1268.77
180.15 335.924 951.303
-357.681 -218.419 885.63
-54.4569 -89.7771 1230.65
23.0793 -257.329 1186.22
-166.279 -238.62 1193.23
-8.85408 352.634 1382
-37.3139 68.4204 1271.57
195.909 318.044 964.594
-353.267 -212.873 891.453
-54.5482 -89.0929 1230.56
21.1558 -256.376 1183.69
-165.101 -237.828 1190.97
-11.3692 349.268 1383.05
-37.124 68.916 1273.79
189.606 346.856 977.661
-346.525 -208.637 885.057
-54.3287 -90.0272 1229.52
19.4205 -259.573 1184.59
-167.205 -238.504 1191.87
-7.61811 350.323 1379.38
-34.7651 68.9841 1270.81
183.261 367.818 990.645
-340.311 -207.411 903.246
-50.0016 -94.0584 1234.37
22.3903 -266.969 1198.89
-155.827 -249.306 1201.26
-9.34388 348.381 1380.17
-33.2846 70.0206 1268.66
183.873 379.187 1005.34
-357.88 -214.798 868.212
-51.2405 -90.7774 1229.26
21.3056 -261.878 1189.52
-160.464 -241.867 1192.39
-10.7145 346.73 1381.14
-32.9017 70.3177 1267.56
187.712 377.556 1015.07
-371.765 -216.523 844.598
-51.4503 -89.1089 1226.38
20.7831 -258.518 1184.13
-161.131 -237.807 1186.87
-11.1647 345.927 1381.56
-32.7267 69.9451 1267.26
189.453 379.008 1024.09
-315.546 -246.422 945.482
-47.1797 -84.1047 1227.15
19.0631 -262.653 1180.4
-162.974 -236.868 1185.82
-11.6129 345.722 1381.92
-22.4042 81.551 1271.19
191.758 389.866 1035.02
-338.769 -273.414 940.338
-45.8798 -82.2468 1224.81
17.6033 -261.885 1174.4
-163.989 -234.532 1183.57
-12.2752 346.065 1382.5
-18.5667 83.7145 1270.63
190.854 399.513 1037.9
-349.325 -285.329 940.008
-46.0673 -80.2194 1223.22
17.1389 -258.392 1171.95
-166.012 -229.45 1181.83
-12.5404 345.984 1381.8
-17.6983 83.4823 1269.55
190.733 400.786 1043.08
-360.066 -254.792 882.711
-46.6244 -82.0247 1223.07
17.2808 -258.297 1171.15
-164.613 -231.571 1183.5
-12.6557 345.937 1380.89
-19.5828 80.8843 1268.81
190.862 400.568 1042.24
-345.177 -254.939 909.416
-50.4263 -75.3349 1226.35
2.98437 -248.937 1179.64
-165.425 -218.619 1188.71
-12.4188 345.459 1380.45
-19.6324 83.1083 1268.52
189.157 396.498 1038.95
-349.098 -259.142 913.01
-50.4883 -77.5513 1224.01
9.71496 -251.402 1177.79
-166.525 -222.246 1184.21
-11.826 345.286 1379.19
-22.5717 81.7215 1267.02
186.926 396.662 1032.32
-363.548 -223.541 840.758
-45.831 -82.2036 1228.07
29.9127 -263.16 1192.37
-168.84 -233.531 1186.53
-10.5712 345.458 1378
-22.1983 83.9386 1266.69
183.62 399.806 1031.67
-363.4 -228.804 830.531
-44.053 -84.2785 1230
36.8126 -268.361 1199.88
-170.949 -237.318 1187.46
-9.70938 345.43 1376.74
-21.0377 84.2824 1266.33
177.715 395.915 1022.6
-345.4 -222.19 840.921
-44.3644 -83.7947 1230.29
35.4016 -267.687 1199.51
-171.504 -235.517 1186.22
-9.1776 345.362 1376.09
-20.6774 84.0126 1267.72
171.068 391.37 1003.38
-358.485 -236.621 836.675
-45.5588 -83.6017 1230.24
29.0668 -265.769 1195.03
-170.175 -233.12 1184.32
-8.28312 345.403 1375.58
-20.5635 82.2412 1270.81
167.18 373.486 984.812
-351.175 -244.055 878.682
-43.1561 -84.1964 1232.01
35.1962 -269.95 1197.95
-171.11 -236.049 1183.31
-7.68383 346.177 1375.05
-18.3553 84.6064 1273.38
163.566 364.421 964.289
-338.799 -254.466 898.428
-40.739 -85.9443 1233.37
40.7424 -274.358 1200.76
-171.302 -239.635 1183.02
-7.25792 347.806 1375.46
-16.1982 85.108 1274.84
160.364 350.259 941.825
-321.945 -227.114 882.777
-40.5054 -86.2408 1232.39
41.8269 -274.139 1199.93
-170.506 -240.807 1183.94
-7.27011 348.736 1375.29
-16.6714 84.991 1272.83
159.746 329.715 919.149
-360.847 -239.843 849.894
-40.411 -88.0242 1231.8
42.3058 -276.504 1198.61
-170.409 -244.035 1184.58
-6.97591 350.203 1374.64
-16.7704 84.221 1272.01
156.649 305.897 897.761
-339.623 -261.835 903.721
-44.4943 -93.5361 1231.14
43.3359 -275.497 1198.17
-171.323 -247.283 1184.37
-7.06685 350.92 1374.98
-24.9951 74.3174 1271.01
160.544 271.727 885.046
-352.574 -229.204 862.019
-45.711 -96.9156 1230.91
45.0973 -276.007 1196.15
-171.728 -250.482 1185.47
-8.19257 350.929 1375.56
-28.1065 69.4129 1271.02
156.295 222.277 882.327
-360.835 -225.097 826.127
-43.8206 -97.824 1225.38
49.0103 -275.085 1189.5
-167.633 -249.148 1169.72
-9.31111 350.381 1375.82
-28.33 66.4685 1271.15
151.301 188.042 869.658
-343.182 -258.35 898.264
-45.1454 -99.5528 1220.01
51.3464 -275.783 1185.86
-170.966 -249.01 1162
-10.8727 349.525 1375.6
-30.4811 63.2909 1266.08
155.83 156.258 855.578
-345.815 -251.972 882.508
-48.6045 -95.7119 1199.25
45.2764 -246.255 1119.81
-164.424 -241.925 1144.52
-11.6909 348.342 1374.96
-37.6351 52.6659 1266.33
159.65 124.742 816.714
-342.474 -259.632 925.288
-50.2311 -88.4784 1202.75
39.4147 -235.597 1129.6
-165.175 -228.321 1155.17
-13.2388 346.79 1375.03
-37.582 55.002 1263.12
154.951 91.9173 806.07
-366.69 -235.878 857.829
-49.5274 -83.9016 1202.96
40.8354 -228.456 1131.75
-165.559 -221.246 1160.47
-13.8465 345.959 1376.05
-36.6931 57.0481 1259.81
158.874 62.1492 802.101
-346.191 -262.097 927.704
-53.2888 -80.769 1205.28
39.4012 -226.469 1135.65
-180.83 -211.96 1170.77
-16.9075 343.8 1378.69
-35.863 57.6766 1257.36
160.993 26.0884 800.48
-354.218 -226.136 874.78
-51.5412 -84.9454 1202.08
39.9596 -227.951 1134.45
-170.924 -219.113 1168.27
-16.4873 343.436 1379.11
-37.6001 53.6415 1252.8
169.598 -80.9291 892.504
-351.149 -236.506 882.52
-50.4982 -85.477 1201.5
40.7732 -227.958 1131.42
-167.9 -220.862 1163.69
-17.2033 343.029 1381.22
-37.4329 53.456 1255.45
135.921 11.1336 744.323
-348.021 -233.268 878.404
-50.6576 -87.2519 1204.48
42.6741 -229.511 1132.03
-166.393 -224.028 1158.72
-17.4032 342.392 1381.99
-39.4557 52.2653 1263.58
149.464 -50.822 811.033
-356.179 -235.139 872.696
-49.9203 -87.2445 1201.99
44.0045 -227.823 1128.06
-165.658 -224.114 1158.16
-17.5757 341.199 1382.33
-39.014 51.4794 1260.87
157.949 -77.6313 842.592
-366.623 -238.611 862.824
-46.3427 -88.5342 1200.66
52.8964 -225.636 1125.85
-158.773 -229.453 1158.9
-19.196 338.997 1381.68
-39.7469 50.4761 1258.96
138.982 -78.9424 740.199
-365.064 -244.953 864.921
-39.1412 -96.6189 1194.69
78.2669 -225.449 1126.11
-148.101 -243.586 1154.53
-18.4749 338.078 1380.23
-43.3653 41.2796 1249.05
133.447 -100.522 737.285
-352.57 -274.077 934.127
-44.1945 -101.209 1190.76
68.7016 -239.622 1123.3
-160.219 -247.004 1149.09
-18.5785 337.489 1379.45
-42.6304 40.896 1245.32
131.272 -135.531 742.195
-347.428 -257.996 943.728
-45.8267 -99.9483 1191.29
72.4627 -236.255 1115.09
-165.707 -247.478 1143.94
-19.0973 336.674 1379.14
-45.0313 41.97 1253.07
132.555 -156.597 744.252
-365.077 -234.469 875.496
-47.6798 -90.4262 1190.1
73.4959 -218.142 1105.05
-175.834 -231.776 1147.38
-20.0848 336.608 1378.85
-44.1905 44.1071 1253.98
131.801 -169.552 745.353
-364.706 -237.281 879.285
-43.8953 -84.8384 1191.84
75.2814 -212.992 1095.48
-171.862 -231.572 1147.07
-21.1298 336.453 1378.74
-39.5002 52.6053 1262.4
130.755 -175.304 749.584
-345.328 -243.365 893.399
-43.1009 -83.7911 1195.9
72.0487 -217.459 1100.84
-167.555 -233.988 1149.92
-21.5217 336.683 1378.17
-38.4486 58.1416 1266.42
126.228 -187.051 763.785
-347.979 -285.498 931.007
-43.5398 -82.2575 1197.68
70.8139 -218.564 1103.29
-166.431 -234.698 1150.51
-22.679 336.827 1377.98
-39.271 62.1159 1268.46
128.301 -194.431 773.531
-311.497 -256.238 920.037
-43.2657 -81.4484 1193.88
69.9738 -219.005 1101.37
-164.459 -235.852 1151.75
-23.2643 336.733 1377.28
-39.2886 64.5316 1261.21
129.608 -202.536 777.539
-348.433 -285.897 920.229
-44.0598 -80.0954 1190.91
67.7983 -218.837 1101.81
-163.826 -234.048 1150.22
-24.4141 336.461 1376.3
-40.1056 66.2517 1255.81
127.753 -204.158 777.982
-349.052 -288.611 920.317
-42.0752 -82.6862 1193.65
66.7973 -223.812 1110.06
-155.142 -237.826 1150
-25.2554 336.342 1376
-39.978 65.4468 1257.28
130.904 -205.96 782.857
-349.734 -252.708 874.445
-42.3395 -85.4617 1195.09
67.7069 -228.845 1113.17
-155.165 -242.417 1150.2
-25.7838 336.321 1376.14
-40.9502 64.7077 1258.48
134.529 -206.53 778.189
-367.204 -259.507 844.961
-41.9507 -89.1428 1193.67
67.177 -231.53 1115.17
-149.484 -246.089 1147.3
-26.0229 336.31 1375.76
-42.7477 60.5239 1256.1
135.003 -200.88 780.141
-367.936 -255.746 853.747
-43.3196 -88.9569 1194.92
65.5133 -233.31 1116.53
-152.14 -246.668 1148.95
-26.2499 336.582 1376.47
-43.3257 62.0754 1257.1
137.196 -188.086 780.137
-340.728 -248.274 886.72
-45.1618 -85.598 1191.32
64.3389 -225.349 1106.57
-155.744 -241.953 1146.29
-26.5334 336.694 1377.54
-44.6207 62.4554 1256.21
136.188 -174.662 769.541
-363.117 -261.226 872.782
-45.623 -80.1768 1183.43
73.4353 -207.449 1082.73
-164.618 -236.825 1140.83
-26.5409 336.787 1378.45
-45.6545 61.7831 1255.07
140.555 -151 755.685
-347.468 -262.928 886.052
-46.5692 -77.46 1180.2
76.7318 -197.244 1071.96
-169.465 -233.922 1139.16
-26.7094 336.966 1378.68
-46.7715 60.6633 1254.85
141.949 -130.578 740.05
-348.085 -261.887 879.658
-49.8959 -75.1282 1180.7
76.5937 -190.417 1068.49
-172.252 -233.388 1137.52
-27.0599 336.683 1378.79
-51.9628 61.6462 1258.39
138.886 -106.189 735.934
-360.753 -264.949 865.725
-49.6287 -78.8577 1188.13
80.8926 -192.066 1082.46
-169.076 -239.09 1155.34
-27.2923 336.015 1378.96
-55.1658 57.863 1257.36
140.17 -78.813 724.967
-359.534 -265.486 869.427
-51.7905 -87.0388 1199.18
81.8278 -202.016 1114.23
-168.836 -242.134 1176.03
-27.7177 335.789 1379.75
-60.077 47.9971 1253.23
145.704 -59.1311 728.496
-350.336 -252.015 898.577
-52.2684 -86.4357 1202.63
72.3636 -212.291 1125.68
-168.016 -238.781 1176.4
-27.9515 335.901 1381.84
-56.7105 52.665 1254.23
133.15 -29.2835 744.634
-364.5 -246.802 868.462
-56.6348 -84.0959 1206.48
67.6671 -208.506 1134.02
-175.632 -230.851 1184.51
-27.4432 335.42 1383.17
-59.2873 51.4865 1253.7
277.095 -73.3785 825.671
-353.293 -239.61 881.933
-57.9481 -88.2412 1206.82
66.152 -212.269 1139.69
-174.495 -234.466 1188.77
-27.6663 335.198 1384.3
-61.7245 46.8852 1249.42
236.735 -63.9579 848.923
-367.199 -241.68 872.116
-57.0941 -90.6684 1214.69
67.4707 -214.889 1162.41
-171.313 -233.349 1198.05
-27.8101 334.607 1385.02
-62.2669 42.7822 1249.15
197.114 26.3213 798.219
-351.887 -226.949 880.352
-56.5323 -91.6355 1220.11
64.3672 -221.214 1171.76
-170.241 -235.118 1205.03
-28.1283 334.569 1386.06
-60.1276 44.895 1251.82
200.705 60.7745 809.878
-351.55 -228.312 877.605
-56.6645 -93.9076 1220.73
62.2771 -227.347 1166.74
-171.736 -240.471 1208.66
-28.072 335.337 1386.99
-58.5993 46.0935 1253.76
178.626 116.986 790.262
-367.518 -232.183 870.467
-56.7278 -106.098 1214.62
43.3198 -253.945 1159.72
-156.507 -261.68 1187.77
-28.2539 336.282 1386.61
-56.8618 45.6173 1255.5
196.002 147.89 807.681
-356.506 -249.184 913.398
-51.9993 -102.616 1213.14
43.8307 -249.774 1158.05
-149.348 -254.984 1178.78
-28.5567 336.633 1386
-51.24 47.1462 1257.87
204.744 179.276 823.635
-347.661 -225.79 885.954
-50.1756 -101.855 1210.41
43.9991 -248.037 1149.64
-148.53 -252.145 1169.54
-27.8742 335.582 1385.68
-48.086 46.3813 1261.24
208.579 207.444 826.412
-354.129 -219.673 879.498
-51.6008 -104.447 1208.37
43.8258 -255.103 1148.15
-150.102 -259.539 1167.46
-28.2214 335.333 1386.49
-50.0635 48.4278 1258.94
202.147 254.298 827.222
-368.343 -227.867 859.928
-51.9066 -105.938 1208.55
41.0938 -259.406 1151.14
-151.152 -261.05 1168.7
-28.0203 335.47 1386.54
-48.7843 48.3526 1257.18
204.76 285.637 840.417
-350.54 -219.658 877.227
-52.6367 -106.392 1208.39
35.9215 -261.187 1151.8
-151.733 -260.041 1168.65
-27.1075 335.308 1386.08
-47.3679 47.8307 1256.55
204.554 308.911 859.812
-340.46 -267.97 953.471
-52.7415 -105.076 1209.41
30.8023 -261.686 1154.3
-152.512 -256.974 1170.47
-25.914 336.044 1385.19
-44.6283 49.1777 1256.44
205.114 329.147 884.109
-341.332 -267.06 956.447
-46.3215 -97.8005 1215.56
28.184 -262.212 1156.63
-152.362 -250.87 1178.42
-24.6904 336.369 1383.82
-30.5537 60.9398 1263.59
204.817 345.18 910.992
-343.511 -277.861 959.611
-42.4762 -94.4689 1216.98
27.4088 -265.329 1157.84
-151.733 -250.079 1179.26
-23.5328 336.453 1382.72
-22.7903 68.7661 1265.4
204.985 358.662 933.73
-343.23 -284.166 961.353
-41.4137 -89.0829 1218.62
26.2437 -260.231 1159.7
-153.322 -242.087 1181.1
-22.2827 336.257 1382.63
-19.288 72.9933 1266.84
208.038 366.848 954.404
-347.492 -225.699 880.419
-41.4338 -86.7876 1219.47
22.7714 -258.008 1159.75
-153.824 -238.193 1181.4
-21.2777 335.664 1382.29
-17.3414 74.5253 1268.37
214.435 364.991 974.191
-348.228 -261.699 928.394
-46.2651 -89.0299 1218.25
25.9716 -245.532 1148.47
-155.899 -234.966 1182.71
-21.2093 334.152 1382.92
-27.5667 62.1894 1270.9
216.034 362.614 981.12
-331.777 -264.798 956.479
-45.3912 -86.448 1218.45
26.5405 -244.357 1146.8
-157.053 -233.258 1183.51
-20.9146 332.689 1382.9
-25.5262 65.9116 1271.74
220.42 364.161 995.589
-344.086 -253.711 939.948
-47.7641 -89.1383 1215.03
22.6317 -251.86 1144.33
-161.96 -236.779 1175.11
-20.1438 332.137 1382.34
-25.8642 66.0429 1270.34
219.906 370.263 1010.91
-346.906 -214.35 888.935
-49.5664 -90.5851 1209.66
21.8809 -254.173 1142.81
-161.199 -238.587 1165.29
-19.9449 332.383 1382.47
-29.4738 65.2095 1265.28
223.34 358.489 1021.39
-352.892 -224.181 875.106
-51.1678 -92.7841 1210.31
21.111 -256.388 1143.67
-160.739 -241.958 1163.7
-17.9648 332.712 1380.47
-32.5217 63.6047 1266.92
212.555 381.857 1034.59
-349.693 -260.589 932.918
-51.0006 -94.0732 1213.76
20.1389 -258.7 1148.35
-160.642 -244.475 1171.35
-17.8509 333.336 1380.54
-31.7496 63.4407 1267.68
211.897 384.526 1040.41
-357.513 -244.711 902.832
-52.4699 -97.8157 1219.25
20.9451 -261.575 1159.84
-158.8 -249.722 1182.46
-17.2141 333.582 1379.96
-36.0121 60.0173 1267.34
209.46 388.015 1045.73
-349.892 -225.671 888.245
-49.2752 -106.702 1220.72
37.602 -275.039 1171.68
-155.155 -267.068 1183.82
-14.9758 333.796 1378.5
-39.7738 57.6488 1263.69
210.979 393.433 1057.87
-361.08 -230.669 858.649
-55.3202 -113.084 1217.27
32.1301 -267.629 1170.75
-155.877 -262.211 1180.6
-12.7699 334.221 1377.23
-48.767 38.7523 1258.87
209.084 377.231 1057.08
-345.047 -236.467 924.716
-57.5289 -114.266 1212.49
27.9394 -261.651 1164.14
-155.018 -257.59 1176.17
-11.7627 333.39 1376.92
-51.5187 31.0891 1254.82
205.535 374.957 1051.04
-367.72 -208.878 864.808
-55.9767 -108.956 1212.57
25.3234 -260.247 1163.74
-153.907 -253.535 1175.29
-11.3871 332.415 1377.04
-47.6613 38.9785 1255.62
193.646 391.543 1048.76
-292.061 -224.207 960.08
-56.4076 -106.839 1210.65
23.9775 -257.769 1162.25
-153.373 -250.982 1173.17
-11.0421 332.919 1377.14
-48.1177 40.6977 1253.59
192.238 390.304 1039.61
-340.779 -206.001 890.794
-54.1347 -104.716 1209.01
24.2949 -253.87 1161.16
-144.398 -249.496 1169.28
-9.92328 333.71 1376.02
-48.2178 42.2517 1252.79
189.506 387.757 1031.23
-351.666 -201.81 877.105
-51.5022 -100.395 1202.72
32.3979 -247.329 1143.94
-145.051 -246.696 1158.8
-9.24057 333.786 1375.57
-46.6779 46.2226 1254.08
188.561 389.214 1013.07
-359.955 -209.76 866.339
-51.4479 -98.4354 1203.39
29.4495 -247.746 1146.19
-144.872 -244.365 1157.71
-8.56807 334.072 1374.2
-45.1845 49.1847 1254.83
185.56 383.37 999.779
-341.726 -231.042 924.599
-52.5866 -97.5649 1203.74
27.2843 -245.97 1149.57
-143.033 -242.38 1156.99
-7.62122 335.242 1373.13
-47.2986 49.0456 1254.2
179.841 374.118 981.928
-343.745 -215.568 884.058
-56.1433 -90.4381 1203.33
14.437 -237.234 1146.18
-146.981 -229.708 1156.97
-7.39328 336.163 1371.7
-46.0144 52.5948 1255.08
175.996 362.984 959.357
-320.19 -255.324 963.739
-54.5768 -90.8332 1203.58
19.6912 -238.166 1142.85
-147.998 -232.014 1156.13
-7.07467 336.646 1371.83
-45.0001 53.4236 1257.68
172.869 353.03 936.829
-325.554 -263.654 960.235
-53.9739 -90.243 1204.67
20.2435 -239.47 1139.58
-149.381 -233.784 1156.64
-6.73826 338.143 1372.03
-43.3791 56.1412 1261.23
172.618 336.659 913.281
-327.59 -268.705 957.79
-54.9682 -87.1792 1205.03
14.7753 -236.416 1136.38
-151.285 -229.365 1156.51
-6.13359 339.434 1371.76
-41.6817 58.5321 1263.62
167.863 318.213 883.503
-337.811 -215.009 901.264
-47.4254 -91.9098 1212.59
21.8589 -245.167 1149.76
-133.84 -243.618 1170.72
-6.39792 340.9 1372.25
-38.8601 60.5729 1264.93
167.169 300.286 855.305
-329.258 -269.609 960.828
-40.6959 -97.7903 1222.06
39.5334 -258.223 1173.38
-127.715 -257.97 1185.79
-7.31855 341.927 1373.08
-37.3008 62.5161 1264.54
170.633 274.296 844.82
-332.531 -274.207 950.218
-35.948 -101.528 1223.76
43.6706 -267.312 1174.89
-126.219 -267.337 1199.87
-7.7019 342.627 1374.3
-30.6218 64.2687 1260.15
160.952 249.811 820.15
-331.528 -273.828 950.899
-37.3171 -97.2039 1221.54
38.6286 -264.609 1173.64
-135.539 -258.356 1199.89
-8.62564 342.774 1374.54
-26.179 67.0745 1256.31
152.957 207.394 816.319
-349.522 -231.127 883.624
-38.3479 -96.9898 1219.84
36.0367 -262.819 1173.54
-136.85 -255.241 1199.1
-10.0915 342.949 1374.68
-26.2892 65.0503 1253.36
155.022 163.773 811.229
-336.488 -272.863 946.192
-43.0867 -99.7153 1223.28
37.1838 -270.683 1195.82
-144.755 -260.443 1207.22
-10.7304 342.24 1374.93
-32.388 66.1324 1245.04
169.001 119.034 828.47
-353.365 -230.161 862.232
-38.791 -99.4573 1215.19
37.4836 -266.6 1183.57
-130.245 -260.094 1190.99
-11.0467 340.895 1375.38
-31.201 64.4325 1243.09
176.884 87.3526 823.344
-355.168 -236.518 863.693
-39.4157 -99.8119 1209.4
38.4734 -262.367 1177.03
-129.457 -256.633 1180.45
-12.0262 339.996 1376.04
-33.3394 59.8765 1240.06
168.95 49.587 815.355
-366.082 -227.97 862.742
-38.539 -107.908 1199.06
49.6146 -257.292 1161.12
-132.754 -255.85 1171.44
-14.9158 339.147 1378.62
-35.5084 40.7551 1231.84
158.976 10.9787 796.003
-318.444 -225.009 928.273
-38.7199 -117.381 1187.87
53.3465 -258.274 1152.88
-136.839 -257.881 1174.32
-15.4233 337.97 1378.48
-35.6937 23.3161 1212.14
138.467 -8.60572 787.779
-356.397 -214.591 877.405
-41.3647 -108.622 1189.06
54.2714 -252.468 1146.36
-142.903 -253.526 1170.24
-17.1629 336.826 1380.54
-38.4136 35.7541 1219.83
141.59 -33.6419 776.803
-364.241 -242.157 861.906
-41.6574 -103.398 1190.16
57.5903 -248.749 1144.66
-147.734 -249.392 1168.22
-18.2202 335.197 1382.25
-38.2431 42.2731 1223.89
161.889 -101.448 824.958
-368.898 -232.022 855.232
-42.478 -99.6082 1192.02
58.9385 -244.108 1140.6
-149.683 -246.833 1166.7
-19.0329 333.867 1383.47
-39.5836 46.254 1230.38
128.647 -87.0284 748.441
-352.785 -225.104 877.604
-43.3657 -102.28 1192.94
59.799 -240.141 1135.57
-148.992 -247.672 1167.58
-19.4796 333.651 1382.45
-42.1347 39.3454 1234.3
131.359 -118.516 758.645
-366.877 -239.209 848.128
-43.8559 -108.558 1180.32
56.7403 -239.664 1114.92
-145.435 -251.727 1152.57
-20.0373 332.964 1381.85
-43.3643 28.5786 1226.9
126.964 -130.149 770
-307.235 -244.615 924.302
-47.5807 -94.7748 1179.07
50.968 -219.194 1103.96
-139.545 -237.876 1135.5
-20.7892 332.112 1381.37
-50.8728 38.9854 1238.41
135.092 -160.415 770.738
-342.259 -300.62 941.357
-42.5906 -86.834 1179.82
52.4182 -217.053 1104.02
-134.975 -231.233 1131.42
-20.3448 331.808 1381.67
-43.9031 50.4749 1241.92
132.749 -184.404 787.175
-347.963 -247.66 861.892
-42.382 -82.7732 1178.51
50.7486 -217.602 1101.8
-137.485 -228.066 1127.7
-19.4665 331.937 1381.88
-41.3958 57.2879 1242.27
132.626 -210.338 797.661
-361.55 -263.442 848.319
-42.2358 -79.8706 1179.37
50.3342 -218.424 1105.41
-140.428 -224.61 1127.93
-19.6305 332.704 1381.93
-39.4247 61.7758 1242.07
130.414 -237.711 808.016
-345.884 -287.215 907.421
-42.4972 -78.8901 1179.88
49.9914 -220.316 1107.68
-143.546 -223.421 1128.22
-19.6234 333.205 1382.34
-38.217 64.0886 1241.81
133.022 -260.681 833.666
-345.11 -282.727 909.092
-42.2885 -78.3897 1180.54
49.2473 -221.751 1107.66
-145.581 -222.558 1127.73
-20.0565 333.697 1382.87
-36.4103 65.3751 1243.38
132.755 -283.004 832.318
-353.956 -257.165 856.619
-45.8973 -80.0574 1185.98
44.4629 -228.315 1113.44
-151.661 -226.451 1133.16
-20.7212 334.305 1383.19
-38.1954 67.2683 1248.66
128.932 -297.681 852.461
-302.314 -239.816 904.164
-45.9955 -83.2288 1185.26
44.7698 -228.864 1112.4
-149.621 -229.627 1134.41
-20.6512 333.996 1383.7
-39.5652 62.7881 1247.12
123.066 -307.867 851.002
-320.738 -249.026 893.737
-48.8531 -88.2885 1186.38
43.4287 -234.046 1118.18
-150.268 -235.84 1137.84
-20.672 333.467 1383.75
-44.2864 58.366 1244.76
109.142 -325.599 872.211
-347.176 -243.645 866.389
-49.9699 -91.38 1188.57
40.9564 -241.915 1122.83
-153.234 -240.382 1139.74
-20.6485 332.693 1383.67
-43.8012 58.388 1245.86
105.607 -329.978 871.375
-344.055 -233.867 855.929
-51.82 -94.563 1191.06
39.0765 -248.409 1125.12
-159.833 -245.133 1147
-20.1715 332.274 1383.22
-43.2617 57.6449 1246.06
115.023 -320.604 848.384
-355.558 -247.82 859.784
-51.5925 -95.5341 1192.81
39.2386 -249.748 1127.72
-160.037 -246.616 1151.79
-19.9292 332.368 1382.67
-42.7859 57.1138 1245.86
107.087 -328.944 852.852
-342.509 -242.093 859.2
-51.7033 -96.5323 1194.88
37.7758 -252.569 1131.04
-159.83 -248.571 1154.6
-19.6965 332.721 1382.89
-42.3796 57.5055 1246.95
114.818 -313.34 840.43
-344.183 -241.409 870.229
-51.3743 -96.1779 1194.44
37.2074 -251.412 1131.67
-157.931 -246.724 1151.24
-20.1204 333.006 1383.05
-42.3866 56.7121 1247.43
110.754 -303.696 840.255
-349.005 -260.948 888.661
-52.0884 -96.796 1196.27
36.3964 -254.171 1134.52
-159.092 -248.02 1150.54
-20.5597 333.298 1382.73
-42.8292 57.5035 1250.01
123.212 -299.965 826.259
-360.316 -248.381 823.965
-51.1578 -95.3718 1196.07
38.0523 -252.02 1131.8
-158.8 -246.213 1148.24
-21.1031 333.519 1382.45
-41.9419 58.3727 1252.12
122.225 -281.48 819.164
-354.118 -244.709 839.704
-50.1223 -94.8258 1191.45
40.4803 -250.569 1126.07
-157.266 -244.131 1136.97
-21.1052 333.527 1382.63
-41.8521 57.6981 1251.37
121.651 -262.738 819.838
-341.533 -231.205 857.423
-49.1296 -92.284 1187.96
44.099 -242.135 1117.44
-156.265 -240.21 1135.42
-21.2791 333.368 1382.28
-42.1763 56.6042 1249.49
137.843 -243.146 819.142
-359.11 -241.099 855.732
-48.46 -88.3393 1185.34
47.1456 -235.117 1112.02
-156.005 -234.754 1130.05
-21.3378 332.938 1382.43
-42.4901 58.2567 1249.65
138.676 -214.834 806.886
-343.05 -276.025 909.242
-45.8863 -80.9043 1183.94
56.5907 -219.514 1107.37
-154.656 -224.189 1127.23
-21.4706 332.627 1382.13
-42.7398 60.0429 1250.58
138.633 -179.885 791.572
-344.035 -239.074 860.047
-43.3263 -74.8353 1185.17
70.6151 -206.61 1104.07
-156.479 -219.545 1128.78
-21.9644 332.931 1381.72
-43.7205 63.4068 1253.92
143.014 -148.944 770.911
-356.904 -257.545 863.26
-41.8609 -78.3398 1183.14
74.452 -198.798 1090.72
-154.883 -220.853 1124.01
-22.4388 332.789 1381.53
-43.5061 53.146 1258.92
138.995 -115.045 770.263
-349.498 -277.83 901.741
-37.7591 -79.8801 1182.1
72.4394 -198.523 1085.6
-152.994 -215.991 1121.05
-22.7131 332.709 1380.82
-35.2407 47.4968 1260.88
123.139 -79.7414 771.718
-342.339 -278.791 923.082
-39.895 -78.3241 1181.88
67.1728 -203.331 1091.03
-150.825 -216.688 1119.48
-23.2625 332.841 1380.7
-37.9639 53.361 1258.51
142.032 -39.8513 756.766
-350.792 -248.279 866.144
-43.0267 -76.8887 1189.12
52.9338 -208.46 1105.2
-148.651 -213.131 1127.12
-23.8755 333.063 1380.24
-38.195 57.0178 1262.07
137.242 -7.22789 773.184
-343.814 -235.095 872.878
-44.0916 -76.1679 1197.05
48.5094 -212.305 1116.42
-148.847 -210.404 1129.11
-23.7796 332.76 1380.25
-38.0147 59.0188 1271.34
182.441 -6.64896 821.014
-357.022 -232.409 870.587
-44.8826 -77.4434 1198.45
48.8701 -211.453 1119.27
-150.892 -210.208 1134.01
-24.2318 332.774 1380.58
-38.7544 55.9438 1270.26
197.658 24.1214 821.909
-341.637 -231.387 883.995
-48.5151 -89.3854 1205.44
42.389 -223.018 1142.01
-149.453 -218.768 1148.72
-24.8423 332.935 1381
-43.4981 42.1224 1265.51
199.758 52.8361 821.945
-347.805 -241.037 913.778
-52.1729 -100.115 1212.23
39.2911 -233.853 1159.19
-149.363 -232.949 1167.8
-25.1699 332.185 1381.46
-49.3101 33.1712 1260.97
200.941 85.1709 820.806
-344.783 -211.849 887.883
-53.6853 -106.176 1218.06
39.7307 -246.783 1171.89
-154.426 -245.068 1183.58
-25.559 332.319 1382.08
-50.0231 33.5732 1258.39
201.652 121.931 821.388
-340.77 -258.095 959.408
-55.0584 -109.763 1218.3
38.8096 -252.352 1172.86
-156.595 -251.321 1188.99
-25.9452 332.654 1382.47
-51.224 32.3105 1255.67
209.038 156.247 830.197
-355.424 -228.617 914.131
-52.1116 -104.907 1221.29
37.7291 -257.856 1177.45
-159.543 -251.185 1200.12
-25.7948 334.065 1382.81
-43.3163 44.7068 1253.8
204.918 197.3 828.774
-360.621 -213.711 876.702
-53.0194 -106.565 1217.88
40.1119 -255.592 1172.84
-164.33 -248.569 1199.02
-25.7815 336.019 1384.07
-43.9297 38.9508 1249.84
197.281 245.855 814.939
-369.911 -225.863 877.271
-53.2862 -113.06 1211.18
41.7376 -257.586 1176.52
-166.182 -247.547 1194.27
-25.7112 336.3 1383.62
-44.3503 26.4471 1236.96
199.585 262.053 823.843
-374.745 -199.953 874.229
-53.0147 -112.38 1212.67
39.5541 -259.362 1176.29
-163.378 -250.014 1193.36
-24.4453 336.571 1382.72
-44.1174 29.9273 1240.51
201.006 290.419 847.626
-358.958 -222.89 940.65
-52.059 -115.205 1201.07
35.0359 -263.493 1166.48
-155.769 -253.203 1169.89
-23.3852 336.448 1382.64
-43.7513 27.9382 1233.95
205.407 304.226 879.847
-362.273 -222.147 928.754
-48.6737 -105.392 1201.24
27.1926 -266.6 1154.01
-168.298 -240.393 1163.31
-22.4603 335.813 1382.88
-26.7949 42.7113 1243.82
196.594 326.511 905.723
-330.533 -205.568 930.829
-52.3285 -95.5976 1198.79
7.52416 -244.354 1140.17
-153.434 -227.213 1158.76
-21.1383 334.549 1383.08
-31.7019 44.5886 1248.12
198.867 347.627 917.788
-361.998 -225.487 920.51
-48.9112 -91.2877 1206.9
12.795 -243.798 1145.98
-145.333 -231.625 1164.63
-19.7053 334.307 1383.54
-31.5533 55.1365 1258.49
202.538 371.741 948.887
-351.999 -226.911 898.34
-48.0876 -94.4895 1220.23
19.6137 -255.767 1175.54
-153.153 -235.699 1180.08
-18.5562 333.738 1384.16
-29.4055 56.7543 1262.65
209.467 368.374 992.622
-376.278 -223.381 846.335
-47.6616 -95.0252 1221.57
20.6619 -260.14 1183.96
-158.195 -234.503 1180.65
-17.4253 334.42 1384.66
-26.5569 57.2713 1260.84
211.762 362.718 1016.02
-357.359 -209.021 868.45
-47.897 -93.5897 1223.23
23.0249 -260.988 1185.72
-160.072 -235.303 1180.88
-16.4655 335.469 1385.22
-27.2704 60.9661 1263.16
215.614 366.771 1032.17
-353.616 -243.474 905.061
-48.1256 -93.7631 1222.18
28.1805 -264.323 1186.38
-163.755 -237.726 1176.37
-16.1966 336.177 1385.86
-28.4638 63.4982 1262.98
217.866 369.641 1047.35
-355.648 -242.823 902.952
-52.0914 -101.621 1216.14
32.8744 -265.063 1192.67
-163.644 -243.019 1170.91
-15.5471 335.824 1386.36
-38.7977 50.799 1250.49
215.481 365.929 1055.91
-367.348 -205.943 865.204
-47.0057 -106.974 1225.46
53.0821 -272.191 1205.71
-161.084 -257.301 1179.72
-15.7035 335.428 1387.31
-40.0103 50.7978 1258.2
214.969 377.859 1074.25
-371.215 -207.996 826.419
-46.5844 -103.68 1225.84
46.1131 -270.541 1203.48
-157.795 -254.272 1182.37
-15.0165 334.976 1387.12
-37.3276 55.0455 1258.75
212.825 383.17 1077.97
-360.296 -210.648 862.528
-47.6619 -104.353 1225.24
45.4722 -270.132 1204.49
-156.189 -256.303 1183.77
-14.4354 334.75 1387.09
-39.9653 54.5118 1256.35
212.547 385.893 1079.97
-363.398 -238.285 881.227
-50.3584 -106.218 1224.9
44.233 -268.967 1200.62
-156.888 -257.266 1181.77
-13.7033 333.419 1386.57
-44.3893 50.6799 1258.6
213.742 387.019 1082.58
-326.625 -208.822 895.208
-49.5659 -105.964 1216.67
42.6018 -265.027 1181.65
-153.789 -253.561 1167.93
-12.957 332.504 1385.49
-43.5384 47.3671 1258.56
216.871 375.929 1079.7
-357.55 -230.376 881.787
-53.024 -102.643 1208.21
27.6746 -254.979 1159.16
-151.347 -245.143 1161.84
-12.6792 332.055 1384.87
-44.2117 44.7741 1255.92
215.418 376.287 1060.1
-363.668 -214.349 877.709
-54.8652 -100.127 1206.11
19.92 -251.512 1151.15
-152.246 -241.396 1160.38
-12.0167 332.853 1385.55
-43.5676 46.1998 1256.45
213.938 377.481 1050.01
-295.162 -223.47 958.229
-54.3859 -97.2662 1206.15
17.9833 -247.249 1152.09
-148.534 -237.053 1158.71
-12.3522 333.732 1385.44
-43.4966 47.6186 1256.91
210.359 377.306 1046.06
-358.653 -215.757 876.118
-51.8916 -95.3898 1211.41
23.2344 -250.113 1156.9
-149.476 -239.626 1164.21
-12.2582 333.674 1383.64
-40.6624 54.0901 1262.26
209.636 380.944 1042.05
-352.347 -214.157 862.47
-47.5978 -92.8088 1216.66
25.001 -251.767 1156.39
-149.473 -239.553 1169.13
-12.2682 333.264 1382.25
-32.9593 60.042 1270.56
206.691 380.956 1032.3
-315.682 -215.368 912.716
-42.118 -83.1247 1229.29
33.5722 -240.681 1168.1
-148.155 -227.706 1182.93
-12.0581 333.22 1381.25
-26.9448 67.9441 1283.07
206.378 368.312 1015.81
-300.542 -246.093 949.397
-43.0585 -87.4112 1227.38
30.7564 -244.113 1167.85
-142.232 -234.994 1183.42
-11.6882 333.193 1380.03
-30.3793 64.7312 1279.13
205.252 362.343 1000.06
-345.749 -212.412 870.845
-45.8565 -90.3148 1222.69
27.7616 -245.886 1164.63
-145.064 -235.709 1177.85
-11.7723 333.141 1379.07
-33.0617 60.1681 1274.14
203.283 349.434 982.185
-359.655 -224.569 859.087
-45.4446 -91.5177 1221.18
29.8586 -247.622 1165.21
-143.843 -237.63 1174.91
-11.6892 333.349 1379.22
-33.8969 59.5905 1272.3
195.015 345.836 962.662
-361.001 -219.934 858.483
-46.8664 -96.0097 1217.99
29.3603 -249.683 1168.24
-141.387 -240.835 1173.35
-12.0726 333.509 1379.19
-37.7193 53.2396 1265.19
191.912 326.347 935.442
-349.74 -217.308 874.066
-48.6382 -94.1852 1226.25
27.0075 -249.033 1177.88
-148.336 -239.088 1193.04
-12.0521 334.699 1378.87
-36.6119 55.6902 1267.04
184.032 313.838 900.629
-356.014 -241.825 904.711
-48.6326 -95.1133 1230.57
28.5705 -252.277 1182.6
-152.646 -241.728 1205.14
-10.9258 336.167 1378.33
-35.2273 56.7756 1267.27
182.59 297.997 861.943
-354.484 -244.607 909.695
-46.2171 -91.3045 1224.39
41.8883 -246.758 1163.7
-157.608 -241.981 1202.03
-11.5225 337.053 1378.83
-34.5743 61.7607 1265.91
177.588 273.253 834.002
-121.911 -387.806 982.355
-45.5062 -88.3595 1223.42
47.0207 -243.997 1163.51
-159.314 -239.732 1200.88
-13.0612 337.23 1379.82
-34.8657 65.1455 1264.64
167.909 234.263 836.021
-343.535 -232.392 903.909
-45.1397 -90.6917 1225.3
44.3115 -246.116 1169.59
-155.007 -241.199 1202.08
-14.35 338.337 1379.87
-34.9318 62.2739 1264.77
164.395 187.935 830.083
-343.025 -268.23 943.834
-46.0158 -91.3432 1221.97
44.8429 -244.375 1171.42
-153.841 -239.94 1199.12
-15.52 338.425 1380.49
-37.5326 59.471 1258.68
169.936 138.246 824.211
-345.189 -261.308 944.848
-42.6962 -89.4388 1215.96
48.5234 -240.692 1165.01
-145.381 -239.367 1188.17
-16.5838 338.29 1380.36
-36.9637 61.152 1255.32
166.727 104.587 815.837
-352.105 -240.152 888.855
-43.0972 -89.4108 1216.88
49.426 -240.787 1163.6
-147.543 -240.003 1189.92
-17.203 338.125 1380.42
-37.1359 61.5737 1256.99
164.977 63.4603 804.438
-353.276 -234.296 890.573
-43.5944 -92.729 1217.81
53.3184 -246.89 1162.7
-153.346 -246.379 1194.54
-17.2098 336.98 1380.71
-37.1752 61.1768 1257
159.038 31.8566 791.361
-345.37 -263.398 937.476
-42.0798 -97.6894 1213.32
51.326 -243.718 1159.12
-149.897 -241.399 1186.68
-16.9148 336.174 1381.12
-34.8743 47.1799 1253.74
151.412 7.49149 791.459
-366.374 -247.815 865.516
-44.8005 -92.8409 1205
44.0744 -232.161 1143.38
-154.162 -225.442 1165.47
-17.5861 335.992 1381.18
-34.5572 43.12 1255.58
143.943 -17.3522 783.022
-361.282 -247.018 883.506
-44.0249 -83.6891 1209.54
54.6441 -218.784 1150.13
-156.81 -216.59 1175.88
-17.8287 335.611 1382.29
-36.967 50.3087 1256.07
137.093 -47.234 740.738
-350.127 -233.778 882.124
-43.3516 -80.6798 1213.95
50.3493 -221.638 1143.9
-156.072 -218.939 1172.29
-17.6905 335.076 1382.96
-33.8415 58.929 1269.81
177.154 -99.1842 785.8
-367.734 -239.558 858.952
-44.9041 -80.4164 1221.81
50.3341 -225.6 1148.42
-166.528 -220.886 1190.02
-17.6999 334.03 1384.42
-31.7113 62.41 1274.4
141.577 -101.647 754.525
-348.896 -237.897 876.956
-44.5163 -84.6241 1213.63
57.7584 -229.084 1148.19
-160.989 -229.345 1180.44
-17.7448 332.729 1385.47
-37.4172 59.9661 1262.96
141.95 -131.508 761.607
-366.121 -241.968 850.625
-47.4064 -86.9249 1201.24
56.7272 -225.383 1127.35
-162.897 -233.091 1173.45
-17.7472 331.952 1386.35
-41.7278 55.3872 1252.09
136.115 -153.426 758.907
-122.486 -399.06 962.303
-41.6365 -81.613 1199.5
78.3265 -210.217 1122.41
-161.548 -227.891 1166.4
-17.5716 331.125 1386.27
-41.6622 55.8281 1254.59
131.202 -175.571 761.672
-349.238 -275.303 911.366
-40.7507 -79.1924 1188.76
72.9678 -206.929 1108.49
-152.118 -221.533 1133.74
-17.6239 330.619 1386.51
-41.9264 55.8462 1256.41
131.205 -202.786 778.889
-309.541 -248.061 931.064
-38.9391 -81.1236 1187.47
71.6499 -211.003 1106.73
-145.131 -225.153 1127.5
-17.0619 329.811 1387.09
-41.1375 55.8312 1257.82
121.75 -227.346 790.643
-347.846 -248.558 872.865
-38.8677 -83.009 1184.77
70.0625 -216.071 1104.36
-143.901 -227.512 1120.55
-16.8024 329.265 1387.13
-40.8162 55.7738 1257.09
120.035 -249.987 802.073
-350.233 -250.781 871.692
-38.7831 -84.1174 1184.4
67.4784 -220.076 1106.29
-141.854 -228.292 1117.56
-16.5461 329.156 1387.88
-40.3782 55.9492 1256.89
114.246 -271.091 812.301
-341.721 -276.438 909.747
-40.0554 -90.6735 1187.48
57.8256 -238.791 1119.63
-140.7 -238.185 1122.4
-16.3627 328.976 1388.19
-38.6737 57.141 1253.94
114.746 -299.45 817.658
-352.663 -243.371 855.2
-43.2699 -94.9429 1187.77
50.1294 -246.355 1121.75
-142.504 -243.7 1124.28
-16.4812 328.255 1387.87
-40.3524 55.1417 1252.52
108.305 -305.994 833.694
-346.762 -280.913 908.97
-43.7211 -97.4243 1189.06
49.1309 -251.111 1125.68
-142.272 -248.389 1127.78
-17.2564 328.401 1387.61
-40.8717 54.9012 1251.38
102.449 -319.285 864.11
-345.521 -238.478 852.863
-44.1867 -97.3522 1190.59
45.4782 -252.053 1128.17
-142.908 -247.795 1131.52
-17.7997 328.089 1386.91
-39.6587 55.2195 1251.33
95.3603 -321.789 866.606
-340.694 -233.319 859.889
-44.6727 -100.133 1194.7
43.7811 -255.789 1134.49
-142.226 -253.683 1143.87
-17.8905 328.03 1385.97
-40.1231 54.4708 1250.22
107.458 -312.106 845.18
-346.823 -238.783 858.687
-44.6011 -100.813 1196.82
43.7639 -257.861 1137.45
-141.899 -256.461 1148.82
-17.9348 328.279 1384.77
-40.1349 55.5353 1250.5
103.406 -311.54 841.996
-319.757 -249.714 909.791
-44.7628 -101.148 1198.78
44.2549 -258.779 1141.06
-142.526 -257.384 1152.56
-18.2189 329.731 1384.73
-40.3902 55.785 1250.74
108.253 -305.674 838.896
-343.279 -279.741 912.588
-45.6387 -101.145 1198.65
44.9229 -258.661 1141.79
-145.986 -256.531 1153.58
-18.5329 330.693 1384.78
-40.746 55.3054 1249.61
114.494 -300.724 827.002
-351.17 -249.923 857.069
-45.9407 -102.621 1198.5
45.5469 -259.768 1142
-148.494 -257.742 1157.54
-18.7125 332.561 1384.55
-40.4078 53.5132 1247.23
119.356 -285.507 820.088
-343.015 -277.328 908.351
-45.7726 -103.702 1197.37
45.7427 -260.817 1140.41
-149.161 -259.012 1158.72
-18.7156 333.323 1384.76
-39.8358 52.5096 1245.17
119.957 -265.882 813.633
-293.661 -256.661 931.691
-46.129 -104.069 1195.09
45.4769 -261.328 1138.27
-149.828 -259.407 1156.79
-19.1991 334.323 1382.83
-40.0826 52.2292 1242.65
128.972 -244.54 810.951
-345.287 -244.738 863.666
-46.1459 -104.16 1194.34
45.7606 -261.418 1137.18
-148.97 -260.026 1154.63
-19.4114 334.634 1382.22
-40.6869 52.4019 1242.77
132.26 -218.892 801.392
-351.733 -242.528 856.547
-46.307 -96.2523 1187.56
47.4133 -248.966 1128.95
-143.093 -249.534 1135.82
-20.2297 335.195 1382.4
-44.7741 56.7455 1242.73
138.929 -196.527 799.651
-347.117 -234.89 849.007
-47.3672 -71.83 1175.96
54.3841 -193.511 1087.07
-144.808 -213.974 1117.99
-21.3485 335.486 1381.75
-49.5225 60.0825 1249.39
144.176 -150.288 767.199
-347.311 -272.682 900.907
-45.2969 -74.6381 1171.15
60.1172 -191.134 1079.95
-144.319 -215.023 1112.1
-21.8777 335.725 1381.94
-48.4929 53.8023 1246.27
143.918 -111.48 758.895
-342.02 -247.87 869.281
-43.6559 -84.8405 1171.79
64.1035 -207.635 1086.18
-140.085 -230.04 1111.48
-22.2518 335.449 1381.91
-49.3208 49.1565 1244.75
135.874 -75.2614 759.38
-349.683 -257.405 862.78
-44.7139 -83.9999 1174.59
63.0304 -206.481 1086.33
-142.784 -228.86 1112.96
-23.1966 335.793 1381.57
-49.5509 49.6709 1249.54
121.689 -35.5759 771.653
-348.485 -252.086 878.682
-46.1674 -84.3371 1193.12
51.3779 -211.305 1115.21
-141.207 -226.69 1144.04
-23.6336 336.635 1381.12
-47.4202 50.3234 1256.61
149.176 -26.1043 798.359
-352.935 -231.025 877.448
-47.0887 -87.7335 1201.86
47.6812 -217.068 1130.24
-145.489 -227.681 1162.23
-24.1551 336.527 1381.41
-45.2733 46.9072 1257.49
173.765 7.45549 790.586
-361.729 -230.647 871.436
-45.463 -87.9018 1197.78
46.5607 -222.892 1134.85
-147.269 -228.683 1176.18
-24.1538 336.394 1382.12
-40.5718 49.9841 1240.05
198.671 40.8523 798.185
-350.324 -224.794 877.12
-44.8498 -90.661 1205.97
44.1314 -238.363 1156.71
-143.445 -238.169 1179.89
-24.7781 337.133 1382.48
-40.0428 56.9439 1243.63
207.837 89.4036 810.633
-347.852 -233.073 873.393
-42.0378 -94.2875 1204.91
44.6 -248.391 1166.38
-140.797 -244.575 1184.94
-25.7124 337.984 1382.38
-35.977 57.9078 1234.15
202.629 134.56 830.298
-365.029 -235.966 844.359
-38.9481 -97.9725 1210.77
52.8198 -256.939 1175.84
-138.431 -254.652 1189.18
-26.5958 339.257 1383.46
-35.0904 59.8504 1239.03
217.635 163.384 850.31
-366.071 -240.349 842.329
-39.1513 -101.784 1212.03
55.3324 -257.938 1175.1
-136.247 -258.925 1188.49
-27.3085 339.113 1384.29
-37.8452 54.8633 1242.27
217.886 201.937 853.712
-361.841 -239.619 863.321
-38.2839 -103.553 1212.64
55.7959 -260.877 1175.35
-137.051 -260.747 1189.68
-27.1368 338.483 1384.64
-35.9402 53.7051 1242.75
209.181 251.89 841.89
-330.004 -233.26 892.033
-38.2896 -107.463 1218.01
43.2699 -273.353 1181.92
-139.984 -263.183 1188.29
-26.8624 337.199 1385.06
-28.2219 53.3422 1250.91
213.044 275.672 858.941
-332.947 -279.665 936.351
-36.6528 -107.725 1214.57
44.1654 -271.927 1176.05
-136.034 -260.216 1171.59
-26.7728 337.064 1385.84
-27.3712 50.6224 1255.32
213.199 308.351 877.085
-332.86 -278.191 932.198
-36.3445 -109.114 1219.31
48.0283 -275.869 1181.38
-139.247 -263.347 1174.72
-19.6607 332.653 1385.24
-27.0799 51.3803 1260.57
213.159 330.367 897.431
-335.213 -280.002 939.09
-41.7421 -107.421 1220.73
43.5695 -279.345 1182.37
-149.402 -263.143 1171.06
-21.0601 334.313 1384.5
-30.5679 56.4022 1264.75
215.215 336.526 926.546
-337.891 -275.207 936.168
-48.1993 -99.0649 1221.15
35.809 -270.919 1182.94
-168.847 -244.148 1171.69
-21.4693 335.265 1384.65
-29.8797 59.4035 1264.99
214.913 344.831 947.335
-357.209 -235.781 893.116
-51.5735 -90.2646 1219.95
23.4008 -258.124 1175.22
-166.089 -232.826 1171.36
-21.9448 335.293 1384.12
-31.8028 64.9456 1266.62
217.87 352.225 962.11
-352.769 -242.885 922.644
-52.0569 -86.0129 1222.99
22.0249 -250.749 1179.91
-161.94 -228.433 1176.9
-22.0711 335.004 1384.42
-34.1564 67.5651 1267.58
220.345 362.469 980.842
-351.338 -245.61 923.512
-53.5101 -86.3927 1218.93
16.3497 -249.923 1172.18
-161.235 -228.395 1173.78
-21.1466 334.348 1384.61
-34.5776 66.3737 1264.88
217.656 376.862 994.551
-365.47 -225.196 878.038
-52.5611 -88.3765 1217.52
17.054 -252.269 1173.35
-158.32 -232.026 1174.65
-20.4607 333.63 1384.77
-34.4891 65.3941 1261.04
217.644 387.049 1014.62
-369.601 -223.54 858.406
-52.4444 -87.1272 1217.67
18.8836 -252.453 1174.64
-157.186 -233.352 1173.86
-19.2474 333.614 1385.03
-35.7376 68.6484 1261.09
214.474 399.647 1028.88
-353.014 -263.498 929.798
-52.3159 -87.2206 1213.4
19.3948 -251.077 1165.47
-157.017 -233.152 1168.34
-17.7149 334.075 1383.97
-35.8208 67.6729 1259.9
214.006 403.958 1041.39
-358.534 -266.225 924.1
-50.7784 -84.0717 1212.46
19.5139 -246.059 1164.02
-153.001 -229.241 1167.7
-9.83758 335.471 1380.19
-34.8134 69.507 1259.06
216.094 402.451 1053.84
-358.776 -236.383 876.54
-50.8029 -81.3474 1211.87
19.4233 -242.182 1160.42
-152.68 -226.205 1166.22
-12.1843 334.675 1381.71
-34.9777 71.4984 1260.42
214.302 406.433 1061.43
-349.413 -271.047 930.399
-52.7203 -73.9106 1217.2
16.4916 -230.003 1162.45
-158.167 -213.763 1178.8
-12.4919 334.51 1383.39
-34.6031 74.0618 1263.77
214.684 397.954 1055.94
-360.753 -236.814 877.006
-50.5478 -78.7559 1225.58
24.9292 -236.283 1171.47
-159.051 -223.216 1197.35
-10.497 335.324 1383.74
-34.0345 72.2377 1266.75
213.561 402.028 1051.4
-293.656 -236.238 949.927
-47.8702 -81.8928 1232.99
30.2407 -236.021 1169.61
-160.364 -225.875 1210.88
-8.66446 336.021 1384.27
-30.6789 67.1627 1275.74
207.456 401.412 1048.88
-349.499 -230.4 893.564
-47.2747 -82.8955 1237.39
29.7 -235.667 1168.85
-164.084 -224.369 1220.01
-8.57966 336.039 1384.21
-27.3575 64.227 1280.35
201.557 399.108 1044.32
-347.594 -272.813 948.765
-54.5703 -78.0988 1234.8
15.1735 -226.174 1152.66
-177.18 -213.754 1224.65
-7.51099 335.632 1384.14
-28.1374 63.7663 1280.95
193.794 397.564 1025.42
-277.119 -265.304 995.105
-56.1641 -79.2655 1239.34
10.191 -228.732 1164.51
-177.475 -211.807 1231.68
-6.83956 335.207 1384.53
-28.6863 61.7385 1280.58
189.613 388.379 1020.47
-315.074 -281.491 984.205
-55.0406 -81.1123 1239.09
12.3679 -230.741 1169.14
-172.165 -215.294 1228.98
-5.14443 334.783 1384.46
-30.1825 60.7932 1279.11
191.013 382.114 1013.2
-353.308 -228.657 884.78
-55.3075 -79.508 1233.48
8.18056 -235.516 1177.77
-169.926 -214.371 1221.36
-4.19683 334.885 1384
-29.7421 65.9274 1267.39
191.099 376.301 1001.02
-357.409 -221.265 887.67
-54.5917 -79.8649 1236.01
10.8026 -236.711 1178.29
-168.673 -217.813 1223.18
-4.28627 335.474 1383.14
-30.248 67.5319 1271.28
188.221 374.622 990.027
-296.374 -211.242 949.898
-55.1239 -72.5451 1234.74
6.84608 -230.252 1174.62
-170.718 -208.749 1214.41
-3.71005 336.405 1381.82
-28.3118 74.4105 1274.97
183.942 371.201 978.033
-360.398 -236.843 875.153
-53.8718 -73.6799 1238.94
8.92084 -235.949 1179.97
-168.105 -216.301 1219.91
-3.79364 338.074 1381.03
-28.1514 78.7653 1277.95
180.174 368.565 958.214
-331.419 -287.562 967.121
-51.8641 -80.5418 1243.09
15.1567 -246.404 1195.49
-163.803 -226.445 1221.88
-3.71491 339.005 1380.87
-29.405 75.3407 1277.5
181.577 350.201 943.805
-332.16 -278.443 957.526
-44.572 -87.6499 1245.41
40.6368 -260.452 1203.97
-161.023 -245.288 1224.73
-3.46123 339.927 1381.44
-28.9506 77.5706 1276.47
180.026 340.896 920.478
-333.679 -283.354 954.476
-41.5539 -99.6049 1241.77
47.5569 -270.896 1205.58
-155.165 -258.465 1220.63
-3.75195 340.688 1381.95
-29.3036 65.4703 1270.43
181.768 311.834 886.351
-335.436 -273.035 955.742
-43.2556 -106.79 1239.34
42.7108 -279.58 1205.09
-155.008 -266.13 1216.07
-3.78552 341.723 1382.32
-30.3627 59.2751 1268.09
179.224 272.484 869.295
-333.166 -262.428 953.468
-45.386 -107.637 1238.16
39.4695 -280.344 1203.76
-158.531 -265.36 1215.07
-4.75627 341.739 1382.37
-31.241 57.5779 1266.91
176.335 241.642 846.077
-334.527 -260.207 951.411
-46.1557 -108.169 1235.72
39.1151 -281.325 1201.28
-159.712 -266.009 1210.58
-5.96431 341.409 1382.32
-32.0133 57.3291 1265.51
164.944 202.44 834.569
-333.676 -259.484 953.102
-45.7297 -103.434 1233.54
40.6275 -275.383 1195.99
-158.694 -261.521 1207.44
-6.3121 341.347 1382.45
-32.4261 61.5838 1265.37
160.945 163.42 828.701
-334.501 -271.919 954.058
-44.5748 -102.615 1230.37
41.4014 -272.816 1192.46
-154.561 -259.735 1198.53
-5.96443 340.482 1383.6
-32.5697 61.045 1265.24
163.528 125.957 822.043
-360.123 -245.524 905.029
-44.3252 -94.8192 1226.31
43.7274 -266.832 1179.47
-153.044 -256.251 1185.62
-5.84465 339.391 1384.37
-33.9921 71.9029 1270.07
167.883 96.6141 831.197
-370.7 -238.493 853.15
-45.7771 -94.6128 1219.43
42.5776 -261.872 1173.67
-153.366 -251.208 1177.25
-7.13286 338.977 1384.51
-36.1601 67.3145 1263.39
165.918 53.5692 820.084
-376.411 -249.352 855.496
-50.5163 -98.5802 1211.23
35.4738 -253.822 1155.83
-155.451 -246.339 1169.76
-9.97836 336.657 1386.08
-41.0439 52.9199 1259.66
156.491 7.28417 814.857
-356.305 -220.321 879.204
-45.2349 -72.3029 1201.01
68.7067 -196.703 1113.02
-172.788 -209.645 1168.34
-10.7202 336.246 1385.91
-38.4293 58.568 1261.34
172.367 14.1592 844.535
-347.652 -240.981 910.723
-44.0633 -70.0981 1201.62
63.3601 -200.364 1113.01
-172.259 -207.677 1170.02
-11.1657 335.875 1386.08
-33.677 63.824 1261.72
111.678 -21.8811 737.711
-339.69 -296.885 988.933
-43.0025 -72.7786 1209.91
65.9687 -202.814 1125.33
-169.885 -209.634 1176.61
-12.5062 335.652 1385.74
-34.0469 60.6668 1268.86
124.59 -50.9639 715.118
-347.184 -292.2 988.838
-41.7037 -77.6082 1212.66
70.6128 -210.528 1135.23
-165.213 -217.183 1173.39
-13.4369 335.12 1385.44
-36.1073 58.6392 1271
125.346 -81.8191 726.835
-350.005 -301.268 980.949
-43.7381 -81.2428 1202.65
73.0278 -214.492 1132.53
-164.695 -225.851 1174.98
-14.2149 334.784 1385.24
-41.6427 57.686 1251.55
122.846 -113.559 733.126
-355.528 -250.721 904.917
-45.8299 -81.3034 1201.07
71.2047 -214.915 1129.6
-164.585 -229.399 1176.14
-15.8457 334.745 1384.57
-44.9698 59.5499 1249.27
129.446 -140.372 741.958
-371.458 -265.948 866.89
-46.0158 -83.5515 1197.33
72.108 -217.487 1123.3
-163.054 -235.148 1171
-17.472 333.573 1383.82
-46.5588 59.2143 1247.5
125.218 -161.78 751.911
-368.183 -268.401 868.198
-45.5179 -80.0698 1198.37
70.9322 -214.351 1124.7
-166.064 -226.358 1165.39
-17.3252 334.397 1382.51
-43.4699 60.2153 1251.7
124.156 -188.8 762.395
-371.741 -258.043 879.944
-43.2818 -79.4034 1193.63
67.9214 -213.023 1118.03
-156 -224.774 1147.82
-17.9783 334.137 1382.01
-42.5244 60.0915 1254.33
127.611 -214.429 770.731
-369.04 -266.6 869.178
-42.9976 -81.3581 1191.04
64.6302 -218.744 1115.75
-152.122 -227.934 1138.75
-18.4345 333.911 1381.28
-42.2494 60.6227 1254.83
121.728 -238.075 777.817
-339.493 -293.524 951.45
