d82 = [102.395 196.741 1533.55
93.3286 -72.7905 1397.97
313.347 -413.948 1126.2
-155.994 -451.207 1134.04
100.96 198.136 1528.92
92.7224 -72.1018 1396.59
319.128 -415.699 1105.73
-165.738 -443.389 1124.37
99.7313 199.522 1525.58
92.0288 -71.5871 1395.62
323.566 -413.011 1091.71
-173.926 -439.84 1115.39
99.7338 199.624 1524.16
90.2796 -69.1198 1390.9
326.312 -407.78 1084
-182.041 -437.613 1106.09
100.125 199.621 1523.79
90.879 -68.0411 1389.04
326.048 -402.194 1080.3
-184.501 -429.267 1107.17
99.6275 200.36 1521.45
91.8883 -67.711 1387.37
323.879 -402.349 1076.8
-185.251 -428.219 1103.74
99.6772 199.954 1522.4
91.9424 -70.3637 1381.27
320.755 -404.143 1073.04
-184.389 -430.518 1092.65
99.8276 199.249 1523.11
92.0354 -71.433 1379.85
315.89 -409.279 1074.48
-178.672 -433.469 1086.95
99.9527 197.914 1523.33
91.7105 -72.6702 1379.15
307.495 -412.882 1072.88
-172.249 -435.608 1089.55
99.9773 197.496 1523.48
92.2026 -73.8417 1380.26
298.636 -414.672 1083.19
-164.24 -437.802 1086.08
100.264 197.417 1524.27
85.3065 -71.6486 1385.47
293.408 -420.287 1089.05
-153.98 -443.636 1091.44
100.277 196.993 1524.72
90.0289 -75.6329 1389.26
284.61 -424.101 1101.44
-141.931 -445.801 1095.73
100.432 196.869 1524.9
89.5121 -73.1521 1396.9
275.16 -429.868 1110.12
-132.296 -451.559 1102.07
100.791 197.183 1525.54
90.1365 -71.4813 1401.98
269.32 -431.542 1121.74
-124.609 -458.023 1103.73
100.779 197.725 1525.54
90.5543 -71.5171 1403.89
268.14 -425.359 1136.51
-116.382 -462.481 1117.02
100.792 197.698 1525.4
91.1971 -74.625 1399.81
265.122 -424.554 1135.4
-109.407 -462.474 1129.23
100.724 197.806 1525.25
87.3074 -84.3927 1392.9
262.847 -422.335 1127.7
-106.813 -462.515 1139.53
100.599 197.647 1525.67
85.4856 -87.3772 1392.33
263.582 -411.957 1112.33
-101.363 -481.682 1134.4
100.553 197.337 1526.34
87.4843 -86.0603 1392.92
270.479 -368.741 1135.21
-85.554 -563.451 1173.27
100.721 196.737 1527.03
87.9204 -86.8811 1393.18
268.355 -352.1 1094.66
-83.2442 -569.583 1175
101.001 196.302 1527.48
88.6175 -86.4842 1392.66
215.381 -393.2 952.671
-78.4603 -578.51 1179.43
100.787 196.374 1528.42
91.8509 -84.0166 1394.7
205.145 -346.301 929.04
-77.773 -572.595 1175.57
101.034 195.562 1529.87
92.9113 -80.5749 1396.12
203.701 -305.429 890.191
-109.308 -489.506 1132.72
100.453 195.097 1530.74
90.2513 -78.677 1397.41
194.397 -267.559 844.622
-116.952 -465.797 1164.35
99.4162 194.874 1532.09
86.6425 -80.7365 1395
228.944 -266.991 853.127
-121.205 -458.723 1153.22
98.9237 194.949 1533.66
85.6894 -78.3941 1397.57
195.959 -154.588 832.398
-126.324 -458.496 1144.43
98.2351 195.272 1534.85
84.5002 -75.5997 1397.7
185.601 -92.8665 825.053
-126.972 -456.994 1152.31
97.4172 195.849 1536.38
58.4284 -49.7732 1358.31
163.472 -62.845 814.513
-135.192 -447.047 1139.42
96.6901 195.551 1538.25
60.6596 -52.5312 1356.53
172.677 -68.5595 999.891
-137.928 -447.874 1136.77
96.4883 194.395 1539.83
67.4466 -58.0217 1369.24
202.057 -38.3088 946.599
-139.5 -446.662 1142.2
93.9015 193.556 1545.43
70.2631 -60.823 1378.74
175.891 66.7837 883.628
-120.309 -449.215 1156.37
89.3537 195.292 1555.06
74.9523 -62.7054 1383.41
169.798 114.164 882.358
-117.41 -456.036 1161.02
90.9551 196.589 1551.65
89.0944 -60.2903 1383.51
175.183 137.489 881.869
-132.321 -435.505 1183.48
92.0239 196.727 1552.14
87.3714 -61.2576 1387.79
175.127 172.601 892.087
-131.725 -439.062 1186.16
102.199 211.316 1535.58
88.6484 -61.8028 1391.31
172.442 208.053 903.993
-129.406 -436.781 1195.61
102.851 209.362 1527.81
90.606 -61.9259 1393.82
166.706 245.021 900.643
-119.358 -446.694 1210.94
102.271 194.41 1523.38
84.9328 -68.5556 1395.82
162.539 272.124 913.121
-128.322 -420.272 1231.91
101.815 187.339 1518.01
82.9955 -71.5578 1398.38
167.76 297.826 938.473
-131.32 -412.002 1236.73
102.701 188.779 1522.15
83.4157 -72.5848 1404.06
169.806 318.371 946.767
-132.073 -390.944 1259.14
103.894 193.01 1526.62
89.0201 -69.1459 1408.55
166.324 337.747 972.467
-132.738 -372.051 1281.63
107.529 194.47 1523.28
90.9089 -66.39 1410.11
165.342 352.964 995.938
-133.993 -368.679 1282
110.029 195.931 1521.75
91.4817 -63.729 1411.17
166.321 364.557 1017.7
-132.208 -379.267 1273.38
110.985 196.674 1520.62
91.5318 -58.115 1416.59
170.249 373.701 1033.54
-136.783 -356.192 1293.11
110.919 196.371 1519.7
100.264 -46.6025 1417.12
170.485 392.351 1054.89
-128.72 -326.445 1424.3
108.019 196.391 1525.43
104.308 -40.919 1418.75
176.674 406.836 1072.63
-131.19 -332.496 1439.73
109.723 196.36 1523.46
106.793 -38.1978 1419.77
171.071 425.513 1092.33
-128.002 -348.429 1407.52
109.584 196.388 1525.28
104.522 -41.0561 1418.76
173.382 434.009 1103.87
-135.296 -389.27 1260.64
111.052 194.99 1525.1
103.647 -42.4261 1418.04
174.354 438.593 1108.08
-134.583 -423.453 1224.51
112.338 195.484 1525.28
102.035 -42.6484 1420.06
173.665 442.888 1107.79
-125.289 -458.46 1191.76
113.113 195.729 1526.33
101.591 -41.9127 1420.97
175.011 447.239 1115.67
-123.878 -460.934 1185.49
113.993 195.663 1526.46
101.907 -42.1748 1419.81
188.076 443.886 1121.52
-121.686 -461.955 1182.99
114.453 196.131 1526.6
102.744 -42.1372 1419.11
188.2 447.135 1125.53
-121.284 -463.652 1178.18
115.411 195.706 1527.76
102.873 -42.2688 1419.43
181.223 452.703 1129.86
-117.132 -469.187 1182.9
116.261 195.588 1528.47
103.412 -42.6047 1419.08
180.665 450.236 1126.3
-118.348 -462.877 1178.73
117.461 196.097 1528.48
103.506 -42.6941 1418.71
180.525 443.585 1117.46
-116.805 -465.994 1182.1
118.408 195.599 1529.17
103.222 -43.5052 1419.18
180.952 428.346 1103.7
-117.359 -466.909 1180.4
119.217 195.538 1529.26
103.797 -42.9616 1419.61
177.764 411.456 1086.67
-110.594 -472.098 1174.42
119.649 195.761 1527.49
105.175 -42.7715 1420.05
174.178 388.353 1066.26
-110.61 -470.408 1180.34
119.595 197.036 1525.68
110.294 -39.5969 1426.9
170.902 388.237 1058.2
-115.334 -476.049 1168.36
119.241 205.833 1512
108.28 -41.7813 1423.87
169.585 367.684 1032.31
-115.335 -473.801 1162.72
128.587 218.117 1499.61
106.363 -41.8145 1424.46
164.928 342.854 1009.55
-117.749 -465.144 1171.67
139.318 226.747 1466.13
94.9777 -43.7947 1423.6
160.448 314.518 987.49
-121.084 -463.094 1173.58
137.868 241.009 1413.04
88.5314 -49.4711 1420.78
159.817 294.069 963.359
-122.018 -455.856 1176.28
138.613 252.011 1394.74
91.6759 -48.9292 1419.9
159.684 271.437 940.035
-124.061 -446.274 1187.95
137.965 254.832 1378.44
84.4157 -55.9393 1409.59
160.863 248.223 919.636
-126.845 -435.288 1193.32
133.72 252.738 1363.43
80.3769 -57.9709 1408.24
159.635 213.911 897.477
-127.942 -429.742 1200.74
129.742 250.536 1349.68
78.1709 -55.3292 1400.73
152.146 173.871 882.073
-133.627 -401.745 1226.61
126.368 247.865 1337.67
89.6405 -55.8274 1375.32
161.453 137.962 867.263
-138.711 -381.44 1247.5
124.089 244.454 1325.92
94.285 -51.5677 1359.89
155.15 94.1474 852.977
-137.407 -373.66 1389.58
121.654 242.793 1315.94
81.573 -40.8103 1369.66
149.641 34.3244 849.028
-145.978 -365.715 1420.05
99.7124 192.262 1549.08
63.6028 -40.8305 1357.79
153.424 -2.88683 834.517
-156.276 -353.801 1447.99
98.489 189.789 1549.84
64.427 -38.0357 1357.15
156.385 -38.758 820.974
-159.701 -355.095 1475.41
97.5315 187.413 1547.91
55.8218 -55.7954 1324.44
166.591 -48.8486 807.804
-168.718 -356.611 1495.41
96.0502 186.121 1546.55
54.104 -58.581 1323.55
162.324 -100.627 798.824
-170.859 -353.203 1518.04
94.8081 184.297 1546.03
57.15 -56.9686 1320.21
171.539 -135.066 802.637
-167.616 -371.169 1477.95
93.7702 182.554 1545.45
61.558 -58.1314 1316.13
176.361 -172.661 806.211
-137.839 -478.712 1139
93.7674 181.173 1544.47
76.0917 -77.2077 1365.42
150.901 -231.317 862.805
-130.679 -490.895 1149.04
93.5337 179.82 1543.63
76.5814 -75.3256 1367.91
152.372 -258.239 847.383
-140.289 -487.025 1142.81
92.7624 178.795 1542.27
74.3781 -75.4408 1369.82
165.777 -296.295 869.769
-137.208 -494.874 1136.37
92.6231 178.92 1541.01
75.8267 -73.9665 1370.46
174.854 -316.72 869.051
-137.98 -487.915 1139.97
92.7392 179.641 1540.26
75.8264 -73.0768 1371.64
180.111 -339.357 898.944
-138.246 -489.931 1137.62
92.8507 180.822 1539.6
77.7248 -71.9584 1379.7
199.466 -371.494 938.444
-137.25 -478.815 1150.34
92.9211 181.465 1539.39
78.4811 -71.9193 1385.82
205.334 -387.187 961.519
-134.028 -481.181 1143.1
92.4728 181.909 1539.44
80.4708 -73.9954 1390.91
233.523 -383.554 1008.07
-127.47 -487.789 1149.65
92.0454 181.98 1539.52
81.0745 -75.6694 1394.36
240.03 -391.796 1026.41
-131.019 -477.505 1151.28
92.1473 181.894 1539.93
82.725 -77.119 1395.13
245.817 -396.885 1046
-131.499 -475.67 1151.6
91.9728 182.217 1540.36
84.3729 -78.6193 1395.03
252.874 -400.849 1061.47
-130.95 -480.92 1147.13
91.9074 182.464 1540.77
86.8174 -81.8376 1394.65
258.283 -395.348 1085.35
-121.571 -480.672 1154.4
91.9967 182.086 1540.4
87.6531 -81.8273 1394.34
260.348 -396.339 1092.77
-121.483 -481.597 1162.39
92.3724 182.044 1539.89
89.5696 -83.5076 1393.07
262.737 -399.869 1100.11
-127.83 -483.163 1158.25
92.5629 182.019 1539.64
90.8647 -84.5887 1391.96
266.066 -400.663 1107.77
-125.482 -478.824 1166.31
92.8665 181.489 1538.84
92.9992 -87.0247 1390.34
266.658 -402.509 1113.18
-125.373 -483.147 1159.05
92.6806 180.566 1538.29
94.5052 -88.9001 1389.58
272.095 -404.067 1119.74
-124.813 -480.889 1165.2
92.3509 180.336 1537.51
94.4954 -88.7999 1390.66
273.11 -410.665 1121.67
-125.571 -478.576 1164.76
92.055 179.866 1536.52
96.2514 -90.0803 1390.56
273.724 -411.926 1124.24
-127.091 -472.769 1170.64
91.8181 179.716 1535.87
96.9392 -90.8102 1390.55
273.306 -412.831 1123.76
-116.082 -477.902 1166.84
92.2615 179.668 1535.09
96.3684 -91.2381 1390.28
274.871 -409.921 1128.51
-117.409 -469.405 1175.52
92.688 179.638 1534.98
95.628 -90.2355 1390.47
273.992 -402.261 1122.67
-128.492 -465.477 1177.43
92.586 179.943 1534.95
95.9362 -90.376 1389.34
272.49 -391.686 1114.25
-128.44 -474.346 1170.08
92.8468 180.38 1534.88
94.5353 -90.0321 1388.63
268.329 -384.674 1102.59
-127.966 -471.949 1171.75
93.4017 180.278 1535.51
93.556 -89.1609 1388.28
271.376 -334.484 1129.98
-124.041 -480.906 1169.01
94.0984 179.847 1536.52
92.6401 -89.3785 1388.03
268.479 -313.683 1129.19
-131.421 -476.981 1175.4
94.0856 179.328 1537.56
90.5621 -88.8236 1385
264.204 -299.688 1109.59
-126.993 -479.67 1175.5
93.937 178.346 1538.18
90.8509 -89.9291 1385.94
256.833 -303.78 1050.98
-119.727 -480.017 1195.67
93.9987 177.783 1539.62
88.3639 -90.8644 1385.97
222.214 -343.337 938.09
-120.015 -485.501 1197.16
93.8376 177.3 1541.29
87.3058 -88.3455 1386.41
196.194 -331.752 896.514
-111.314 -493.616 1205.52
93.981 177.123 1542.14
85.9336 -86.9006 1386.57
191.351 -304.234 868.304
-116.696 -489.328 1207.9
94.247 176.765 1542.89
85.1856 -86.0365 1386.18
187.019 -280.086 841.146
-112.035 -488.92 1207.06
94.7543 176.126 1543.46
84.3948 -84.6013 1385.86
175.625 -248.406 806.602
-110.093 -499.674 1211.74
95.1886 175.523 1544.39
83.4862 -80.5669 1383.93
195.111 -254.898 802.374
-106.756 -492.277 1199.74
96.0029 175.215 1545.05
83.9597 -76.3245 1381.11
171.028 -173.556 793.238
-117.799 -485.087 1202.33
96.5312 175.459 1545.83
81.3283 -66.4517 1393.23
166.689 -138.917 790.498
-112.591 -481.015 1196.13
97.0404 176.188 1546.72
72.1586 -56.6763 1395.65
172.984 -94.2026 794.751
-121.705 -456.779 1201.92
97.7776 176.688 1547.85
63.7903 -67.1864 1396.14
173.479 -67.2151 806.276
-129.084 -440.521 1196.1
98.7292 177.573 1548.71
62.4865 -63.8316 1394.18
169.996 -26.756 803.92
-84.1879 -427.826 1218.51
100.008 178.025 1550.76
67.5653 -54.8304 1389.05
144.78 18.7266 829.364
-123.574 -441.013 1195.91
106.123 175.828 1568.26
77.5988 -55.9047 1388.96
137.589 45.9808 876.506
-129.846 -437.488 1191.81
103.017 177.815 1563.16
78.3994 -56.4389 1391.88
153.459 82.4798 874.66
-126.307 -440.274 1196.28
101.198 177.695 1558.99
83.7687 -66.9348 1403.09
145.57 130.23 880.29
-121.962 -460.708 1197.21
97.3673 167.467 1541.38
86.2287 -68.1037 1401.98
146.968 168.094 885.503
-118.675 -462.547 1202.83
99.5432 172.117 1546.15
89.1886 -66.0647 1404.73
150.843 196.431 898.583
-113.603 -470.012 1207.13
108.018 178.738 1533.01
88.5073 -67.4764 1406.19
148.845 217.673 907.41
-113.452 -465.361 1215.38
117.691 191.414 1524.24
87.3015 -68.7015 1407.75
149.997 243.285 909.255
-120.032 -449.097 1223.3
124.175 199.529 1509.47
83.1645 -76.8788 1410.21
140.961 266.547 922.208
-122.381 -443.501 1224
126.085 200.716 1492.74
80.2674 -84.0168 1411
138.662 278.808 927.705
-117.153 -418.871 1243.84
126.424 209.871 1479.75
82.8757 -78.7018 1411.03
140.889 304.58 948.389
-127.163 -396.697 1262.02
128.434 215.803 1471.36
83.4683 -75.6425 1411.32
140.786 330.466 956.962
-137.159 -380.638 1259.63
128.378 224.913 1460.59
86.5085 -68.592 1414.13
140.467 342.746 974.448
-136.199 -341.176 1286.14
125.45 221.159 1467.9
88.0041 -66.4056 1414.3
142.382 362.172 981.152
-133.536 -376.45 1263.79
124.642 219.568 1472.83
90.4212 -64.0871 1413.89
141.317 361.722 991.594
-129.642 -384.042 1258.85
123.587 217.577 1475.94
89.5085 -64.1832 1415.2
142.894 360.723 1007.22
-125.897 -399.381 1245.38
123.732 216.329 1475.83
91.9815 -57.173 1415.74
141.736 372.025 1021.59
-121.721 -408.194 1242.87
124.192 216.295 1475.35
91.3925 -56.2935 1417.17
146.235 371.144 1029.25
-126.399 -407.044 1241.41
124.997 216.951 1476.89
90.2567 -57.2675 1416.94
145.949 377.064 1037.89
-125.829 -404.959 1242.98
124.296 217.138 1476.37
90.2852 -57.9534 1416.07
143.415 385.154 1045.97
-126.673 -406.678 1240.89
123.469 216.551 1482.36
92.7148 -53.5352 1415.12
142.629 392.844 1051.02
-118.623 -419.962 1234.98
120.064 210.636 1502.58
93.9211 -54.1419 1414.18
151.335 395.694 1053.6
-123.547 -425.05 1230.32
118.175 204.58 1509.36
94.7052 -55.7428 1413.83
145.716 395.451 1057.48
-125.324 -413.083 1242.51
115.719 202.054 1505.81
95.8647 -58.488 1412.24
150.053 389.822 1062.07
-128.08 -377.464 1264.38
111.725 200.368 1502.71
96.1561 -60.659 1410.51
149.485 382.349 1059.43
-132.859 -335.974 1296.32
108.456 194.884 1502.1
97.0644 -66.0864 1406.84
149.58 370.643 1048.03
-81.0223 -56.8736 1469.97
110.729 200.237 1497.13
96.4354 -66.8628 1406.17
150.018 361.563 1034.09
-82.3713 -57.6287 1476.12
109.017 216.342 1492.4
93.0371 -57.9801 1411.65
149.177 364.592 1029.59
-82.0232 -70.356 1466.67
114.078 232.25 1490.53
91.5582 -51.4197 1412.96
151.487 364.364 1020.77
-80.7111 -76.2551 1468.44
114.877 234.626 1487.33
91.6603 -48.533 1412.3
152.468 350.796 1005.68
-81.4469 -77.0016 1470.14
126.23 239.807 1485.71
93.294 -52.6279 1410.09
151.81 325.186 986.899
-84.0726 -70.0085 1469.63
137.504 227.954 1472.03
92.5765 -51.8834 1411.53
155.59 315.628 974.919
-84.274 -74.645 1468.03
136.005 231.524 1479.97
91.9537 -52.4127 1413.67
153.016 304.121 958.931
-84.5821 -76.8242 1464.6
132.821 232.119 1483.3
90.0551 -54.013 1411.84
158.771 287.556 943.765
-84.9928 -75.295 1463.64
130.847 231.938 1483.5
74.0391 -68.7974 1406.93
166.19 255.459 929.213
-88.3807 -67.1234 1458.53
118.372 202.933 1480.79
72.1104 -70.7821 1401.21
167.66 227.829 911.523
-91.3275 -68.7824 1454.42
106.652 187.195 1480.94
74.8317 -65.4678 1397.81
162.821 200.756 894.3
-87.3135 -65.5741 1456.3
101.173 178.876 1484.14
77.1808 -64.6308 1394.28
163.159 162.242 880.135
-85.058 -57.1297 1456.41
101.212 169.086 1499.36
88.3621 -60.9649 1372.15
162.835 130.476 872.391
-81.7137 -51.9977 1452.86
91.932 174.77 1531.99
93.5151 -57.6897 1360.78
165.756 96.4513 865.728
-77.6876 -44.0758 1447.96
94.7249 180.791 1544.06
96.3749 -51.5179 1352.65
162.798 60.4107 859.927
-157.416 -191.036 1531.06
95.502 185.711 1547.1
92.9947 -52.4824 1355.32
164.048 22.769 850.28
-161.467 -206.526 1550.5
96.9108 187.952 1548.29
93.8863 -35.4695 1360.81
160.827 -17.2456 836.695
-165.142 -207.981 1571.92
98.9023 188.425 1549.14
93.1237 -35.6385 1363.04
170.033 -53.3237 828.029
-166.71 -223.118 1586.5
100.718 185.327 1545.91
70.6942 -60.1693 1358.52
166.452 -69.2266 834.753
-168.76 -252.09 1589.38
101.218 183.562 1544.2
61.7793 -65.0213 1361.59
161.611 -114.536 830.136
-159.069 -271.647 1552.19
101.606 181.877 1540.16
60.9855 -63.8066 1355.11
165.79 -149.77 807.288
-120.083 -459.538 1194.01
101.606 180.828 1537.29
60.3728 -66.8479 1361.22
166.458 -184.219 810.332
-117.13 -456.401 1193.65
102.127 180.644 1536.98
67.866 -69.8124 1376.4
156.256 -218.873 818.559
-118.144 -469.386 1185.79
101.931 179.91 1534.82
70.5935 -73.3125 1381.37
156.569 -269.827 846.184
-121.435 -474.273 1183.28
101.983 179.922 1533.06
74.4783 -71.6392 1386.1
167.853 -313.693 867.131
-112.598 -473.291 1175.94
101.857 179.408 1531.65
77.3196 -71.9694 1387.35
179.654 -343.356 901.132
-113.666 -474.049 1172.37
101.511 178.93 1530.22
79.9748 -71.8648 1386.83
238.206 -352.02 1007.33
-125.323 -472.196 1168.08
101.506 178.215 1526.17
79.8527 -73.6328 1385.18
243.622 -365.675 1016.97
-125.633 -473.603 1164.64
101.288 178.826 1526.47
81.01 -76.6711 1386.44
244.509 -388.253 1019.76
-117.541 -469.346 1168.14
101.791 179.075 1526.24
83.3199 -76.8545 1387.01
256.737 -393.417 1057.46
-115.439 -472.842 1167.74
102.242 178.656 1523.61
84.7262 -77.3695 1386.79
260.447 -394.977 1069.77
-125.311 -477.326 1167.86
102.441 179.217 1523.14
84.5909 -78.9004 1386.43
263.338 -399.494 1079.01
-126.159 -473.109 1171.04
102.639 179.574 1523.34
84.0864 -80.1275 1387.79
266.02 -407.843 1085
-122.848 -470.184 1175.75
103.105 180.162 1522.83
84.2183 -81.7313 1389.45
269.106 -411.609 1093.84
-125.186 -474.115 1174.46
103.472 179.812 1520.76
84.7079 -82.2373 1390.5
274.251 -417.409 1101.87
-108.519 -469.311 1182.47
103.241 179.022 1519.77
85.8117 -83.5625 1390.12
278.261 -411.464 1111.35
-123.424 -478.76 1169.71
103.631 178.771 1520.04
86.7367 -84.5608 1390.13
282.427 -405.018 1125.14
-122.737 -479.039 1166.67
103.958 179.183 1519.96
87.9767 -85.0514 1390.39
285.395 -405.427 1129.15
-122.941 -479.204 1168.61
104.007 179.549 1519.51
88.6173 -85.5494 1390.89
289.166 -408.27 1125.86
-112.263 -486.721 1174.61
104.079 180.255 1519.39
89.9858 -85.3791 1391.92
291.921 -407.363 1136.77
-125.791 -477.205 1155.07
104.241 180.585 1519.44
92.1861 -85.4019 1392.94
295.025 -408.747 1133.37
-125.938 -478.091 1159.53
104.322 181.313 1519.38
92.1516 -83.9536 1392.81
296.88 -401.987 1129.62
-121.585 -481.883 1166.12
104.431 181.968 1519.58
93.8368 -84.7707 1391.21
298.911 -402.334 1124.9
-125.901 -485.317 1163.8
103.968 182.317 1519.57
94.4891 -84.8747 1388.86
297.274 -397.779 1122.97
-114.312 -477.605 1155.74
103.634 182.468 1520.03
94.1 -83.6397 1388.76
297.689 -391.107 1121.39
-129.202 -481.249 1150.9
103.52 182.926 1520.42
93.6866 -82.0145 1389.18
297.436 -387.288 1112.35
-128.056 -482.488 1152.49
103.419 182.672 1520.87
93.0232 -81.0772 1390.07
294.724 -381.368 1101.6
-122.943 -483.316 1162.5
103.42 182.298 1521.79
92.2269 -80.5106 1390.77
294.008 -329.096 1140.19
-128.434 -484.303 1158.42
103.117 181.861 1522.91
91.3246 -80.0148 1391.41
290.934 -318.05 1137.03
-129.006 -480.98 1162.83
102.785 181.389 1524.97
90.1709 -79.0676 1391.9
292.248 -314.009 1117.01
-124.837 -479.931 1165.91
102.027 181.274 1526.81
88.0977 -77.0872 1392.97
286.61 -306.849 1091.44
-128.61 -480.201 1164.15
101.769 181.168 1528.4
87.239 -76.9247 1394.14
276.315 -301.936 1056.46
-132.652 -484.053 1165.71
101.561 181.114 1529.65
86.8211 -77.6017 1395.34
251.649 -345.906 969.932
-120.476 -480.061 1176.61
101.339 180.647 1530.22
86.765 -78.1845 1395.43
230.538 -340.773 937.666
-129.57 -476.76 1175.95
101.141 179.996 1530.89
86.2113 -78.3196 1395.71
222.521 -311.924 911.635
-120.451 -483.776 1179.24
100.475 179.163 1532.07
84.99 -77.4164 1395.11
214.829 -289.792 884.906
-124.523 -484.494 1177.99
99.4915 178.164 1534.43
83.7798 -76.3848 1394.54
204.064 -272.565 856.587
-124.328 -488.199 1178.31
98.9253 176.77 1536.09
83.2955 -74.5575 1393.44
200.046 -240.299 831.623
-116.186 -486.718 1189.51
98.9002 176.127 1537.22
83.2787 -72.6447 1394.14
189.077 -191.763 821.684
-119.695 -476.891 1197.69
99.3383 176.128 1537.93
79.5878 -67.797 1412
179.802 -140.38 799.846
-118.078 -473.976 1213.95
99.9541 176.013 1538.96
75.0251 -40.8473 1394.4
173.525 -101.8 806.66
-122.935 -444.986 1220.11
100.831 176.074 1540.13
75.9246 -43.1358 1388.81
173.036 -60.3546 819.508
-128.205 -431.117 1217.73
101.533 176.814 1541.43
78.8094 -44.5898 1388.2
174.59 -22.0922 821.28
-131.726 -401.56 1242.73
102.147 177.354 1542.27
82.5958 -43.4125 1394.17
167.232 16.019 835.053
-134.033 -376.973 1253.6
101.262 177.855 1543.7
89.0848 -62.8531 1394.41
140.695 71.6044 863.725
-133.878 -378.233 1255.63
100.322 178.746 1544.31
89.4427 -67.1245 1397.48
217.406 85.9418 984.289
-132.613 -380.116 1262.99
100.005 178.304 1543.75
92.6927 -70.8809 1399.02
167.049 132.594 922.233
-134.264 -361.447 1270.86
100.539 178.24 1542.38
90.9158 -71.3291 1398.75
169.994 163.802 938.96
-123.952 -354.843 1379.3
102.825 179.791 1537.13
90.4827 -70.5308 1399.17
171.284 204.81 936.95
-126.31 -340.812 1400.51
116.135 191.061 1521.02
96.4822 -55.9786 1407.83
168.14 230.162 964.24
-129.806 -333.698 1413.66
126.693 231.327 1511.46
111.061 -8.26057 1394.79
173.18 294.628 962.936
-140.462 -358.121 1428.62
138.019 245.908 1501.31
109.557 -11.665 1394.49
162.813 317.758 952.692
-141.471 -343.624 1445.06
141.358 264.772 1456.51
112.072 -14.1632 1393.55
166.195 332.636 977.344
-139.086 -337.979 1452.52
143.667 264.317 1467.65
115.328 -29.595 1398.46
158.868 338.797 979.68
-139.124 -317.361 1475.13
143.755 264.197 1472.53
114.082 -31.3436 1400.32
163.01 352.325 995.924
-141.831 -311.101 1492.38
135.402 237.677 1488.78
105.688 -47.6865 1408.66
161.804 361.417 1003.06
-144.725 -306.609 1515.06
131.648 224.573 1494.75
105.016 -49.3801 1409
160.778 370.319 1020.75
-149.345 -309.473 1538.15
128.28 214.395 1498.2
107.803 -43.0602 1406.32
160.807 383.331 1034.23
-153.183 -316.314 1558
127.72 208.677 1502.18
110.378 -39.468 1407.12
162.504 389.186 1047.24
-156.547 -319.783 1577.45
123.129 196.34 1507.64
109.113 -43.8286 1408.48
165.17 388.264 1061.27
-156.051 -316.375 1575.45
112.556 181.399 1516.27
108.054 -46.527 1406.77
166.485 392.486 1064.8
-149.508 -318.935 1545.59
109.554 175.438 1522.28
106.662 -48.8395 1405.44
167.231 396.321 1067.22
-148.141 -303.94 1547.67
114.228 184.058 1519.4
106.084 -49.9406 1405.28
171.242 393.803 1068.81
-146.365 -291.882 1547.86
116.726 188.127 1516.68
102.656 -56.8059 1404.72
178.713 389.083 1067.67
-144.204 -278.541 1539.56
117.663 186.596 1517.49
103.083 -55.695 1405.54
182.713 389.777 1072.2
-143.258 -282.854 1529.42
117.657 183.716 1516.31
95.062 -77.5187 1404.66
184.532 373.327 1063.36
-142.992 -259.371 1534.83
118.108 181.252 1515.59
94.5424 -75.8997 1403.22
186.447 379.263 1063.68
-142.826 -263.177 1529.31
118.231 180.054 1514.03
96.0554 -71.243 1402.48
186.979 375.463 1055.92
-135.821 -252.872 1517.44
118.706 182.491 1511.78
96.2984 -68.7443 1402.44
184.681 366.717 1049.58
-85.2152 -65.9035 1464.98
128.618 194.585 1485.83
97.9328 -65.0374 1403.23
184.344 362.803 1040.03
-84.4652 -64.5743 1462.09
126.053 190.117 1491.24
98.6061 -62.7527 1402.89
186.086 355.001 1027.09
-83.4799 -64.2155 1460.81
123.363 187.998 1497.37
98.2828 -62.8825 1401.68
179.534 336.444 1007.51
-132.801 -240.896 1509.59
121.794 186.202 1496.42
87.9399 -68.5677 1404.81
179.021 322.529 993.356
-139.733 -237.158 1519.89
123.986 188.548 1488.46
85.3579 -59.7433 1414.51
174.616 318.115 983.469
-142.679 -250.541 1522.04
125.066 190.607 1482.52
86.4042 -61.4656 1409.51
175.887 298.315 962.986
-145.787 -254.81 1539.58
125.529 193.368 1480.15
86.8725 -61.7571 1409.22
174.95 282.065 953.06
-150.151 -260.486 1540.62
127.357 195.748 1479.23
85.6829 -62.9531 1409.56
170.464 268.471 936.563
-151.156 -261.115 1550.35
129.6 197.717 1476.6
80.9764 -65.8269 1411.18
171.092 250.745 923.125
-153.594 -262.319 1555.47
129.641 198.207 1475.62
78.3337 -68.5351 1409.98
165.795 228.63 910.328
-154.709 -259.094 1562.33
128.014 196.384 1475.93
79.3396 -68.4428 1406.87
172.174 215.557 898.321
-156.116 -251.466 1560.14
114.111 182.674 1480.57
79.2363 -67.1089 1397.65
169.657 191.815 888.271
-153.693 -246.956 1547.08
118.889 188.484 1479.25
81.0006 -65.2267 1390.97
164.265 170.649 877.293
-148.197 -247.074 1527.4
120.014 192.734 1488.65
85.0417 -63.5564 1381.37
155.273 130.367 862.703
-144.395 -244.251 1520.65
117.855 188.461 1488.71
87.2893 -61.8373 1374.39
155.588 84.0748 855.692
-142.478 -234.795 1511.77
117.35 200.781 1518.18
91.9364 -43.6142 1371.2
155.765 44.3249 840.406
-145.242 -215.068 1517.38
113.676 201.824 1531.85
91.4587 -33.841 1357.93
158.207 8.03769 835.41
-87.5997 -33.2599 1446.78
111.863 203.097 1539.18
88.8042 -33.3838 1359.92
152.265 -23.0045 832.329
-143.429 -226.262 1472.68
108.669 200.58 1540.02
81.9161 -46.8925 1358.17
153.937 -37.6608 834.773
-138.625 -268.977 1430.03
105.695 197.736 1539.2
62.3977 -62.2095 1350.99
159.308 -87.0476 825.671
-25.9324 -146.322 1324.82
105.987 194.331 1534.41
43.2868 -50.7124 1354.57
168.798 -131.508 825.264
-128.106 -140.665 1373.29
103.902 192.676 1535.76
52.4774 -28.4509 1353.8
167.089 -148.502 820.658
-128.972 -309.439 1362.65
102.74 191.278 1537.49
60.1142 -49.2149 1369.65
153.672 -169.008 821.175
-130.37 -476.181 1165.8
101.036 188.295 1537.92
63.2237 -58.3433 1373.47
148.257 -232.01 839.509
-126.602 -479.443 1165.46
99.9034 185.702 1538.31
68.931 -65.5299 1380.16
152.688 -270.771 848.389
-122.777 -490.452 1159.85
99.0375 183.323 1537.65
72.1348 -68.9872 1383.39
147.809 -306.124 870.528
-122.193 -478.041 1172.51
98.7958 181.977 1536.76
74.1098 -69.9509 1388.9
231.273 -307.834 958.055
-122.316 -480.096 1176.43
98.8577 180.609 1536.06
75.3582 -72.0588 1389.04
228.473 -331.61 928.383
-134.645 -465.473 1178.14
98.5766 180.069 1535.7
75.5557 -72.6545 1388.75
244.844 -356.204 1005.72
-128.412 -477.31 1172.32
97.9193 177.671 1534.39
76.43 -72.1552 1388.36
240.712 -381.359 1001.41
-122.138 -484.734 1171.72
97.6171 176.874 1534.41
76.9744 -72.6912 1387.22
258.148 -386.814 1037.13
-134.275 -474.509 1162.18
97.3252 176.3 1534.49
77.44 -73.2715 1385.21
267.556 -394.297 1059.68
-133.622 -470.441 1166.23
97.3977 175.814 1534.21
77.74 -73.8105 1384.39
273.732 -402.823 1075.68
-129.184 -471.644 1169.88
97.9553 176.59 1532.81
77.315 -74.7695 1383.63
279.173 -411.229 1093.54
-128.72 -477.614 1148.4
97.5365 176.274 1532.19
77.4337 -75.6106 1384.01
282.254 -417.701 1103.72
-124.857 -478.181 1157.61
97.4483 176.427 1531.93
78.1166 -75.973 1385.03
286.324 -418.598 1110.24
-128.743 -470.174 1153.73
97.3055 176.83 1532.11
78.6539 -75.6432 1386.63
289.009 -420.718 1115.25
-128.675 -473.288 1151.78
96.9374 176.534 1531.31
79.2831 -77.9279 1388.52
290.95 -419.53 1123.64
-130.289 -464.07 1151.91
96.7978 176.139 1530.9
79.6176 -78.0971 1389.11
293.412 -419.387 1126.15
-119.186 -472.442 1152.24
97.0052 176.34 1531.03
79.9706 -77.3985 1390.85
294.687 -418.122 1125.39
-128.677 -466.359 1152.79
97.004 176.413 1531.66
79.6284 -75.9847 1395.9
298.202 -410.229 1126.85
-123.636 -470.705 1156.29
96.6728 176.675 1532.53
80.2753 -75.4612 1396.85
296.926 -411.182 1119.46
-124.507 -466.121 1158.19
96.0914 176.544 1532.89
80.9606 -74.9841 1396.35
297.299 -403.635 1118.43
-124.517 -463.515 1164.47
95.2968 176.138 1532.97
81.4325 -74.6278 1395.44
295.894 -401.916 1110.17
-121.953 -471.858 1158.61
94.6222 175.524 1533.35
81.7103 -74.6671 1395.01
294.383 -398.287 1096.55
-119.754 -465.198 1167.66
94.2576 175.607 1533.05
81.4111 -74.7659 1395.39
296.091 -341.373 1139.07
-125.875 -467.072 1163.05
93.3617 175.352 1532.96
80.7178 -75.3874 1395.74
285.991 -387.455 1064.31
-124.467 -473.514 1161.79
92.5708 174.901 1533.24
80.535 -75.556 1395.39
292.284 -318.579 1104.82
-125.444 -468.609 1161.54
91.8751 174.69 1533.61
80.6168 -75.6455 1395.26
269.462 -368.67 1014.44
-126.436 -471.93 1162.33
91.5176 174.884 1533.85
81.5042 -75.7357 1394
254.131 -360.011 978.835
-124.767 -479.139 1172.23
91.2488 174.846 1534.9
85.8595 -73.7012 1386.6
235.897 -344.477 949.803
-98.1477 -487.208 1177.39
90.7283 175.05 1536.2
84.7533 -73.163 1386.85
231.259 -314.789 929.071
-117.759 -480.118 1186.13
89.8976 174.968 1536.75
84.1249 -72.2497 1386.31
219.213 -300.474 893.64
-123.108 -481.929 1188.71
89.6188 174.97 1537.73
83.7317 -71.1028 1386.03
213.634 -278.864 870.329
-118.055 -478.345 1193.13
89.7532 174.758 1539.19
84.4815 -68.2807 1384.12
200.204 -240.034 859.735
-123.492 -472.253 1181.16
90.0265 174.587 1540.65
84.9337 -52.1337 1391.51
193.224 -189.516 843.032
-125.287 -472.956 1188.11
90.3141 174.274 1542.6
75.6535 -48.124 1405.48
188.588 -134.518 834.049
-125.031 -472.365 1198.33
90.9608 174.379 1544.74
67.0666 -35.0843 1403.19
180.807 -91.3607 833.189
-124.04 -461.641 1196.34
91.6884 174.892 1546.9
68.2473 -50.2831 1403.3
175.087 -59.1486 828.865
-124.919 -455.727 1197.31
92.338 174.474 1548.73
80.3233 -55.5264 1396.19
176.523 -8.58857 834.069
-125.527 -444.676 1207.32
92.1702 175.147 1550.14
79.0698 -59.5803 1399.82
158.735 47.3232 848.838
-123.277 -448.841 1210.92
91.655 175.903 1551.42
77.4979 -66.1034 1402.44
144.023 89.2021 849.642
-122.935 -451.949 1205.65
88.0473 176.364 1532.35
77.8233 -75.0758 1403.82
132.929 132.464 857.549
-123.927 -456.797 1218.12
88.1592 174.992 1539.41
78.7637 -74.7442 1401.79
153.716 168.025 930.796
-119.094 -459.1 1214.47
92.0559 175.545 1544.92
103.831 -60.8858 1405.86
161.44 208.784 957.564
-117.534 -464.664 1209.52
95.3483 177.602 1545.36
106.831 -52.5086 1416.51
114.04 254.725 957.359
-117.805 -477.987 1200.43
107.665 183.011 1538.68
105.18 -36.7341 1426.17
161.761 279.461 997.52
-115.445 -485.146 1187.24
107.905 181.651 1533.58
110.249 -34.8275 1429.11
160.807 293.703 1014.61
-114.64 -476.786 1191.58
123.264 209.834 1525.76
139.947 16.7878 1453.25
178.362 366.613 1036.8
-146.637 -517.999 1176.79
129.58 221.625 1521.67
136.2 14.5312 1450.57
173.265 387.567 1043.97
-146.252 -513.279 1182.51
132.678 230.56 1515.43
132.572 11.14 1445.28
157.657 433.543 987.503
-145.95 -486.593 1205.58
127.062 219.046 1518.87
126.548 2.52218 1426.29
164.331 410.867 1059.48
-69.7781 -510.381 1217.44
122.813 213.619 1517.78
119.179 -12.8876 1415.09
152.605 415.892 1052.22
-133.338 -428.632 1250.15
117.831 206.015 1518.25
115.374 -22.3792 1411.6
149.474 418.467 1067.18
-134.144 -401.898 1266.61
116.387 203.727 1517.69
111.577 -40.5839 1414.17
153.048 412.537 1086.41
-0.949907 -238.108 1308.5
115.971 202.808 1514.42
112.598 -36.1968 1414.67
150.527 425.108 1097.83
-34.9158 -234.706 1304.19
114.477 201.321 1515.38
111.158 -40.8142 1420.86
155.777 434.339 1116.84
-11.8971 -261.593 1299.15
114.238 198.931 1516.12
104.942 -60.4144 1417.37
165.807 416.529 1118.97
-24.3036 -283.883 1300.53
113.553 195.561 1517.1
102.367 -57.9213 1415.43
158.687 424.867 1126.1
-56.6608 -246.269 1303.81
112.36 189.987 1518.54
100.255 -61.406 1415.19
168.04 422.632 1131.81
-64.5506 -235.319 1338.02
113.463 190.561 1518.75
99.0033 -59.0864 1416.95
166.279 425.467 1137.05
-115.34 -101.624 1447.98
111.488 185.401 1517.37
98.0487 -60.2294 1417.89
169.652 413.295 1131.92
-131.727 -118.393 1440.81
112.062 182.044 1518.33
98.1498 -61.452 1416.91
171.461 410.536 1130.94
-135.482 -127.275 1441.35
113.304 183.609 1518.88
99.7429 -60.0062 1414.55
174.1 410.441 1128.38
-125.014 -119.594 1449.07
113.493 183.929 1519.02
100.113 -60.0914 1414.49
171.302 406.631 1124.93
-103.968 -223.885 1464.49
113.204 180.357 1517.43
100.59 -61.1585 1414.01
177.592 398.075 1118.56
-84.0858 -62.473 1476.94
113.508 181.336 1517.17
99.8673 -62.4793 1414.25
182.201 391.547 1109.73
-116.252 -251.847 1502.96
113.535 182.261 1516.28
98.6817 -62.4717 1414.74
183.884 386.887 1101.8
-123.221 -259.43 1526.47
114.932 182.419 1506.88
92.8668 -51.9768 1428.88
182.306 390.981 1099.12
-128.738 -284.874 1538
116.405 183.425 1501.1
92.7473 -51.0152 1429.26
182.564 385.935 1085.68
-131.658 -295.373 1552.21
118.944 188.113 1492.07
94.2188 -56.6687 1423.48
178.715 370.063 1061.73
-124.753 -297.44 1524.68
119.581 188.041 1490.34
93.767 -59.7784 1420.05
179.968 359.46 1041.19
-124.386 -298.458 1501.11
120.751 186.839 1488.33
91.2835 -62.4331 1418.26
175.862 365.307 1030.88
-123.392 -299.991 1472.21
120.034 183.243 1493.7
89.8503 -64.0434 1415.75
170.836 341.439 1009.69
-123.89 -294.349 1469.42
118.743 182.394 1496.96
89.0574 -63.4475 1417.94
167.703 339.47 992.832
-120.579 -288.502 1455.5
118.994 183.865 1495.93
87.57 -63.7053 1417.56
166.396 325.336 978.574
-120.836 -290.521 1445.12
118.824 183.956 1497.11
85.5318 -66.1339 1415.74
163.638 304.36 961.123
-121.658 -272.422 1446.77
118.777 183.819 1497.21
84.498 -67.1486 1415.97
160.405 278.395 943.936
-120.631 -131.781 1444.27
118.722 184.65 1497.27
87.5142 -62.281 1400.77
161.731 255.161 928.738
-127.652 -256.177 1464.14
97.2809 188.629 1511.76
80.8586 -55.4874 1407.7
160.459 230.026 912.57
-126.464 -245.779 1463.98
89.4891 182.379 1518.28
79.2804 -61.5891 1405.89
158.868 203.798 897.045
-129.264 -239.507 1476.12
101.002 186.011 1508.31
77.2487 -63.8027 1403.99
152.702 180.276 883.591
-95.2016 -90.5375 1455.52
108.997 185.619 1503.23
77.751 -63.9727 1404.98
160.534 143.874 883.229
-88.1812 -80.9212 1449.02
109.821 185.866 1507.64
75.2483 -64.9767 1395.96
149.907 103.3 868.407
-142.016 -245.19 1518.31
116.767 188.082 1528.88
79.5807 -58.3123 1385.31
154.285 50.2003 861.913
-149.267 -243.293 1533.21
117.375 188.471 1540.79
77.7259 -55.0956 1382.47
155.991 10.7351 851.601
-153.378 -249.789 1554.4
116.768 187.802 1547.72
77.2586 -56.2614 1383.7
152.307 -15.9654 841.368
-156.728 -257.228 1571.27
114.675 185.305 1542.09
75.6078 -55.4401 1384.11
155.011 -63.6135 839.878
-159.18 -266.459 1586
112.353 182.824 1540.67
68.3504 -66.9793 1391.63
158.462 -89.412 834.692
-150.087 -296.25 1551.89
110.475 180.58 1541.23
74.0282 -44.3849 1355.05
162.621 -139.013 836.741
-144.541 -305.848 1508.79
108.73 177.864 1541.77
81.3815 -40.7114 1333.62
161.342 -184.906 836.483
-137.843 -315.359 1468.15
102.879 169.494 1545.87
73.3972 -50.3753 1335.43
161.272 -218.092 837.565
-90.1177 -464.742 1193.04
104.086 170.747 1544.87
70.3635 -52.2669 1345.21
158.849 -256.432 850.141
-132.847 -455.448 1200.15
101.51 168.036 1548.07
76.4948 -63.8182 1368.28
164.668 -297.498 874.35
-130.556 -470.06 1201.55
100.859 168.13 1548.21
76.5514 -68.441 1375.6
174.658 -329.865 883.545
-121.259 -478.192 1207.44
101.007 168.764 1545.99
77.4397 -71.3758 1379.78
221.888 -297.34 983.338
-131.409 -483.644 1198.17
100.072 169.307 1544.78
77.4385 -71.7471 1386.92
234.31 -374.18 979.805
-130.737 -488.783 1199.34
99.4983 168.892 1544.48
78.5764 -71.9643 1389.77
247.347 -393.424 1016.06
-134.564 -480.756 1200.78
96.467 166.04 1545.51
80.2137 -73.1853 1392.36
262.438 -407.879 1059.08
-135.192 -476.447 1203.26
96.6523 165.914 1546.21
81.9235 -75.9313 1394.85
270.55 -415.018 1087.67
-135.402 -473.394 1203.61
96.9915 166.294 1545.34
82.4158 -76.3583 1396.41
277.838 -420.124 1115.14
-107.166 -478.646 1194.83
96.3941 165.992 1545.85
82.5988 -76.1576 1397.25
286.068 -426.653 1138.34
-137.923 -470.443 1190.67
95.836 165.635 1545.95
83.0717 -77.499 1398.08
288.631 -423.735 1146.85
-103.771 -488.976 1184.91
94.3892 164.126 1545.07
83.9323 -79.1107 1398.11
292.714 -423.367 1150.62
-135.742 -488.309 1181.96
93.4983 163.057 1544.75
85.9159 -82.7232 1399.34
294.849 -422.338 1150.88
-134.217 -489.801 1182.03
93.7752 163.029 1545.02
85.6253 -82.7922 1399.63
300.012 -422.889 1153.02
-134.299 -488.064 1178.78
93.4826 162.783 1544.51
85.6421 -83.2249 1401.52
303.035 -421.862 1156.62
-135.648 -484.036 1177.93
92.8261 162.879 1544.09
85.0701 -82.5977 1402.55
306.231 -420.51 1155.08
-107.372 -485.685 1189.78
92.5199 162.464 1543.39
84.8575 -81.8348 1402.38
305.757 -418.881 1146.09
-131.151 -479.416 1181.74
92.408 161.987 1543.35
85.191 -81.8665 1402.54
304.91 -419.728 1132.63
-126.733 -474.877 1182.81
92.5352 161.676 1543.6
85.2272 -82.4151 1404.17
306.104 -413.88 1125.11
-108.806 -471.889 1192.56
92.3703 161.826 1543.83
84.9528 -82.9226 1405.1
302.038 -412.84 1110.93
-128.312 -473.97 1180.87
91.9405 162.281 1544.25
84.8949 -82.4477 1405.64
302.041 -397.018 1098.31
-129.188 -473.945 1173.3
91.525 162.627 1544.64
85.0844 -83.111 1405.35
296.603 -395.466 1082.22
-130.472 -471.555 1172.61
90.8523 163.077 1545.65
84.3934 -81.3638 1403.96
289.307 -386.219 1057.27
-129.987 -471.588 1176.15
90.2803 163.749 1546.34
83.244 -81.781 1404.54
280.542 -377.576 1030.15
-129.481 -475.905 1169.07
89.1934 164.252 1546.78
81.652 -80.295 1403.92
269.169 -362.218 1006.81
-111.371 -478.318 1175.34
88.1445 164.106 1547.48
80.8065 -81.1519 1403.99
254.839 -350.065 978.074
-127.008 -480.002 1180.24
87.4126 163.595 1547.94
79.0391 -81.749 1400.43
238.007 -332.123 956.84
-99.9358 -492.491 1176.02
86.5834 163.358 1548.08
78.7525 -81.851 1397.44
230.354 -314.55 939.122
-111.813 -493.227 1172.52
85.5621 163.428 1548.85
79.3246 -81.3586 1399.52
220.595 -307.493 910.433
-127.056 -487.875 1175.56
84.4184 163.437 1550.01
80.2686 -77.1334 1392.88
212.496 -280.749 882.963
-128.16 -488.632 1181.39
83.5292 163.524 1551.32
78.461 -75.0405 1394.23
207.265 -244.322 876.699
-132.853 -484.733 1179.88
82.9427 163.256 1552.46
76.9513 -71.4792 1398.29
192.111 -205.567 853.75
-129.905 -481.509 1195.07
82.6011 162.636 1554.22
73.4001 -59.6285 1415.12
182.284 -157.795 831.991
-133.536 -462.342 1230.96
82.5543 162.394 1555.82
71.8774 -60.2753 1416.29
177.038 -97.095 837.741
-133.207 -469.763 1230.24
83.471 162.447 1557.22
70.8486 -60.6547 1415.42
164.403 -57.2511 838.133
-136.548 -467.038 1227.83
84.2666 163.183 1558.53
81.5186 -45.0962 1411.6
164.58 -20.6821 831.817
-124.774 -450.312 1239.25
83.7624 164.984 1561.01
87.4165 -35.8284 1409.93
153.298 24.5531 846.931
-132.182 -445.932 1233.4
87.2595 174.199 1567.25
86.9293 -40.0195 1408.38
142.048 67.152 867.441
-133.293 -440.806 1230.24
85.481 171.207 1564.47
84.3909 -46.1568 1409.52
221.119 99.6391 1021.31
-134.183 -450.838 1229.89
84.8107 170.109 1561.97
85.4007 -51.2385 1410.4
166.444 140.832 977.952
-127.064 -453.234 1226.13
91.2321 176.985 1548.72
80.5501 -51.8037 1429.63
186.745 181.984 1003.64
-122.826 -468.413 1211.65
100.25 189.591 1542.76
84.4047 -42.7789 1431.28
148.469 234.498 972.385
-125.829 -472.682 1218.33
103.303 197.716 1536.42
85.7949 -48.1706 1428.16
143.114 260.4 977.528
-92.5787 -467.143 1219.64
104.269 199.829 1530.76
87.6736 -53.7286 1424.96
143.985 282.217 979.695
-126.228 -453.867 1227.23
105.783 201.833 1523.4
86.8607 -55.3653 1426.68
142.197 309.913 992.141
-100.999 -454.566 1217.86
108.917 204.929 1514.66
94.501 -40.1005 1422.11
140.378 348.166 1010.63
-120.182 -465.582 1225.71
111.398 199.647 1512.32
93.9155 -46.0167 1421.83
140.024 366.898 1016.01
-125.858 -461.827 1224.45
110.984 198.66 1517.16
98.217 -46.2777 1417.76
139.888 380.765 1031.04
-107.937 -458.116 1226.18
110.227 184.891 1521.46
96.2631 -50.2309 1417.18
138.837 395.461 1052.29
-93.8507 -451.085 1210.72
110.002 184.712 1519.17
94.3504 -53.0879 1417.8
138.918 413.719 1066.52
-123.066 -460.772 1229.14
108.68 184.814 1519.87
93.6525 -55.3227 1418.41
137.03 423.015 1084.3
-124.538 -453.294 1231.03
107.707 184.008 1520.68
104.989 -51.6393 1421.85
134.494 426.23 1103.92
-123.651 -446.743 1229.31
106.388 178.364 1524.64
102.383 -53.1859 1422.05
138.509 429.368 1117.43
-123.943 -448.428 1222.72
104.875 175.171 1527.49
100.265 -54.084 1424.63
137.681 437.516 1128.33
-91.3175 -446.358 1207.58
104.531 173.769 1530.34
97.8655 -54.4047 1423.52
136.652 442.992 1137.36
-104.027 -450.232 1214.02
104.057 173.345 1532.48
101.156 -55.2572 1406.62
136.874 437.291 1133.27
-102.701 -437.23 1224.66
102.537 172.491 1534.15
97.8683 -53.155 1407.06
139.189 441.232 1139.33
-119.882 -434.342 1230.82
103.306 173.777 1532.78
97.6001 -50.7459 1414.43
138.152 443.64 1144.96
-123.335 -430.492 1226.76
104.066 176.087 1532.18
97.7144 -46.3341 1418.1
137.842 441.303 1147.42
-118.128 -417.245 1241.38
105.539 177.089 1531.07
97.6237 -46.1946 1419.47
141.21 443.95 1149.93
-126.186 -398.647 1255.7
106.108 177.079 1529.65
95.9973 -45.8094 1417.63
138.483 452.876 1155.89
-128.949 -400.46 1257.53
105.492 177.607 1529.2
95.98 -46.7723 1418.72
145.297 453.726 1153.22
-127.733 -394.106 1259.57
105.185 177.768 1528.91
95.8001 -45.8561 1416.54
146.767 445.489 1151.83
-129.555 -373.963 1278.93
106.825 179.808 1525.06
95.1513 -47.5949 1415.2
142.109 446.248 1150.14
-129.116 -382.626 1270.29
107.168 181.002 1518.39
94.5958 -49.0031 1416.82
144.481 446.431 1146.81
-121.924 -396.676 1254.43
105.945 179.013 1520.65
92.1899 -49.3653 1419.52
141.399 449.197 1139.04
-118.364 -396.707 1256.49
105.427 177.889 1520.98
92.1452 -49.1502 1418.92
138.509 439.811 1127.31
-116.871 -400.702 1246.3
106.493 179.353 1517.09
92.1398 -49.0101 1417.72
140.96 433.418 1114.07
-129.301 -394.58 1251.85
105.38 178.865 1517.79
81.1636 -59.9822 1410.96
144.304 411.485 1092.68
-47.2746 -339.351 1293.8
105.275 178.825 1514.82
81.5834 -61.5501 1404.48
143.164 409.903 1078.14
-127.766 -395.606 1244.5
101.603 177.312 1508.65
84.8944 -58.6165 1408.01
145.268 385.304 1054.49
-130.424 -386.558 1250.56
100.696 177.708 1506.82
86.4373 -57.3948 1408.87
147.395 358.644 1031.31
-128.968 -392.609 1242.83
99.964 181.113 1499.96
86.3354 -57.8174 1408.78
147.737 341.286 1008.24
-129.956 -390.437 1245.81
102.947 199.241 1479.82
86.5931 -57.2617 1408.66
147.097 312.024 988.112
-132.885 -377.972 1256.38
105.115 208.335 1473.4
86.5775 -57.5881 1407.48
140.953 305.232 968.279
-132.173 -379.797 1253.78
127.533 227.931 1474.91
85.9093 -54.4751 1392.63
144.846 289.541 954.612
-135.872 -364.184 1260.03
123.367 227.169 1464.99
84.9136 -66.9775 1389.28
140.275 284.131 937.847
-134.938 -373.726 1258.58
144.826 220.478 1425.21
83.8182 -63.7838 1390.77
134.27 251.089 919.434
-135.511 -379.542 1255.65
141.953 221.652 1419.91
82.8715 -61.6444 1393.19
136.309 212.885 898.096
-133.312 -393.127 1243.7
138.482 231.735 1416.37
80.0109 -62.2294 1386.44
131.247 184.45 881.378
-132.61 -405.646 1231.91
130.357 224.364 1388.9
76.7945 -62.5512 1373.69
131.719 148.008 882.097
-130.884 -423.972 1201.32
110.959 221.171 1338.6
51.691 -9.22349 1363.79
142.161 63.0204 865.074
-148.77 -395.802 1196.87
106.102 222.082 1329.65
47.1917 -17.7928 1362.74
145.736 8.48968 847.008
-148.974 -398.364 1190.42
87.823 185.955 1570.18
45.317 -24.3647 1375.92
137.144 -33.6174 835.483
-144.399 -407.957 1199.03
89.563 182.479 1563.68
44.1324 -28.5623 1378.65
131.721 -85.3818 839.237
-147.311 -424.644 1177.45
89.7484 178.805 1550.77
21.1799 -47.0388 1399.17
127.256 -108.916 830.667
-134.19 -443.213 1194.97
88.7052 179.594 1543.52
35.8259 47.9936 1358.98
120.686 -101.749 821.55
-141.286 -472.268 1216.19
87.6769 182.489 1543.72
56.1089 17.152 1376.02
146.063 -138.302 811.793
95.8975 -245.847 894.934
86.5 183.059 1543.65
62.8427 -9.11367 1388.01
158.772 -200.48 830.765
104.205 -235.513 867.659
84.9703 183.589 1540.46
64.489 -24.5668 1391.23
157.964 -249.662 842.109
107.11 -269.859 871.661
84.1914 183.467 1538.22
64.4598 -46.2452 1397.46
155.922 -284.311 848.846
102.346 -315.26 887.546
84.1236 183.608 1536.66
66.1527 -47.3989 1397.98
142.701 -321.679 858.385
96.4519 -373.238 904.676
83.2855 183.427 1534.52
67.1054 -50.701 1395.4
217.229 -341.208 969.866
115.751 -395.658 922.294
82.478 183.411 1533.45
67.216 -51.5919 1395.13
228.588 -361.778 973.122
-127.512 -497.415 1169.2
81.3877 182.919 1532.53
69.3184 -56.4722 1392.12
230.869 -378.281 991.322
-134.557 -494.281 1181.51
80.2971 182.087 1531.28
75.3534 -63.0319 1384.61
245.554 -394.787 1019.56
-126.57 -495.317 1195.7
80.1712 181.8 1530.2
75.141 -62.6657 1386.66
254.301 -406.448 1040.44
-127.072 -487.48 1191.34
80.4206 181.641 1529
78.4977 -65.2828 1383.85
264.41 -406.772 1068.64
-92.0844 -507.317 1202.15
80.0256 181.464 1527.29
78.499 -64.9482 1383.54
272.02 -410.831 1082.95
-135.118 -487.262 1181.02
79.7644 180.936 1526.52
80.7885 -66.9341 1380.58
277.628 -412.346 1098.61
-134.447 -488.772 1179.24
79.7991 180.259 1525.42
82.9634 -69.2183 1378.59
283.589 -417.9 1112.35
-136.503 -484.809 1173.81
80.0217 179.642 1524.71
82.0281 -69.2845 1380.53
286.608 -420.558 1115.85
-137 -478.044 1176.28
80.3321 179.643 1523.95
81.1167 -70.0557 1382.47
290.364 -415.007 1126.01
-127.229 -483.757 1175.19
80.8799 179.817 1523.24
81.0132 -75.0418 1384.66
293.887 -413.289 1136.76
-133.472 -477.155 1167.48
80.8575 179.771 1522.13
81.0868 -76.2019 1385.18
295.828 -410.368 1136.81
-128.953 -481.111 1171.8
80.8414 179.278 1521.26
82.067 -78.5557 1385.17
297.374 -415.612 1126.15
-130.005 -477.206 1168.2
80.5568 179.111 1520.78
80.8863 -77.7196 1385.91
298.692 -407.746 1126.92
-129.901 -476.912 1166.06
80.3832 179.307 1520.82
79.3452 -80.992 1388.08
297.445 -406.236 1120.13
-129.529 -475.192 1167.85
80.5599 179.027 1520.76
80.1186 -83.1336 1387.53
295.882 -403.139 1113.83
-128.384 -474.569 1167.23
80.6066 179.005 1521.17
79.3033 -81.1727 1388.14
294.615 -398.781 1109.22
-118.132 -478.978 1175.23
80.8004 178.796 1521.57
78.414 -79.7582 1388.79
293.02 -392.753 1103.63
-124.688 -471.001 1171.92
81.0733 178.428 1522.32
77.9224 -79.2975 1387.87
289.709 -395.177 1094.82
-127.587 -473.846 1165.12
80.8222 178.487 1523.29
76.8554 -79.552 1388.7
285.636 -389.952 1079.27
-93.6531 -471.364 1178.37
80.9888 178.827 1524.45
75.861 -78.4111 1389.45
280.133 -384.095 1062.86
-126.166 -466.039 1175.83
80.9967 178.818 1525.26
75.4203 -77.3287 1389.85
277.497 -324.516 1099.11
-129.338 -471.793 1171.66
81.4196 178.466 1525.6
74.9142 -76.7888 1389.66
274.35 -308.07 1083.18
-123.036 -472.539 1174.98
81.6292 178.013 1526.15
74.5844 -76.9024 1389.03
269.728 -295.658 1060.17
-120.319 -473.67 1176.24
81.9051 178.265 1526.86
74.5936 -77.3964 1388.69
244.494 -349.657 969.386
-128.983 -478.005 1171.15
82.3463 177.963 1527.93
73.8013 -77.9609 1388.72
230.691 -337.291 939.349
-124.985 -463.876 1186.94
82.682 177.754 1529
73.257 -76.9714 1388.04
219.295 -314.261 915.384
-128.897 -453.275 1201.26
83.1527 177.176 1529.82
72.845 -75.9375 1388
216.667 -294.718 884.984
-129.453 -453.755 1209.83
83.6249 176.607 1531.03
72.751 -74.0025 1388.04
205.072 -282.829 853.657
-130.245 -452.315 1207.42
84.6052 176.108 1531.79
72.0804 -72.6341 1387.7
198.72 -249.097 835.463
-132.188 -446.704 1214.89
85.3259 174.924 1533.04
71.8085 -72.2659 1387.47
189.173 -205.059 826.238
-126.021 -443.741 1219.11
86.1014 173.824 1534.72
61.414 -67.9932 1392.2
182.876 -160.727 810.991
-127.867 -422.857 1245.12
86.6476 173.262 1535.38
52.6256 -66.6757 1380.12
174.562 -106.009 808.762
-125.391 -416.466 1255.1
87.1414 172.235 1536.34
54.5768 -70.6883 1379.61
165.764 -61.6787 815.923
-133.734 -388.152 1277.05
88.5644 170.637 1536.87
64.1898 -76.1103 1371.68
164.108 -24.6969 815.26
-116.774 -319.51 1374.77
89.7628 171.061 1537.06
67.3902 -71.1358 1380.02
170.454 31.5713 823.245
-135.594 -368.3 1292.36
90.7475 172.571 1538.13
72.5328 -67.6789 1382.23
145.247 79.0996 848.208
-139.716 -357.034 1295.55
91.0163 172.507 1537.74
77.5573 -72.5713 1396.78
130.89 122.557 866.162
-138.388 -356.259 1303.67
91.329 171.988 1536.53
80.5511 -69.7537 1398.16
230.743 45.4864 1155
-118.91 -325.365 1407.88
91.4919 172.044 1535.75
80.2096 -71.1826 1397.43
228.76 35.5791 1151.01
-122.627 -311.027 1434.01
106.299 185.276 1519.85
80.6288 -71.9333 1398.21
213.275 161.157 1069.54
-128.105 -303.99 1453.07
113.47 195.288 1509.5
83.0751 -68.3729 1402.05
110.716 250.195 940.787
-133.34 -302.016 1468.72
120.217 207.741 1499.91
84.6003 -66.5996 1405.44
107.297 275.004 954.383
-134.884 -289.535 1486.64
123.83 216.985 1498.8
84.6275 -64.1853 1408.4
153.015 292.339 975.852
-134.168 -291.96 1481.57
125.335 217.882 1499.78
84.0613 -62.6708 1410.67
152.222 316.338 989.281
-133.31 -284.966 1479.71
129.362 201.583 1480.94
83.6254 -62.8459 1410.23
151.567 338.9 993.142
-126.087 -281.865 1451.34
127.616 192.297 1475.15
83.9007 -61.2741 1411.37
156.572 357.681 1009.03
-129.547 -127.375 1447.87
121.61 177.577 1480.02
79.7617 -69.1691 1406.09
153.553 382.041 1034.2
-132.091 -136.29 1442.7
117.339 173.86 1485.95
80.8945 -65.8022 1405.72
152.964 390.196 1054.81
-125.826 -268.889 1466.03
103.135 176.174 1508.55
83.528 -64.5856 1408.82
153.785 411.21 1087.87
-129.427 -276.914 1470.38
105.35 176.004 1512.01
84.0521 -54.7951 1410.53
157.628 449.523 1140.92
-114.6 -286.91 1431.28
106.369 175.915 1510.16
84.5723 -54.1095 1410.35
159.347 450.193 1150.5
-121.386 -99.1626 1445.46
111.056 180.382 1512.03
85.9262 -49.9614 1407.98
167.39 439.201 1132.53
-135.346 -129.29 1431.99
109.5 180.498 1511.82
84.6797 -52.432 1406.83
162.431 426.824 1123.51
-134.74 -123.17 1431.63
108.259 180.16 1510.95
84.2871 -53.6017 1406.45
159.852 418.047 1106.69
-133.319 -118.661 1434.12
106.722 179.84 1510.18
83.782 -54.7248 1406.77
160.617 411.777 1089.8
-134.933 -123.192 1433.2
105.777 180.224 1509.12
84.2518 -55.4117 1406.23
160.507 402.096 1071.58
-134.679 -121.798 1433.15
101.623 180.296 1501.89
84.0774 -58.7313 1403.85
156.239 386.007 1050.22
-143.762 -133.161 1431.61
98.9605 182 1498.33
83.773 -56.9434 1404.1
154.544 383.67 1035.57
-146.656 -145.749 1426.67
103.723 193.574 1475.52
80.729 -46.3048 1402.24
156.191 355.778 996.553
-106.829 -295.365 1363.11
106.281 194.708 1471.52
80.5084 -50.5234 1399.26
146.819 333.48 981.309
-108.867 -290.729 1358.85
108.576 195.667 1469.8
80.3206 -52.8316 1398.51
146.689 319.931 964.232
-110.96 -102.804 1434.91
138.392 224.671 1431.12
74.092 -47.0623 1392.09
131.573 212.036 892.499
-143.665 -351.624 1263.42
129.155 236.819 1436.47
73.5891 -41.8378 1385.21
129.844 180.354 883.437
-144.565 -311.121 1288.74
118.136 237.054 1410.94
73.8566 -45.0047 1376.03
118.63 151.95 876.047
-143.412 -337.276 1271.34];