-94.9065 -125.158 1320.99
12.0739 -250.386 1283.07
-166.187 -268.111 1265.78
-31.2798 300.169 1525.76
-112.756 8.93233 1367.55
131.563 -304.954 1201.57
-313.256 -225.385 988.733
-94.4336 -125.013 1318.61
13.1175 -249.397 1280.06
-166.921 -266.492 1261.56
-31.384 300.658 1523
-111.965 7.919 1366.41
45.6099 -304.723 1133.41
-314.375 -223.344 992.271
-95.6155 -124.991 1317.92
13.5347 -247.429 1277.95
-170.582 -264.796 1260.15
-31.3576 300.284 1521.03
-112.707 6.13053 1366.79
131.052 -374.706 1192.34
-330.966 -199.679 980.183
-95.299 -124.943 1316.01
14.1162 -248.191 1276.93
-171.901 -263.61 1256.07
-30.6676 300.775 1522.35
-111.706 6.01492 1365.51
78.2293 -283.684 1189.99
-332.382 -172.856 953.438
-92.9798 -123.419 1313.36
18.8312 -245.201 1270.15
-171.44 -262.444 1252.4
-30.5881 300.357 1520.21
-109.655 6.98451 1365.44
80.6021 -293.904 1180.49
-325.084 -175.314 958.673
-75.7993 -129.265 1311.73
28.1727 -272.114 1267.83
-157.959 -281.365 1254.65
-28.5817 298.276 1500.6
-86.7056 18.2091 1362.23
133.244 -265.111 1167.42
-341.396 -190.884 922.631
-68.6543 -120.907 1305.66
45.5648 -256.084 1260.45
-158.184 -269.743 1249.13
-28.8564 298.495 1499.9
-80.9992 21.1001 1356.53
178.472 -100.301 903.955
-324.451 -222.652 976.659
-57.8256 -123.678 1307.74
43.966 -260.375 1260.04
-159.269 -259.174 1256.03
-28.6273 298.626 1498.79
-57.9999 12.4193 1357.44
169.477 -76.0783 904.405
-334.175 -183.111 956.507
-50.1784 -135.787 1322.51
40.5771 -276.497 1279.46
-166.173 -257.275 1281.58
-28.776 298.691 1497.91
-37.5589 -4.68815 1364.5
172.285 -50.1504 893.482
-333.087 -197.781 981.622
-46.1639 -141.454 1327.74
39.6895 -287.068 1286.74
-170.491 -258.396 1294.23
-29.2701 298.339 1497.19
-26.9271 -10.1761 1365
193.962 -51.2967 917.505
-332.892 -216.906 1001.05
-41.712 -147.263 1322.65
46.0326 -293.16 1279.24
-166.066 -269.913 1303.59
-29.6619 298.298 1497.01
-23.4074 -12.9892 1353.89
185.434 -18.0197 931.729
-315.042 -232.803 1031.99
-37.1395 -145.42 1325.68
44.4086 -293.744 1277.62
-161.843 -268.143 1307.02
-29.7606 298.871 1496.96
-15.5615 -9.8973 1359.03
193.2 -2.77331 960.539
-311.654 -233.511 1034.48
-35.3261 -138.666 1322.72
31.6224 -287.179 1263.65
-159.501 -258.025 1303.69
-29.923 298.651 1497.24
-6.71292 -4.7303 1361.77
194.833 18.0118 956.336
-309.486 -177.563 959.067
-35.3166 -138.163 1313.9
32.6242 -289.145 1251.69
-161.039 -258.871 1283.81
-30.4663 298.206 1497.12
-6.42567 -2.318 1360.06
189.134 59.717 968.004
-312.073 -232.422 1038.55
-32.6956 -136.506 1306.02
38.3399 -290.663 1246.37
-155.021 -264.809 1275.3
-30.6611 298.399 1497.61
-7.05049 4.72354 1351.21
199.955 65.8211 982.317
-312.667 -221.395 1034.42
-33.2531 -143.423 1303.46
44.9942 -290.529 1252.77
-150.779 -269.847 1280.29
-31.4481 299.326 1497.8
-13.6137 -6.65901 1340.39
189.528 99.2404 970.013
-309.16 -203.607 1046.9
-30.6351 -136.848 1297.29
55.7447 -277.118 1256.67
-155.276 -250.241 1277.44
-32.1381 299.489 1497.57
-11.5047 -10.0165 1327.53
278.866 38.3155 992.022
-303.297 -199.133 1059.16
-32.5355 -139.529 1300.09
51.0158 -283.847 1268.51
-158.957 -251.278 1281.77
-32.594 300.026 1497.63
-11.1006 -11.4964 1325.04
193.057 130.846 997.514
-306.393 -186.515 1049.25
-28.6664 -138.553 1303.28
69.1497 -281.059 1276.99
-161.494 -250.884 1285.8
-33.1909 300.501 1497.99
-11.1606 -11.1349 1325.16
191.452 164.633 1014.47
-308.814 -187.349 1041.25
-30.9368 -113.305 1292.52
85.5757 -230.002 1227.68
-183.552 -203.263 1288.76
-33.5004 300.66 1496.81
-12.8855 -9.97693 1326.83
183.069 195.261 985.571
-304.993 -191.683 1079.41
-33.5258 -113.382 1294.92
82.6271 -231.379 1224.19
-186.705 -207.944 1291.52
-32.7035 302.046 1496.16
-15.0126 -7.10296 1331.99
178.09 223.984 993.396
-300.93 -197.624 1078.67
-37.0455 -111.244 1293.62
77.5691 -227.758 1217.7
-190.337 -205.987 1292.72
-31.0159 306.638 1496.69
-17.7074 -5.61548 1332.02
170.021 260.067 995.313
-300.975 -193.287 1087.03
-40.893 -108.958 1294.14
76.0323 -222.164 1215.38
-192.452 -207.544 1293.1
-29.7419 306.576 1496.37
-23.5761 -3.06084 1334.04
167.784 287.325 1002.64
-300.84 -195.354 1090.88
-38.9591 -104.194 1293.2
79.9663 -224.371 1226.39
-194.333 -198.569 1292.11
-28.6081 307.037 1496.15
-20.7349 3.08188 1327.14
166.327 297.005 1017.36
-303.582 -190.513 1090.48
-43.2284 -99.9757 1299.97
76.6162 -217.438 1234.46
-198.585 -191.155 1298.5
-27.3601 308.237 1495.71
-25.4721 4.3448 1333.45
165.417 307.13 1039.26
-303.132 -191.474 1082.4
-53.0975 -97.1576 1312.87
61.5007 -213.722 1261.19
-180.24 -209.604 1288.76
-26.0093 310.44 1494.66
-46.8252 17.348 1350.77
168.294 333.599 1074.29
-308.348 -206.219 1052.68
-56.3092 -107.691 1327.5
39.166 -237.889 1293.42
-178.521 -218.193 1318.41
-19.6165 316.245 1491.82
-42.9409 12.6591 1349.09
172.198 317.765 1080.55
-308.969 -180.242 1048.9
-54.498 -111.632 1329.28
38.8841 -245.827 1300.86
-174.565 -225.843 1320.59
-21.635 314.807 1491.84
-41.1555 12.572 1347.83
172.801 319.346 1093.68
-309.466 -176.999 1045.24
-55.2089 -115.828 1337.56
31.0994 -254.21 1325.27
-173.405 -228.753 1332.33
-22.2386 314.311 1491.15
-39.265 9.82589 1346.33
171.459 311.168 1114.43
-307.892 -171.438 1037.88
-52.9473 -116.598 1337.66
34.3482 -255.562 1331.52
-172.042 -229.473 1330.94
-14.7193 318.208 1481.98
-37.0479 9.32172 1344.1
168.693 317.84 1130.13
-308.124 -169.166 1023.53
-57.8602 -107.568 1309.01
31.7666 -246.216 1282.61
-185.831 -206.593 1266.92
-15.4746 318.26 1480.85
-38.6883 11.2695 1343.25
166.048 316.045 1145.52
-321.1 -118.969 923.545
-56.8321 -109.378 1307.18
36.9123 -248.142 1284.79
-185.395 -211.013 1266.11
-15.0964 318.355 1479.51
-39.4228 10.822 1338.9
160.137 336.261 1141.33
-274.013 -139.809 1000.91
-55.6889 -119.17 1304.51
39.4943 -264.95 1279.36
-179.34 -236.584 1261.28
-13.9802 318.158 1476.01
-41.4547 12.4267 1338.7
169.125 320.992 1142.68
-333.616 -133.245 932.052
-55.6515 -123.588 1303.05
42.4207 -272.826 1277.23
-180.771 -246.645 1261.12
-14.6419 316.015 1476.65
-42.1277 12.5591 1336.93
159.719 344.324 1136.32
-279.182 -173.805 1017.42
-55.6863 -123.507 1302.68
44.2247 -272.762 1277.13
-179.228 -248.902 1258.8
-13.8042 315.784 1476.03
-43.8708 13.8175 1337.39
159.973 341.431 1133.82
-326.07 -160.297 966.594
-56.4241 -123.069 1301.04
40.5526 -271.447 1271.37
-176.293 -249.193 1256.04
-13.3348 315.21 1475.53
-44.9782 14.1826 1338.37
159.553 334.073 1124.67
-330.281 -135.729 919.654
-57.017 -126.191 1305
24.9909 -273.96 1271.76
-164.155 -256.456 1270.09
-12.756 313.39 1474
-44.4521 12.8265 1339.08
155.332 332.346 1102.26
-333.385 -140.032 938.997
-59.1312 -122.039 1299.45
18.5592 -269.342 1260.3
-167.969 -248.142 1260.47
-11.5323 310.3 1467.79
-43.5576 14.6646 1338.51
156.326 313.868 1086.84
-335.312 -134.749 924.533
-56.067 -107.124 1295.66
19.1198 -246.997 1250.97
-165.962 -225.688 1262.8
-11.2823 306.178 1447.23
-38.7127 22.0942 1334.43
145.77 315.195 1054.72
-333.447 -168.621 1005.44
-57.842 -99.7082 1298.65
17.528 -239.761 1248.9
-174.684 -214.784 1269.04
-9.14323 307.825 1453.32
-37.1059 27.8561 1338.33
146.669 291.998 1038.21
-326.522 -144.652 958.384
-60.5096 -101.61 1310.48
32.1069 -242.196 1261.69
-194.754 -214.152 1304.52
-9.28553 310.218 1460.27
-39.6955 24.9545 1337.86
140.394 278.792 1001.37
-326.004 -164.182 1006.26
-59.4482 -94.4694 1308.52
46.7012 -223.039 1249.85
-202.094 -198.837 1308.76
-10.134 311.039 1460.67
-41.1999 21.999 1337.74
134.983 264.561 970.875
-336.806 -185.303 1026.68
-52.8518 -90.4103 1304.75
69.4567 -207.37 1243.78
-197.171 -197.658 1299.65
-11.8873 312.049 1462.63
-41.8463 21.6931 1337.78
134.063 251.102 956.112
-331.444 -156.588 959.746
-58.9506 -90.8704 1305.29
61.6654 -208.573 1241.64
-207.816 -192.195 1310.42
-25.1195 318.827 1471.11
-44.8261 18.6435 1334.56
133.027 218.109 932.395
-322.522 -146.849 967.263
-61.545 -88.0366 1300.87
50.4995 -206.589 1233.58
-209.657 -183.918 1303.48
-33.1585 323.123 1475.37
-43.5111 19.1805 1333.21
133.09 182.093 916.949
-315.757 -168.064 1020.34
-53.3317 -96.7072 1289.32
58.5681 -214.749 1221.19
-193.375 -203.7 1283.12
-37.6323 322.902 1478.54
-39.26 15.8099 1326.49
132.649 158.131 912.794
-325.522 -154.227 959.391
-55.5355 -96.4666 1286.86
54.1553 -213.816 1218.06
-196.37 -199.628 1279.15
-30.1053 319.198 1473.95
-39.9635 13.7887 1325.12
133.728 129.851 890.557
-321.601 -153.675 961.523
-53.8249 -101.265 1285.28
54.028 -221.084 1219.12
-192.552 -206.409 1277.16
-36.2999 320.32 1476.72
-38.3879 11.2158 1322.43
130.603 100.345 876.196
-322.271 -179.516 997.525
-52.664 -111.002 1284.36
54.7783 -228.6 1222.43
-185.681 -217.491 1271.11
-39.2264 320.708 1478.83
-39.8765 1.04129 1321.96
134.136 71.7497 879.184
-324.394 -163.576 953.821
-48.573 -110.755 1284.51
57.5586 -235.844 1225.89
-176.355 -227.793 1266.6
-40.4853 319.52 1482.59
-37.7475 10.3091 1322.77
131.073 54.191 881.367
-319.949 -202.793 987.824
-49.2976 -114.577 1284.21
55.0004 -238.505 1228.7
-172.041 -232.643 1266.53
-41.4422 318.621 1485.77
-40.0751 6.41996 1320.8
128.112 23.0725 877.002
-323.208 -189.93 975.342
-50.7782 -110.083 1283.55
49.4151 -222.07 1232.56
-160.107 -223.743 1265.99
-41.404 317.966 1486.5
-46.2103 2.74091 1317.83
133.752 3.97012 875.26
-318.609 -207.559 980.746
-51.6534 -117.57 1270.66
43.1287 -230.574 1220.61
-164.487 -223.453 1252.89
-42.1228 316.244 1487.37
-42.6275 -8.12682 1304.57
137.303 -17.3575 884.787
-315.819 -205.572 959.842
-52.556 -118.069 1261.89
39.6758 -230.926 1210.35
-166.438 -221.178 1244.61
-41.4501 314.456 1487.18
-41.7307 -10.0863 1296.29
129.483 -38.3561 884.131
-319.234 -184.074 911.183
-52.4872 -118.316 1252.27
35.8835 -233.646 1190.56
-167.145 -224.944 1232.21
-37.7747 312.902 1484.37
-39.3439 -7.33683 1293.16
131.381 -61.8793 887.263
-336.375 -188.332 906.536
-52.9131 -114.648 1253.32
33.4222 -230.77 1186.27
-165.093 -224.202 1224.19
-38.4792 312.315 1485.94
-39.9909 -1.81039 1301.42
124.324 -77.945 864.694
-324.297 -224.404 980.235
-57.3984 -110.366 1268.64
38.2686 -232.241 1201.77
-168.937 -232.893 1236.66
-38.5059 312.181 1487.31
-49.4625 11.8354 1318.06
168.419 -109.258 913.803
-278.706 -194.932 1025.67
-58.442 -104.044 1274.08
39.2605 -226.467 1206.58
-166.319 -228.796 1230.62
-38.4656 311.993 1488.17
-53.3547 19.5428 1329.56
176.193 -153.371 925.7
-329.914 -178.319 940.443
-55.4918 -106.4 1275.51
51.4497 -227.871 1211.43
-163.062 -234.672 1227.84
-37.9871 312.099 1488.21
-55.1776 18.4711 1331.38
128.359 -147.256 843.916
-323.725 -179.766 937.599
-55.2685 -107.573 1274.99
48.832 -224.841 1209.69
-160.152 -234.133 1232.16
-37.777 312.139 1487.78
-54.8771 14.341 1329.06
132.289 -157.979 841.59
-334.2 -190.4 925.321
-54.1367 -105.989 1272.49
56.9148 -217.782 1204.19
-159.219 -234.492 1228.46
-37.4244 312.193 1487.39
-57.121 14.1586 1328.65
129.855 -165.603 842.188
-339.186 -202.967 926.238
-52.6966 -104.641 1271.19
66.5996 -210.276 1196.32
-159.959 -237.556 1228.48
-37.0193 312.284 1487.2
-58.7135 14.6335 1329.98
130.004 -175.751 842.518
-304.631 -237.13 985.779
-49.9786 -102.671 1267.4
77.5798 -202.868 1185.51
-163.187 -237.855 1223.51
-37.4915 312.13 1487.16
-57.1534 15.019 1330.3
130.859 -181.81 842.73
-320.644 -226.127 971.787
-51.369 -97.2116 1261.18
80.0583 -193.329 1174.54
-173.023 -226.058 1210.02
-37.6539 311.547 1487.19
-56.2559 15.2701 1330.08
132.215 -192.426 853.367
-307.104 -247.911 988.824
-49.475 -100.043 1260.35
83.6328 -194.704 1171.88
-170.126 -232.821 1212.2
-37.8921 311.011 1487.4
-55.7032 13.6772 1328.66
131.518 -195.84 852.101
-306.463 -255.231 990.564
-46.689 -104.908 1252.55
94.6684 -197.319 1151.98
-173.348 -246.554 1202.25
-37.6798 310.251 1486.63
-54.0383 12.1212 1327.98
134.499 -195.36 847.91
-305.345 -263.701 992.448
-47.666 -105.309 1251.07
92.5274 -197.24 1149.75
-175.945 -244.372 1200.29
-37.4135 309.15 1485.74
-53.6233 10.1884 1327.13
136.304 -197.723 849.664
-306.364 -263.567 994.282
-52.9821 -105.966 1253.66
66.7935 -204.815 1157.5
-171.694 -237.289 1208.64
-37.4039 308.363 1484.77
-53.5141 9.12079 1324.25
136.814 -207.492 848.974
-323.985 -229.291 971.319
-57.1888 -104.838 1262.03
57.9215 -206.285 1171.42
-168.275 -234.508 1211.07
-37.6341 308.148 1484.64
-59.201 10.721 1332.81
139.963 -208.521 845.909
-309.744 -252.198 1000.88
-53.4249 -104.817 1263.3
74.1003 -203.433 1172.07
-167.678 -239.465 1207.38
-36.7632 307.67 1484.7
-60.0608 11.8156 1336.88
140.583 -202.015 844.604
-315.224 -208.819 964.07
-52.4922 -102.392 1264.08
75.641 -201.039 1171.76
-166.702 -236.229 1203.12
-36.8178 308.084 1484.55
-59.4537 13.8511 1340.71
138.273 -201.399 842.494
-315.85 -206.56 956.917
-49.2518 -102.08 1266.64
82.5012 -201.067 1176.71
-164.543 -236.584 1204.5
-36.5318 308.57 1485.08
-57.4828 14.6658 1342.68
138.906 -198.816 836.951
-324.38 -205.71 940.406
-47.8326 -107.673 1258.99
88.1873 -198.251 1176.35
-164.183 -238.07 1204.26
-36.292 308.243 1484.46
-57.6675 2.81484 1327.68
138.778 -190.623 837.159
-330.455 -198.368 936.474
-45.6113 -109.06 1268.13
94.2355 -206.746 1192.93
-160.809 -243.627 1210.03
-35.9947 307.444 1484.19
-57.9358 7.06563 1334.79
137.131 -182.888 842.329
-326.114 -222.164 964.696
-45.2346 -107.078 1279.83
94.4267 -209.891 1219.98
-158.229 -239.722 1222.42
-36.0171 307.025 1484.61
-58.568 10.6517 1338.46
138.386 -166.907 851.323
-324.04 -217.73 963.051
-44.1142 -99.7746 1269.84
90.2031 -200.026 1209.09
-148 -222.572 1192.96
-36.4492 306.827 1484.71
-59.3302 11.7497 1338.65
164.818 -197.113 887.794
-335.331 -196.233 905.743
-46.2607 -98.3886 1265.3
76.4804 -199.35 1197.49
-142.037 -217.07 1184.07
-36.6495 306.792 1484.42
-59.743 11.433 1339.83
168.448 -198.628 885.828
-330.611 -217.976 949.375
-52.3828 -115.01 1297.77
95.7786 -218.952 1229.56
-180.947 -258.597 1281.58
-36.602 306.408 1484.28
-62.1814 8.75376 1339.97
138.321 -105.551 805.167
-315.492 -198.853 976.67
-54.9191 -114.952 1299.47
87.3763 -222.238 1229.5
-181.136 -257.917 1282.61
-36.9245 306.194 1484.2
-62.9584 10.1728 1342.89
128.253 -76.4573 808.123
-325.566 -217.413 995.151
-54.4442 -117.419 1294.81
80.7014 -228.324 1223.02
-172.885 -262.207 1267.86
-36.9312 305.811 1484.43
-62.7968 10.4282 1344.18
166.783 -101.188 839.358
-313.94 -196.525 956.625
-48.8764 -114.141 1275.94
65.7345 -217.142 1212.68
-152.786 -242.343 1253.27
-37.0619 305.246 1484.91
-54.2272 1.4606 1318.91
145.717 -22.8721 838.157
-326.054 -215.261 978.161
-51.9084 -119.573 1266.64
59.2078 -224.97 1214.78
-165.394 -234.008 1253.61
-37.4614 304.542 1484.98
-50.7235 -9.65795 1299.08
150.773 -14.8438 848.186
-326.453 -199.917 977.907
-50.1175 -120.597 1258.64
54.1437 -224.108 1212.6
-158.875 -228.053 1240.5
-37.7553 303.745 1484.53
-47.8696 -15.1126 1290.72
151.882 11.6794 863.702
-328.523 -193.511 968.312
-45.0683 -118.733 1248.75
51.4255 -216.756 1203.82
-141.222 -222.491 1218.3
-37.6504 303.227 1483.74
-45.2386 -17.8417 1286.45
153.075 39.9309 886.14
-330.727 -196.639 961.695
-48.6057 -110.296 1251.57
50.0635 -204.304 1195.56
-153.387 -211.063 1227.54
-37.5312 302.666 1483.62
-45.5499 -12.9099 1291.59
154.766 74.7956 877.345
-326.979 -202.516 983.686
-49.0324 -108.208 1258.28
49.7984 -210.198 1203.46
-152.147 -216.954 1231.52
-37.7655 302.359 1484.3
-46.8906 -2.84114 1299.06
167.213 95.6037 896.376
-329.805 -189.742 979.846
-50.125 -108.515 1259.94
48.0121 -217.023 1207.83
-151.543 -222.498 1230.92
-38.7071 301.914 1485.16
-48.4845 2.72998 1300.5
170.644 121.062 898.428
-327.809 -184.069 977.596
-49.9333 -110.256 1264.99
48.2064 -224.218 1212.64
-154.677 -226.185 1234.18
-38.9492 301.291 1485.21
-46.6313 4.68928 1306.57
178.624 145.04 914.259
-308.436 -196.676 1010.28
-50.6505 -111.618 1282.92
54.6921 -230.354 1235.07
-162.704 -230.385 1254.24
-39.1754 301.269 1485.84
-47.295 7.13268 1321.18
179.083 183.75 924.72
-324.815 -171.009 935.929
-54.7986 -108.027 1291.04
49.5421 -224.516 1237.16
-166.188 -226.619 1261.22
-38.7509 302.793 1485.46
-51.2746 9.51417 1332.9
171.726 222.844 933.986
-318.793 -180.2 945.444
-58.0601 -102.295 1292.93
47.3863 -211.228 1229.63
-176.86 -213.048 1268.16
-36.2816 309.216 1480.93
-51.3831 7.54908 1336.97
167.292 253.311 934.723
-332.681 -192.224 963.73
-58.3448 -99.7628 1296.54
54.2723 -207.031 1227.43
-187.393 -210.284 1286.75
-35.4243 309.76 1480.7
-50.1291 9.13214 1335.98
165.685 274.495 941.323
-320.395 -173.816 974.308
-56.0481 -105.184 1294.86
52.7083 -218.167 1234.73
-178.814 -218.555 1277.99
-35.9296 308.225 1480.75
-49.0435 7.99336 1333.36
172.6 289.623 971.537
-323.979 -188.578 990.907
-53.8114 -115.15 1292.22
52.0978 -236.521 1236.54
-172.814 -234.577 1267.24
-34.2651 308.226 1479.1
-47.2648 5.24969 1332.56
170.357 316.916 986.835
-325.333 -187.077 992.881
-55.4536 -112.782 1295.21
46.4407 -231.749 1232.6
-174.109 -229.964 1269.82
-25.7199 311.359 1472.18
-47.0733 5.29264 1339.21
173.563 328.361 1008.31
-303.107 -209.636 1025.91
-57.0301 -114.22 1296.47
35.0505 -237.72 1236.82
-168.696 -232.081 1266
-26.5006 309.424 1473.18
-47.2372 6.45983 1341.54
170.722 353.338 1027.61
-326.236 -183.138 987.095
-61.0544 -106.879 1291.75
18.7427 -229.473 1231.21
-166.66 -216.176 1247.44
-26.7206 307.861 1472.42
-48.1503 9.06624 1344.18
171.058 355.86 1057.91
-325.625 -173.729 979.867
-52.3646 -104.613 1301.73
50.0486 -232.442 1255.61
-168.198 -218.03 1250.01
-21.6786 307.545 1466.91
-45.6543 16.0093 1350.65
170.427 374.932 1101.88
-324.274 -163.997 911.918
-54.5547 -107.17 1310.31
49.3439 -237.64 1278.06
-174.317 -220.366 1269.07
-14.2412 305.575 1458.72
-46.6228 14.6635 1347.06
171.211 379.88 1119.96
-298.268 -206.88 991.432
-56.5034 -109.006 1310.12
44.3146 -241.447 1282.7
-173.813 -221.872 1265.88
-12.2945 305.842 1458.23
-48.2576 13.6483 1345.94
171.607 380.431 1140.04
-298.755 -201.977 982.853
-56.9722 -111.878 1303.62
42.5123 -245.254 1280.51
-170.74 -230.568 1269.13
-16.9109 306.043 1462.19
-49.8305 14.1542 1332.43
173.594 389.556 1156.85
-300.475 -203.446 974.15
-55.631 -115.227 1305.78
37.8799 -254.017 1276.13
-166.132 -238.763 1268.17
-16.2157 306.988 1460.2
-47.1357 15.9358 1339.4
172.227 397.731 1163.28
-296.76 -207.622 984.917
-53.4882 -115.996 1307.67
40.8338 -254.813 1282.5
-165.174 -237.86 1269.26
-17.7764 306.907 1461.8
-44.8063 14.3446 1339.46
165.326 405.097 1174.15
-293.876 -206.23 988.875
-51.8698 -117.416 1309.11
41.813 -255.705 1283.05
-160.48 -241.151 1270.72
-17.378 305.857 1456.58
-44.4064 13.5967 1341.33
164.66 412.714 1182.67
-294.961 -207.565 989.616
-55.4904 -117.172 1314.22
37.2584 -252.549 1288
-155.276 -244.041 1274.67
-18.9134 306.437 1456.58
-51.9719 13.9516 1347.1
164.857 419.208 1184.89
-295.208 -210.342 1001.32
-58.4279 -120.167 1311.65
36.2439 -248.223 1290.75
-150.88 -246.457 1275.58
-20.0569 306.492 1455.41
-59.5377 7.00505 1340.14
169.223 409.66 1184.21
-330.641 -170.359 943.807
-57.8097 -124.404 1305.09
25.4164 -260.064 1276.89
-151.2 -251.105 1268.34
-19.092 305.556 1453.64
-52.7275 6.77722 1337.57
174.579 392.511 1185.76
-330.442 -164.284 941.874
-57.4423 -120.787 1310.04
26.3507 -255.818 1282.4
-144.693 -252.337 1276.86
-19.642 305.771 1454.94
-55.7135 12.504 1340.44
180.998 376.085 1185.65
-328.842 -174.53 942.715
-61.4956 -115.593 1304.05
15.6296 -249.086 1265.02
-148.177 -244.095 1268.47
-19.1459 306.307 1454.69
-56.7172 15.404 1341.36
253.835 253.687 1120.42
-331.483 -173.752 964.54
-61.0635 -113.667 1303.53
12.0864 -248.787 1263.82
-145.556 -243.163 1267.8
-18.4822 306.676 1455.38
-55.3923 18.6407 1341.25
180.873 360.952 1167.69
-303.955 -186.458 1026.17
-60.7546 -111.361 1299.51
13.0334 -241.765 1256.29
-144.638 -237.164 1261.37
-18.5586 306.637 1455.97
-55.7068 16.7429 1340.19
178.295 362.507 1161.12
-309.738 -147.608 957.997
-62.2399 -105.588 1295.79
16.9495 -229.008 1245.1
-153.121 -225.291 1257.26
-18.8429 306.236 1456.35
-56.3939 15.9733 1340.41
174.745 383.815 1144.21
-326.817 -177.516 987.081
-68.0296 -108.893 1294.09
16.6722 -228.582 1252.5
-169.915 -219.304 1268.43
-18.6812 305.986 1454.88
-59.4376 6.15687 1327.72
165.708 379.028 1119.91
-328.679 -162.237 983.268
-69.5001 -103.898 1291.93
7.99516 -223.069 1241.91
-171.961 -210.518 1262.89
-16.2803 307.585 1451.67
-57.0176 8.99706 1331.46
163.076 372.975 1107.84
-325.939 -158.283 984.904
-72.4415 -103.973 1294.25
5.5777 -226.106 1243.85
-179.315 -210.789 1267.56
-15.4418 307.814 1447.19
-58.0142 10.5024 1332.79
163.449 358.866 1096.25
-321.127 -162.793 984.208
-69.2265 -108.879 1300.54
18.241 -236.133 1260.89
-177.389 -222.822 1273.44
-16.0266 307.877 1447.3
-58.8789 11.7198 1333.92
168.039 349.96 1094.15
-286.013 -192.973 996.755
-63.0908 -109.251 1302.22
29.5735 -238.183 1267.69
-162.322 -233.032 1267.1
-16.5344 308.543 1446.99
-59.8074 17.1044 1337.05
156.824 364.173 1091.49
-297.132 -201.679 998.974
-58.5017 -102.52 1292.02
29.7383 -227.281 1233.14
-156.934 -226.937 1251.4
-16.4765 309.355 1447.9
-53.4058 22.0696 1341.78
152.509 363.735 1062.42
-297.914 -209.644 1021.63
-64.2298 -103.752 1285.13
21.4103 -230.82 1228.4
-169.743 -219.03 1237.41
-16.6733 310.955 1448.39
-54.2935 17.4215 1337.36
150.239 334.428 1053.04
-332.95 -161.7 925.985
-70.8934 -111.196 1290.91
5.51682 -250.408 1245.3
-178.258 -227.099 1242.56
-18.3399 312.271 1449.33
-55.4163 16.3624 1337.88
145.948 309.424 1043.06
-301.42 -179.813 1007.71
-71.1528 -104.681 1292.11
7.13125 -237.816 1245.44
-182.374 -211.859 1245.49
-20.1811 313.026 1450.33
-54.684 15.4754 1338.76
145.172 282.674 1027.6
-303.627 -177.603 1009.09
-73.7216 -107.375 1294.68
9.88772 -242.085 1243.1
-195.553 -214.94 1257.47
-21.3919 313.08 1450.64
-54.6106 13.7617 1339.08
141.658 270.73 990.879
-301.167 -177.828 1022.66
-64.3371 -98.2461 1288.71
39.3546 -216.643 1228.24
-188.482 -204.468 1247.11
-21.9471 313.54 1451.69
-54.1102 14.0631 1339.74
145.405 263.837 973.276
-303.578 -193.757 1024.88
-59.2333 -96.468 1287.83
44.2247 -205.663 1223.42
-175.317 -205.584 1250.5
-21.8828 314.111 1453.33
-52.9206 12.6872 1338.7
138.096 255.156 943.381
-303.161 -200.111 1030.33
-58.6433 -92.2009 1288.26
42.1812 -197.094 1223.54
-173.208 -197.715 1255.12
-21.7671 315.297 1454.21
-51.7733 13.0025 1337.19
141.613 227.996 924.122
-304.441 -198.571 1034.13
-58.478 -89.7372 1285.36
42.0432 -195.027 1218.69
-177.828 -190.752 1250.9
-21.7837 316.622 1454.89
-49.0638 13.4153 1335.92
136.912 204.167 903.096
-327.435 -185.9 1013.18
-56.3736 -89.3503 1286.19
42.8398 -193.578 1221.99
-172.108 -191.124 1253.39
-23.4174 320.441 1459.16
-48.1133 13.6506 1334.68
134.656 178.055 895.284
-328.924 -183.412 998.227
-58.5274 -91.2135 1279.06
39.673 -194.409 1219.96
-175.842 -189.085 1258.01
-25.8124 320.214 1461.33
-48.9701 9.32013 1319.13
133.75 153.309 897.738
-326.088 -187.545 988.836
-60.0845 -103.746 1281.33
43.3868 -210.817 1225.25
-183.94 -202.444 1266.03
-28.1683 319.263 1462.77
-49.8927 -0.862076 1317.01
133.452 112.835 880.971
-341.619 -162.791 944.196
-62.3286 -102.74 1281.74
40.0172 -216.331 1229.96
-188.626 -202.321 1267.91
-30.4919 318.158 1464.07
-50.3528 3.84546 1314.55
126.734 89.5957 866.375
-335.298 -182.654 994.172
-61.6449 -107.145 1284.49
35.5342 -229.086 1240.12
-187.398 -208.212 1268.57
-32.2718 317.277 1465.22
-47.3576 4.35828 1314.64
128.305 43.9599 877.376
-330.267 -176.463 993.822
-56.3572 -114.878 1280.49
47.9539 -238.253 1230.07
-181.754 -227.089 1262.34
-33.035 315.862 1465.6
-45.8142 2.91439 1314.78
133.513 23.5795 870.235
-324.537 -181.146 1003.04
-45.6604 -112.7 1274.68
49.0986 -228.385 1211.43
-148.658 -232.597 1237.54
-33.9935 314.201 1466.47
-41.5411 5.09097 1324.89
129.733 11.2127 880.516
-326.147 -191.358 973.762
-49.6224 -111.44 1277.23
46.7928 -229.716 1211.43
-158.134 -233.204 1245.39
-35.5261 312.434 1468.03
-43.5742 8.57949 1326.04
116.845 -9.00288 856.614
-339.123 -177.301 934.178
-50.8147 -112.424 1270.78
45.2635 -231.581 1209.07
-158.692 -235.96 1252.36
-36.4291 310.938 1469.45
-44.915 8.92294 1310.85
118.519 -26.1536 853.64
-320.041 -209.086 981.156
-56.1042 -112.764 1260.67
41.3616 -231.678 1203.18
-171.722 -227.573 1240.76
-40.2382 306.119 1470.43
-47.0281 4.09809 1299.37
118.696 -59.3271 845.022
-315.38 -203.735 1011.98
-56.3241 -112.013 1257.79
39.5468 -232.957 1204.21
-170.743 -227.308 1240.34
-39.353 306.505 1469.39
-47.0499 6.1069 1293.3
110.621 -87.5094 836.834
-314.269 -205.575 1010.19
-57.42 -112.4 1257.27
38.5831 -234.866 1204.31
-171.921 -229.203 1240.95
-39.0654 307.101 1469.14
-48.1712 7.23465 1291.92
106.514 -104.732 843.385
-321.773 -176.922 936.962
-61.8435 -117.227 1259.6
38.2846 -232.168 1204.75
-170.994 -235.718 1242.53
-39.7393 306.572 1469.35
-57.3324 -0.511301 1295.56
112.479 -121.694 832.648
-323.64 -177.037 932.968
-60.9318 -118.539 1257.67
38.5675 -236.264 1204.65
-171.447 -237.065 1240.11
-40.1796 306.486 1469.4
-55.4237 -0.412176 1292.96
110.028 -150.1 838.417
-311.502 -216.557 1003.62
-56.0629 -108.025 1258.78
64.5994 -213.449 1199.69
-162.028 -235.415 1217.45
-39.767 306.214 1469.19
-63.4117 8.38229 1308.98
115.886 -159.922 843.284
-331.646 -217.076 973.067
-55.6126 -95.309 1260.03
70.9187 -188.733 1198.47
-163.7 -213.803 1207.08
-39.7684 306.052 1468.44
-64.8345 10.6498 1317.28
113.611 -178.009 849.118
-314.264 -228.906 1000.15
-53.9355 -95.1293 1247.67
67.4699 -182.839 1173.55
-150.74 -214.109 1181.35
-41.0288 304.024 1467.58
-66.236 8.21539 1317.9
118.584 -187.39 848.802
-312.598 -235.343 1004.64
-46.4431 -94.5395 1233.59
68.574 -184.102 1157.38
-143.099 -211.06 1169.26
-40.6875 304.262 1467.5
-55.6238 8.50198 1303.86
111.512 -205.305 847.527
-326.536 -200.244 930.261
-46.3638 -95.5853 1230.94
65.3827 -183.245 1150.33
-138.47 -212.518 1163.76
-40.3565 303.861 1467.06
-56.1841 6.71107 1304.82
112.85 -214.042 859.53
-311.435 -242.285 1003.19
-46.6714 -97.4085 1233.24
65.3579 -186.939 1150.75
-141.482 -215.45 1166.54
-39.9993 303.309 1466.6
-55.2809 6.37727 1307.83
109.809 -225.271 860.573
-325.589 -223.075 956.333
-47.2561 -101.603 1240
63.3795 -200.035 1160.78
-143.243 -224.698 1178.03
-39.9835 302.552 1466.49
-54.5803 9.16021 1310.6
107.221 -236.422 864.189
-320.23 -209.463 908.303
-48.7735 -102.238 1241.22
57.0723 -204.5 1162.87
-145.092 -224.319 1181.07
-39.833 302.63 1466.79
-53.5372 9.93374 1310.46
108.104 -244.199 866.769
-313.312 -245.476 991.714
-49.5769 -105.056 1242.72
55.4988 -209.97 1163.43
-148.73 -228.708 1186.03
-39.7267 302.973 1467.68
-52.5381 9.22775 1310.71
110.501 -246.005 871.069
-313.405 -251.369 987.119
-53.5952 -107.446 1251.16
55.6421 -214.307 1172.19
-166.715 -231.414 1213.42
-39.9057 302.794 1468.31
-51.6541 7.96941 1309.51
105.963 -246.711 853.16
-293.454 -235.602 980.853
-52.6431 -108.053 1247.6
53.3084 -213.812 1169.73
-159.154 -232.63 1207.48
-40.2718 302.701 1468.7
-52.3636 7.11397 1306.59
112.816 -239.515 865.649
-327.214 -214.186 911.642
-54.6979 -111.455 1261.66
52.4099 -222.314 1187.74
-162.218 -242.301 1238.31
-40.2811 302.467 1467.7
-54.4918 9.39685 1310.3
108.872 -235.165 858.735
-312.23 -260.53 1002.41
-56.7609 -109.04 1256.31
48.1306 -218.502 1179.8
-158.064 -241.89 1225.89
-40.7134 302.375 1467.6
-58.5549 12.1154 1309.77
113.495 -223.758 863.577
-321.726 -242.2 971.403
-55.8775 -100.156 1246.45
55.9022 -199.227 1157.31
-164.897 -227.957 1201.32
-40.9333 302.764 1468.19
-57.2576 13.2811 1313.58
117.619 -207.208 864.919
-320.961 -208.023 910.625
-53.264 -97.6111 1246.79
62.5722 -192.638 1153.49
-163.843 -227.117 1200.38
-41.1511 303.161 1467.71
-55.8928 14.6551 1316.64
119.961 -189.731 855.059
-313.714 -275.865 986.313
-51.5755 -95.4838 1245.41
74.3922 -185.855 1153.09
-168.583 -223.898 1196.66
-41.7471 303.89 1467.38
-56.0558 13.9088 1315.94
119.582 -165.97 854.542
-313.949 -276.359 983.047
-52.481 -100.073 1244.48
71.9293 -184.835 1155.31
-168.464 -223.379 1200.25
-41.7581 304.308 1467.33
-56.6945 3.96145 1311.17
117.13 -139.107 849.524
-314.652 -286.153 980.582
-58.6778 -104.309 1241.29
52.5668 -193.159 1145.32
-178.052 -221.672 1203.14
-41.664 304.237 1466.2
-54.6131 -1.202 1308.35
121.931 -116.066 838.729
-312.598 -282.374 991.962
-56.839 -104.18 1241.87
58.1978 -192.997 1152.19
-172.452 -224.055 1204.07
-41.436 303.833 1465.41
-56.5511 0.165526 1305.61
122.951 -94.4814 831.064
-310.764 -271.585 994.834
-59.4715 -108.14 1240.59
53.8819 -198.779 1160.37
-172.879 -225.039 1209.4
-41.0588 303.49 1464.43
-59.4444 -4.37147 1296.3
116.163 -83.7993 816.498
-309.617 -253.223 1005.48
-60.7648 -104.248 1246.32
50.4245 -193.835 1176.13
-173.789 -213.303 1220.87
-41.0652 303.041 1464.13
-59.8474 -4.92767 1294.13
124.726 -57.5237 800.456
-308.566 -246.655 1007.59
-64.2425 -102.476 1255.43
44.1235 -198.853 1190.24
-175.565 -212.439 1227.19
-40.935 303.066 1464.37
-62.764 0.694621 1302.14
115.096 -38.773 812.317
-307.681 -228.911 1015.47
-65.1319 -97.6344 1269.28
40.2587 -199.984 1199.26
-176.857 -208.012 1226.63
-40.7864 303.611 1465.41
-61.9644 8.72933 1325.61
121.405 -24.1232 830.904
-303.025 -221.987 1014.4
-67.1894 -96.0072 1272.51
36.3408 -200.429 1202.3
-176.25 -208.861 1228.68
-40.8618 303.887 1467.04
-64.424 12.6305 1329.52
147.999 -2.49459 860.852
-306.581 -221.845 1019.19
-66.886 -95.9719 1273.56
37.6761 -201.325 1203.14
-175.919 -210.914 1230.06
-41.1521 303.862 1468.48
-64.6503 14.1755 1330.52
148.26 21.3566 866.867
-306.776 -221.648 1012.15
-67.027 -95.0636 1275.15
36.4947 -201.835 1203.79
-178.499 -209.168 1233.16
-41.2802 304.316 1470.25
-63.0518 15.3741 1331.83
151.847 51.2256 876.424
-308.222 -220.906 1014.62
-51.5792 -115.865 1298.38
68.3849 -235.602 1248.71
-162.816 -252.554 1286.63
-41.8088 304.82 1472.04
-55.9429 12.3477 1329.08
144.946 102.433 876.287
-324.171 -182.138 942.156
-49.3092 -106.923 1304.68
59.8734 -238.036 1263.42
-165.552 -238.196 1296.36
-42.6968 305.704 1472.95
-45.779 24.2702 1329.48
141.614 131.714 896.556
-314.047 -187.492 957.299
-52.2327 -99.6657 1304.08
46.4016 -220.582 1269.66
-161.955 -215.701 1298.48
-43.6555 306.667 1473.22
-46.6885 18.8101 1324.1
145.095 150.954 902.411
-314.652 -224.9 1007.81
-52.4158 -94.3304 1287.31
37.9434 -209.868 1239
-158.093 -204.939 1266.19
-43.7158 307.337 1472.75
-44.7568 18.7424 1322.03
142.842 185.913 918.625
-316.672 -222.026 1004.54
-57.7184 -90.0694 1294.16
17.565 -214.116 1237.39
-173.231 -191.211 1267.59
-43.8496 308.159 1472.18
-37.6038 22.5248 1335.83
136.249 197.609 906.704
-314.726 -201.222 1025.92
-55.5909 -94.3991 1282.8
27.3126 -214.281 1219.08
-166.982 -203.024 1249.66
-43.9918 308.771 1471.33
-41.3473 19.854 1331.23
128.81 248.14 911.429
-314.654 -211.53 1024.43
-55.9862 -104.038 1285.17
47.4311 -214.509 1231.1
-172.414 -210.296 1253.93
-42.7313 310.005 1470.79
-49.4813 4.32556 1327.82
127.277 264.362 930.64
-316.78 -199.117 1022.6
-59.3463 -101.04 1288.95
44.2151 -214.696 1235.36
-177.214 -209.121 1258.28
-41.3005 310.994 1469.62
-52.1933 9.82894 1331.09
124.207 281.107 942.037
-328.512 -152.209 957.132
-65.8431 -88.0292 1287.57
35.5892 -205.935 1229.46
-200.916 -180.024 1258.25
-39.7704 310.976 1468.53
-49.0227 16.921 1331.29
123.578 292.223 956.826
-316.53 -183.393 1023.84
-62.9456 -83.6186 1288.64
38.3244 -197.111 1231.64
-194.297 -175.091 1260.98
-34.4304 311.41 1462.39
-47.9051 18.8639 1330.98
125.587 311.229 979.485
-341.733 -174.184 992.132
-59.0454 -86.5656 1286.33
42.8584 -195.173 1229.85
-179.482 -184.611 1250.95
-27.6442 309.194 1452.31
-49.7791 16.7607 1332.26
128.909 330.752 1003.49
-317.522 -195.938 1015.11
-60.498 -85.579 1282.65
31.1913 -195.372 1221.33
-173.323 -184.932 1242.39
-27.3168 310.123 1452.41
-49.9302 18.9938 1333.45
128.337 344.566 1020.77
-331.305 -187.128 1002.79
-61.7047 -84.2718 1285.66
32.5321 -195.522 1227.87
-174.876 -185.014 1245.16
-28.6675 311.838 1453.64
-52.2372 21.7241 1334.8
131.738 349.998 1041.58
-321.347 -193.811 1010.56
-62.509 -92.4587 1294.65
30.89 -214.151 1256.68
-173.706 -196.206 1251.69
-27.3116 313.315 1453.19
-53.6101 20.2613 1335.13
128.958 354.722 1077.65
-285.411 -222.817 1083.98
-58.9213 -107.68 1307.31
55.1047 -239.641 1289.84
-182.21 -227.06 1271.68
-23.9965 313.089 1449
-54.29 17.9904 1333.87
130.649 367.72 1100.44
-335.176 -142.409 910.894
-60.5881 -110.417 1312.55
56.1937 -244.382 1299.09
-184.761 -234.411 1281.37
-20.813 312.803 1446.15
-56.8924 18.562 1334.87
134.542 373.97 1107.78
-334.372 -150.225 909.354
-53.7203 -115.668 1324.16
58.947 -247.691 1316.88
-159.434 -252.484 1307.34
-18.6285 313.411 1444.94
-57.1974 18.7514 1336.22
137.078 384.358 1109.59
-333.811 -197.783 977.412
-52.2453 -116.551 1326.01
60.0268 -249.59 1320.83
-157.389 -254.521 1310.51
-16.1433 314.363 1440.97
-55.8095 18.9534 1336.34
141.571 385.044 1115.82
-321.986 -210.574 1019.46
-52.9857 -117.585 1327.81
61.3531 -252.543 1324.5
-161.064 -256.746 1311.96
-18.062 314.59 1442.69
-56.1158 19.4751 1337.39
139.192 389.559 1117.74
-317.417 -204.253 1006.47
-53.2559 -118.404 1329.5
61.7195 -253.833 1327.97
-162.039 -258.04 1314.32
-15.6892 315.413 1439.33
-56.3521 19.1286 1337.87
140.509 386.038 1118.68
-342.222 -195.223 948.031
-54.2338 -116.884 1331.41
59.5166 -251.186 1334.65
-164.451 -253.457 1317.74
-15.0496 315.758 1439.41
-56.0002 18.5536 1336.62
144.748 383.59 1117.34
-315.586 -169.329 932.902
-56.2018 -115.803 1331.74
55.1943 -250.531 1343.1
-167.371 -250.334 1316.48
-14.5703 316.05 1438.37
-56.3153 18.8271 1333.69
135.971 384.954 1115.47
-309.981 -201.489 994.599
-62.0858 -118.894 1322.36
44.8649 -259.034 1315.32
-177.481 -251.614 1308.34
-14.16 316.726 1438.83
-57.8638 17.5361 1332.89
141.619 367.923 1086.25
-314.464 -195.597 1013.83
-60.4635 -113.134 1310.18
42.4648 -247.097 1289.47
-167.436 -242.743 1283.21
-15.1146 317.443 1439.92
-58.4415 18.6523 1334.02
134.488 369.024 1072.6
-323.301 -159.014 934.394
-60.267 -98.3472 1304.78
43.4329 -228.393 1251.47
-179.753 -223.567 1281.32
-15.9294 317.505 1441.21
-52.3739 29.2857 1343.17
128.168 369.553 1039.13
-327.899 -191.742 976.667
-62.2143 -96.0847 1309.08
36.9731 -225.848 1258.28
-177.522 -220.352 1286.31
-16.8529 317.573 1440.31
-54.1542 30.9307 1345.86
123.326 356.916 1022.92
-305.653 -209.72 1044.66
-65.3094 -84.3344 1312.39
38.0715 -209.552 1270.24
-190.648 -192.607 1285.72
-18.008 317.608 1440.47
-54.3303 32.4111 1346.8
121.391 332.391 1014.8
-302.377 -204.505 1041.45
-67.3951 -75.0511 1300.83
31.7525 -188.046 1245.44
-192.726 -170.329 1271.15
-17.8894 318.093 1439.82
-54.3038 29.0854 1343.36
116.357 305.267 985.552
-305.063 -199.412 1044.29
-58.1185 -61.074 1300.05
87.8422 -139.853 1209.49
-216.278 -164.497 1300.31
-17.5816 318.082 1440.37
-52.0191 30.0271 1345.2
108.391 309.133 935.54
-298.82 -226.492 1071.7
-61.6212 -68.4172 1301.42
67.0684 -161.995 1219.39
-209.333 -169.445 1296.74
-17.2271 317.665 1441.07
-52.1103 28.8858 1344.78
105.195 280.382 914.379
-298.995 -216.96 1066.43
-60.6077 -75.9038 1299.86
62.3326 -175.744 1221.28
-206.964 -175.065 1297.78
-17.021 317.085 1441.28
-48.8999 23.5967 1340.19
98.9483 251.632 895.608
-298.775 -211.12 1068.25
-59.9487 -76.664 1293.32
54.0122 -173.984 1219.26
-199.431 -168.285 1283.61
-17.815 317.049 1441.52
-47.1877 17.8064 1335.21
102.227 218.178 878.931
-314.442 -165.058 982.777
-57.2487 -76.9918 1287.91
48.8379 -176.651 1218.99
-193.111 -163.395 1284.43
-18.7306 316.374 1442.31
-42.361 16.0394 1324.11
98.0906 184.533 868.649
-307.852 -193.562 1054.48
-53.9327 -80.1297 1288.69
52.9273 -188.066 1223.75
-193.629 -167.746 1298.44
-22.4928 315.901 1445.6
-37.5147 17.6468 1316.29
96.7165 137.871 869.661
-304.852 -182.842 1055.61
-52.7701 -82.7562 1290.52
54.4035 -194.199 1229.45
-194.106 -169.131 1304.61
-40.8058 317.77 1460.28
-35.689 16.1523 1314.01
95.8378 108.95 846.921
-327.723 -173.492 1020.19
-55.7514 -90.1054 1289.44
36.9546 -211.796 1229.09
-193.004 -178.299 1310.14
-45.0251 312.509 1463.99
-33.4781 14.837 1309.26
90.2091 70.7365 837.194
-321.257 -156.913 1022.62
-59.5499 -102.609 1287.75
40.4593 -222.013 1239.31
-190.464 -196.012 1314.99
-38.6462 312.193 1460.04
-44.0974 3.79452 1298.34
90.7223 45.9482 858.915
-322.395 -182.463 1023.99
-61.554 -103.393 1287.23
38.1977 -227.872 1238.3
-196.528 -196.096 1319.28
-36.2661 311.785 1459.12
-43.9426 5.1979 1295.67
84.2145 14.2687 859.153
-323.302 -172.463 1000.72
-63.958 -104.04 1285.3
37.1844 -229.172 1234.47
-198.928 -199.306 1319.64
-40.4465 309.993 1462.74
-47.044 6.15915 1293.55
83.8266 -14.9984 855.586
-322.877 -174.397 1011.68
-63.4194 -117.329 1282.25
33.3339 -244.225 1241.12
-192.409 -213.196 1318.68
-38.8454 309.741 1460.46
-47.3014 -5.9469 1284.6
85.6386 -24.658 846.044
-310.742 -207.189 1010.24
-63.3841 -118.775 1271.48
25.1514 -242.632 1224.23
-189.012 -213.767 1296.08
-38.4189 308.896 1459.71
-44.8379 -9.35127 1282.8
87.1027 -39.9483 837.217
-311.871 -212.677 1005.16
-54.7773 -114.345 1268.79
20.8504 -227.871 1218.44
-168.028 -205.541 1269.65
-38.6411 308.028 1459.48
-35.966 -11.9833 1293.54
82.6167 -60.6489 828.117
-312.794 -215.01 1010.7
-58.2042 -111.815 1263.74
15.5 -225.625 1207.42
-178.494 -195.344 1253.24
-42.2162 305.356 1462.41
-34.9111 -13.1454 1297.15
76.0263 -86.8798 819.748
-323.523 -164.728 966.189
-60.7443 -110.592 1260.84
13.5828 -223.924 1202.84
-182.993 -192.021 1248.29
-40.8581 305.178 1461.48
-36.7832 -13.2119 1296.12
81.276 -111.8 808.595
-313.811 -207.19 1000.84
-56.0704 -115.75 1263.08
27.2162 -228.935 1210.58
-175.096 -205.104 1244.3
-40.3007 304.886 1461.52
-38.2007 -14.4802 1298.72
91.7492 -126.051 821.431
-315.56 -216.111 995.152
-58.0447 -112.469 1264.81
24.0315 -224.922 1209.04
-171.777 -207.991 1243.98
-40.1755 305.349 1461.48
-42.2168 -8.48026 1303.11
89.4561 -134.304 830.008
-317.276 -221.224 995.429
-59.0132 -109.859 1273.05
22.5162 -221.189 1205.11
-168.584 -214.07 1244.93
-40.3376 305.825 1461.66
-44.9924 -2.0874 1321.07
86.7337 -142.165 838.627
-335.729 -218.59 954.255
-57.8119 -106.531 1257.92
25.6459 -213.597 1192.74
-159.78 -208.74 1215.11
-41.0284 305.743 1462.41
-48.5568 -1.89308 1311.91
89.0486 -164.089 853.613
-275.472 -225.15 1005.06
-58.6102 -107.996 1257.39
31.2679 -214.637 1194.78
-165.513 -211.233 1221.55
-42.539 305.338 1462.89
-50.0978 -3.05603 1306.61
84.2221 -180.083 852.462
-316.788 -235.131 988.005
-55.7133 -101.32 1261.24
51.5288 -202.506 1195.98
-166.593 -213.323 1227.2
-43.2073 305.433 1464.46
-53.8946 5.27528 1310.89
86.0316 -183.608 868.821
-349.822 -223.624 896.738
-53.2345 -99.2019 1263.02
67.1239 -195.951 1193.9
-168.967 -218.138 1230.1
-43.3851 305.435 1465.63
-55.5476 8.6403 1314.04
84.5994 -193.549 863.93
-315.786 -257.044 980.258
-53.4543 -97.8967 1266.22
72.962 -196.371 1195.51
-170.401 -223.7 1231.95
-42.7539 305.498 1465.46
-58.1893 14.2423 1318.7
82.9812 -211.934 864.398
-312.454 -255.916 986.164
-53.5945 -101.958 1273.13
72.0238 -206.983 1202.5
-171.09 -227.926 1227.02
-42.7462 304.961 1464.93
-57.6556 13.539 1331.5
86.1472 -232.66 856.291
-320.367 -243.833 980.395
-55.5879 -102.025 1272.32
63.4789 -210.092 1203.83
-170.834 -226.171 1229.28
-42.1166 305.102 1464.48
-57.498 14.0813 1328.08
91.7544 -250.234 856.388
-329.277 -228.886 973.144
-53.2552 -103.283 1264.5
60.3799 -216.986 1197.39
-164.183 -224.637 1206.94
-41.8278 304.938 1464.42
-54.609 14.2449 1326.84
89.273 -264.012 863.169
-322.028 -219.859 964.273
-54.2943 -105.708 1262.66
59.235 -220.458 1196
-163.454 -229.801 1206.23
-41.5001 304.937 1464.74
-56.4793 13.7132 1324.2
87.9758 -268.04 869.787
-328.995 -217.292 958.701
-53.8287 -104.605 1262.21
57.0544 -217.399 1196.41
-161.119 -228.201 1211.61
-40.8106 305.299 1464.61
-55.6251 13.5905 1320.41
91.025 -270.344 875.524
-339.584 -223.202 945.358
-54.5236 -104.42 1263.16
58.4388 -216.971 1196.5
-163.559 -229.944 1215.97
-40.9599 305.795 1464.88
-56.487 14.6182 1320.08
87.0837 -268.807 876.149
-332.516 -193.297 917.511
-57.2886 -107.343 1264.28
52.1104 -223.784 1198.75
-167.046 -233.098 1220.01
-41.0264 305.474 1465.64
-57.1095 13.7554 1319.18
92.9347 -270.904 876.619
-317.364 -243.081 991.333
-57.7788 -111.507 1263.16
48.0279 -229.488 1200.23
-167.028 -235.362 1220.74
-41.3278 305.018 1466.06
-56.0575 9.41062 1315.84
94.1052 -269.88 873.137
-335.314 -229.63 963.554
-58.2802 -111.361 1264.26
45.7759 -232.97 1202.95
-166.816 -236.708 1220.86
-41.3699 304.411 1466.37
-56.0404 12.1176 1316.62
94.5048 -263.954 875.329
-322.343 -226.347 969.664
-59.7219 -112.188 1266.62
44.7226 -235.849 1206.54
-171.49 -237.544 1226.57
-41.7821 303.354 1466.3
-56.0604 12.3211 1316.69
94.0447 -257.711 863.127
-340.08 -216.197 937.127
-59.9523 -114.649 1269.91
45.4869 -241.617 1214.89
-173.798 -240.67 1232.18
-41.3453 302.464 1465.97
-55.749 11.8453 1316.29
100.967 -242.496 866.821
-320.694 -244.828 987.509
-55.9507 -112.513 1268.9
57.4292 -233.912 1214.93
-169.249 -239.402 1229.31
-41.4812 302.542 1465.33
-55.9913 11.6318 1315.68
105.965 -219.159 862.018
-297.725 -226.782 1000.23
-50.4408 -105.624 1260.47
68.4669 -214.715 1204.21
-157.639 -228.399 1209.09
-41.7427 302.309 1464.98
-56.2956 10.3097 1314.3
105.169 -188.456 869.115
-339.189 -224.849 933.554
-49.5815 -103.639 1255.19
75.2303 -203.627 1187.47
-159.833 -228.238 1205.39
-42.045 302.113 1464.63
-56.8616 8.65378 1313.94
105.936 -157.454 848.107
-326.09 -207.408 925.727
-62.25 -108.945 1249.06
59.1286 -219.183 1159.81
-194.748 -233.799 1207.75
-42.1338 301.484 1464.76
-56.6905 8.60168 1314.33
106.685 -132.45 825.905
-328.989 -189.945 944.854
-58.7264 -104.474 1248.17
59.3096 -208.525 1161.92
-182.761 -225.036 1200.44
-41.5407 300.699 1465.81
-55.7268 7.83264 1315.16
110.806 -98.1126 820.73
-368.285 -300.984 1020.45
-56.1084 -105.207 1249.27
53.8982 -207.605 1169.18
-174.793 -216.715 1199.46
-41.4877 300.523 1465.64
-51.7692 1.74673 1314.22
116.899 -72.2722 821.78
-334.229 -217.327 963.283
-58.4213 -98.1918 1249.77
46.9812 -190.199 1172.69
-171.528 -201.029 1203.43
-41.4659 300.394 1466.05
-54.569 -0.769301 1311.49
106.871 -43.2557 826.985
-316.495 -237.986 1000.2
-58.064 -97.5501 1241.81
40.1227 -196.247 1170.44
-170.742 -201.387 1210.24
-41.9439 299.683 1466.27
-50.8186 3.71674 1293.28
118.743 -10.6954 844.535
-326.889 -180.267 922.529
-60.7029 -101.559 1241.84
39.5875 -209.758 1177.6
-181.005 -207.114 1225.18
-42.2085 299.044 1466.09
-50.697 5.31889 1282.29
133.588 -3.21951 864.016
-339.629 -196.956 960.182
-61.9554 -102.626 1249.45
34.5135 -217.569 1188.44
-182.996 -209.668 1237.96
-42.3007 298.667 1465.94
-49.6696 8.36717 1285.71
143.655 19.1798 875.605
-337.616 -196.329 970.826
-60.9179 -102.477 1253.49
36.2313 -215.227 1192.84
-180.461 -209.282 1242.03
-42.5076 298.053 1466.15
-49.7212 7.29989 1289.54
138.535 50.1518 879.397
-333 -199.687 987.201
-57.0071 -100.695 1262.29
46.1106 -208.558 1195.4
-180.636 -207.025 1249.97
-42.6879 297.544 1466.29
-46.7516 6.40208 1301.9
141.809 84.2009 882.143
-328.199 -166.813 922.37
-57.0555 -101.547 1261.74
46.1989 -213.341 1194.27
-181.924 -210.526 1246.14
-43.0219 297.133 1467.16
-46.2484 8.83966 1303.27
154.651 108.719 900.587
-316.582 -214.297 1009.15
-58.0749 -94.0314 1271.82
43.3953 -204.719 1203.54
-186.162 -197.269 1259.78
-44.3565 297.899 1467.36
-44.7664 12.9314 1311.97
152.398 134.444 906.895
-329.458 -197.524 983.533
-66.0444 -82.9179 1275.98
39.5364 -193.484 1201.9
-215.313 -163.854 1270.67
-45.4367 298.332 1468.08
-44.2006 12.8333 1315.68
156.077 144.171 909.816
-313.026 -202.517 1021.68
-66.4109 -84.0755 1275.56
37.3822 -195.902 1205.16
-214.065 -164.109 1270.41
-45.7249 299.461 1467.53
-44.4804 11.8544 1313.33
155.424 166.57 916.446
-310.758 -203.644 1021.26
-64.9952 -89.7691 1283.66
53.8819 -204.749 1210.27
-224.528 -172.029 1260.86
-44.4859 304.24 1467.95
-44.6673 8.85101 1331.75
156.996 198.475 917.208
-311.021 -209.607 1025.63
-70.2423 -94.4015 1289.34
31.0715 -222.807 1225.9
-224.139 -175.648 1267.15
-34.5099 315.276 1463.16
-43.9509 10.4244 1332.16
157.958 207.877 935.315
-322.854 -150.325 964.038
-73.352 -84.7644 1289.22
39.8595 -200.101 1208.45
-238.319 -156.976 1274.58
-37.2636 309.67 1464.38
-47.4741 9.00952 1336.93
151.919 238.74 926.026
-320.537 -179.599 1023.21
-73.5608 -81.2113 1287.22
41.583 -187.964 1199.8
-239.193 -149.916 1275.31
-37.7811 308.275 1465.17
-48.3168 6.51725 1336.89
158.283 249.94 935.581
-308.632 -201.904 1048.53
-72.728 -80.8006 1274.03
36.9902 -178.563 1180.67
-227.028 -154.268 1240.76
-37.9703 308.984 1465.76
-50.4372 4.81433 1337.35
159.571 285.337 943.756
-332.926 -193.79 1033.64
-71.7984 -80.731 1283.39
44.9255 -186.571 1200.42
-231.99 -152.667 1253.81
-28.3959 313.947 1463.05
-50.0647 8.15714 1339.67
155.978 298.349 967.074
-312.521 -203.667 1038.2
-74.443 -77.8889 1284.98
41.9132 -182.577 1198.63
-236.212 -149.625 1259.69
-23.056 315.949 1460.24
-51.7365 10.3232 1340.79
157.306 319.919 971.698
-329.821 -190.996 1033.79
-77.5476 -85.1413 1287.24
20.7205 -202.693 1215.14
-228.19 -156.126 1256.55
-25.0177 314.682 1459.93
-51.3607 9.12687 1338.64
159.187 318.887 998.851
-352.257 -157.052 945.763
-70.3671 -113.009 1315.37
44.8197 -248.275 1262.46
-220.231 -222.044 1319.5
-25.1722 314.204 1459.67
-53.0284 9.14167 1339.77
165.516 334.911 1007.15
-314.275 -204.496 1041.45
-70.2316 -113.545 1315.75
42.0921 -251.113 1264.79
-218.149 -224.235 1318.24
-20.7241 315.318 1456.73
-52.435 10.5832 1339.98
171.619 334.337 1024.12
-330.296 -181.748 1024.51
-69.6813 -112.591 1316.23
42.3344 -250.234 1265.49
-215.104 -226.253 1316.49
-24.0056 313.107 1457.54
-52.9777 13.0615 1341.46
177.037 332.689 1039.83
-318.658 -203.117 1038.49
-68.8395 -112.681 1315.54
40.9944 -248.861 1262.91
-210.326 -228.254 1314.06
-25.5811 311.224 1457.57
-53.0135 13.1959 1342.59
177.127 338.427 1055.95
-319.177 -205.283 1038.68
-65.6019 -116.701 1306.76
19.7376 -251.292 1258.93
-174.777 -239.966 1282.84
-26.1942 310.504 1456.98
-53.6839 12.2266 1342.65
183.172 355.005 1077.83
-322.648 -207.972 1024.84
-68.3329 -111.619 1302.07
19.0624 -243.03 1249.93
-184.639 -226.83 1273.34
-24.9098 310.169 1456.98
-53.8776 11.6929 1342.51
181.744 356.508 1088.17
-324.186 -202.794 1024.63
-68.6454 -106.491 1298.85
16.295 -235.582 1246.06
-184.773 -216.947 1267.54
-22.4291 309.855 1456.68
-53.0516 13.2829 1340.9
182.792 357.584 1098.93
-323.947 -199.872 1023.22
-76.191 -88.7119 1291.41
-11.7951 -206.977 1231.88
-184.354 -179.548 1249.85
-19.1293 309.673 1453.88
-54.3076 15.8392 1341.96
178.123 349.878 1109.31
-321.386 -190.033 1021.28
-69.9084 -79.8252 1293.14
4.60306 -183.599 1231.15
-174.771 -167.394 1254.42
-9.91414 312.487 1445.37
-54.7327 15.8463 1343.5
180.577 351.859 1110.64
-322.344 -202.894 1024.66
-66.5175 -77.1737 1294.54
11.1771 -178.128 1234.28
-165.897 -168.069 1253.06
-13.6117 312.395 1448.59
-55.6751 18.7513 1345.41
178.468 369.311 1118.88
-322.478 -210.824 1020.53
-64.9748 -77.0123 1294.36
13.6982 -175.843 1235.16
-160.882 -168.422 1250.69
-15.633 312.412 1450.19
-56.3574 18.1079 1345.8
183.514 357.005 1118.85
-321.211 -212.753 1017.42
-66.3543 -85.1113 1294.79
11.158 -192.909 1234.22
-163.244 -184.898 1250.61
-16.6017 313.375 1451.66
-56.6658 18.6811 1347.16
176.724 350.136 1114.06
-319.15 -211.768 1019.84
-66.7535 -81.9838 1289.08
13.2422 -191.287 1222.91
-169.955 -179.094 1237.66
-16.0354 313.574 1451.54
-55.1508 21.2229 1347.86
207.519 208.489 1062.46
-316.476 -208.648 1017.56
-69.2636 -81.298 1298.75
1.79339 -196.822 1249.56
-168.432 -174.016 1249.92
-15.2683 314.052 1452.01
-55.2077 22.8235 1347.75
175.374 329.052 1115.62
-314.57 -197.588 1005.79
-69.0688 -79.94 1294.2
6.24552 -195.172 1239.52
-174.156 -171.673 1244.38
-14.7575 314.015 1452.44
-54.1823 23.5422 1346.45
220.738 241.495 1117.56
-312.811 -198.061 1010.27
-68.7685 -80.478 1292.45
8.35143 -196.145 1235.83
-177.402 -171.343 1242.71
-14.6546 314.509 1452.58
-53.0117 22.788 1345.63
166.453 322.522 1086.11
-308.389 -196.66 1011.85
-63.9178 -82.8227 1299.39
38.7938 -200.273 1256.3
-187.443 -176.532 1252.9
-14.9932 314.767 1452.82
-53.5111 22.7572 1344.17
161.503 329.094 1076.8
-309.329 -201.68 1002.77
-72.6869 -84.1635 1302.42
26.4344 -201.963 1263.11
-202.912 -168.604 1268.39
-14.7063 314.591 1453.78
-57.135 16.9568 1339.08
154.752 316.765 1040.99
-304.168 -184.853 1012.9
-71.5745 -81.1319 1293.02
42.5719 -182.851 1232.12
-210.371 -165.845 1267.62
-14.3336 313.716 1453.11
-59.2494 12.0842 1336.18
153.31 310.578 998.407
-307.938 -191.333 1041.71
-72.7639 -86.4505 1293.81
36.2168 -192.104 1238.45
-207.183 -171.92 1266.77
-14.0916 313.34 1452.78
-60.0449 9.11115 1335.02
149.847 294.411 976.369
-308.358 -184.18 1037.13
-74.2241 -85.4273 1296.52
30.5078 -197.725 1240.52
-210.207 -171.759 1268.74
-14.0313 313.104 1452.99
-58.5986 13.8874 1338.42
146.835 269.606 960.487
-307.576 -186.549 1034.89
-74.6645 -84.9668 1296.6
29.8354 -199.024 1241.12
-211.698 -171.246 1268.58
-14.2302 312.982 1453.59
-58.3977 15.2015 1338.35
143.074 256.237 929.607
-307.679 -187.796 1036.48
-74.8096 -78.046 1292.38
26.7843 -185.994 1230.93
-210.481 -158.183 1262.02
-15.5933 313.558 1456.96
-57.7709 15.9966 1338.28
139.143 220.739 913.96
-305.348 -188.371 1041.57
-70.0372 -84.6907 1296.02
32.2865 -193.653 1239.49
-199.571 -175.208 1272.23
-19.5442 312.549 1460.71
-56.4319 15.0491 1336.18
139.836 199.966 889.489
-306.185 -195.328 1053.61
-67.5099 -88.3894 1287.48
34.3912 -196.157 1227.41
-192.604 -182.615 1254.62
-33.007 315.939 1469.62
-55.9133 12.6072 1333.95
140.715 169.137 874.624
-306.91 -196.911 1048.46
-66.9265 -97.3805 1282.18
45.2559 -209.793 1217.97
-203.042 -198.106 1256.26
-36.906 317.672 1470.8
-54.9599 9.18842 1327.24
139.941 130.806 870.937
-330.761 -156.941 977.948
-66.75 -99.6643 1275.09
44.1307 -205.874 1211.89
-197.787 -197.953 1247.92
-35.9604 296.109 1454.01
-56.6718 2.58487 1320.28
133.822 97.8807 870.552
-305.956 -197.53 1043.89
-62.571 -103.733 1272.44
45.6827 -215.049 1212.66
-186.489 -209.792 1239.58
-35.2602 302.641 1461.18
-54.739 4.95323 1318.76
135.82 74.4705 863.555
-306.254 -203.319 1034.7
-61.539 -89.4181 1280.16
40.3063 -195.686 1223.08
-177.527 -191.265 1247.03
-32.3442 305.161 1462.88
-54.4675 14.6394 1325.27
139.619 39.4913 867.666
-305.518 -211.165 1034.85
-60.9424 -89.8093 1277.25
38.4189 -194.926 1222.65
-177.733 -186.942 1248.45
-32.3068 305.066 1464.4
-52.2281 11.3156 1318.96
133.309 10.3664 854.882
-332.149 -198.523 1003.52
-59.3484 -98.4014 1274.64
39.7414 -206.175 1214.41
-186.333 -190.351 1252.71
-34.3665 302.88 1466.09
-45.4009 1.46023 1315.71
124.86 -28.7695 839.589
-333.426 -185.118 1005.69
-57.2936 -98.7725 1273.11
42.1797 -212.431 1212.57
-185.65 -196.2 1250.52
-35.0254 301.537 1467.83
-42.8519 6.7705 1314.67
124.14 -46.6022 825.49
-334.716 -178.133 985.364
-57.6265 -97.0801 1270.55
38.5187 -212.732 1206.26
-185.882 -195.702 1246.55
-33.1791 301.322 1467.19
-41.5712 10.057 1314.69
111.709 -80.0513 820.307
-322.737 -169.357 949.388
-57.1685 -92.3977 1266.44
34.3137 -205.527 1201.17
-179.391 -189.705 1234.5
-32.9378 300.339 1467.69
-41.7984 12.8204 1315.05
111.787 -104.086 805.85
-291.644 -194.327 1026.44
-58.0279 -91.065 1267.32
32.8273 -204.789 1201.81
-182.676 -186.129 1237.23
-32.7276 300.153 1467.75
-41.1313 13.3294 1315.13
105.13 -137.575 806.375
-325.725 -202.255 1003.45
-62.4731 -88.4093 1270.61
34.2599 -204.13 1203.94
-200.78 -175.637 1249.26
-33.7752 299.485 1467.66
-41.6862 13.065 1314.62
102.223 -169.517 810.173
-339.311 -176.344 936.446
-56.9786 -87.3123 1265.9
52.3853 -193.531 1192.92
-195.148 -181.454 1241.09
-36.3886 298.684 1468.31
-42.5758 12.8679 1314.79
107.247 -187.953 822.842
-315.683 -218.621 1014.41
-56.9763 -85.8411 1260.38
67.6695 -184.262 1186.84
-195.277 -189.642 1233.37
-36.7433 299.222 1468.22
-50.149 15.27 1310.66
104.386 -207.074 832.724
-337.081 -209.834 964.172
-57.7575 -93.5777 1258.4
62.5804 -200.164 1181.75
-195.811 -202.078 1228.64
-37.3522 299.9 1468.63
-48.8999 13.9655 1311.6
102.132 -234.178 840.724
-334.611 -217.211 984.236
-59.6275 -98.0875 1257.75
58.704 -208.17 1182.86
-194.504 -210.416 1227.44
-37.9524 300.377 1469.46
-51.3549 13.1179 1310.34
98.6622 -253.253 848.924
-330.688 -183.367 959.823
-62.7362 -99.8807 1260.55
55.9457 -211.559 1187.44
-196.233 -213.776 1227.25
-38.1778 300.733 1470.18
-55.3287 12.906 1313.76
102.832 -273.6 860.457
-331.946 -228.974 989.247
-61.8256 -107.55 1262.51
51.5792 -227.204 1191.94
-184.479 -233.283 1226.36
-38.6659 301.486 1469.96
-57.2015 15.1443 1315.88
100.911 -286.668 863.552
-330.934 -224.277 984.889
-60.8832 -116.281 1266.62
46.2004 -247.08 1202.76
-179.106 -247.917 1229.9
-38.526 302.382 1469.15
-55.3138 14.9373 1316.91
103.01 -300.593 870.629
-326.503 -219.139 975.904
-60.242 -115.3 1269.26
45.0766 -248.872 1207.5
-180.639 -244.903 1231.1
-38.3466 303.262 1468.59
-52.7031 16.2866 1319.22
107.17 -310.878 883.602
-328.718 -213.555 964.043
-60.0542 -114.523 1271.89
45.4814 -248.578 1212.6
-182.556 -242.1 1235.27
-38.1105 303.976 1467.97
-51.571 16.294 1319.85
108.636 -318.438 884.887
-316.959 -233.826 993.553
-62.0278 -113.284 1274.02
44.4636 -245.955 1218.68
-184.527 -238.889 1239.06
-37.5997 303.931 1467.09
-54.0239 15.8548 1319.17
107.873 -317.673 899.414
-339.267 -209.161 942.439
-62.0419 -112.978 1272.88
43.1287 -244.236 1216.08
-184.848 -236.52 1238.66
-37.289 303.852 1466.45
-53.224 14.4212 1318.38
116.025 -318.148 888.692
-317.982 -234.294 991.856
-62.8858 -111.278 1271.69
43.2285 -239.041 1213.88
-185.05 -233.267 1238.22
-37.1894 303.455 1465.64
-54.861 13.5978 1317.33
112.097 -308.31 884.447
-317.301 -235.984 993.42
-63.1045 -117.183 1267.45
42.1298 -238.37 1213.89
-183.675 -231.765 1236.41
-38.0837 303.152 1465.85
-55.4365 0.701589 1309.75
118.646 -310.759 873.894
-317.567 -222.567 999.567
-60.315 -120.29 1264.74
41.8299 -243.053 1210.34
-171.855 -242.287 1230.98
-38.7464 303.166 1466.02
-55.6177 2.09061 1308.83
122.649 -294.173 870.489
-331.775 -206.875 959.858
-58.8041 -118.977 1261.47
49.9621 -242.137 1202.77
-172.096 -245.457 1221.32
-39.2041 302.774 1466.49
-56.5412 5.84298 1310.89
123.343 -267.782 874.309
-322.612 -185.41 919.246
-58.5408 -117.679 1256.05
47.5837 -240.677 1197.08
-169.034 -242.447 1210.3
-39.6148 302.574 1466.26
-56.3562 6.20444 1308.42
127.646 -249.302 875.141
-315.788 -238.351 986.928
-56.1492 -114.64 1245.71
55.2277 -227.776 1180.24
-165.08 -237.293 1194.91
-40.2653 302.594 1465.39
-57.3724 3.25425 1303.84
125.84 -231.095 855.641
-313.352 -238.509 993.222
-57.7521 -113.813 1248.28
63.7483 -211.834 1176.9
-156.824 -237.569 1182.44
-40.1997 302.387 1465.17
-68.9666 -2.92402 1316.89
128.253 -212.145 845.109
-307.767 -220.988 982.599
-53.6526 -106.42 1246.28
72.9865 -199.674 1176.3
-158.382 -228.504 1184.97
-40.158 302.156 1465.42
-64.6073 1.24911 1311.92
127.715 -175.902 844.135
-308.364 -233.732 989.197
-53.7875 -103.372 1259.54
78.7306 -199.348 1199.37
-162.964 -224.732 1198.34
-39.8506 302.065 1465.86
-65.4584 5.29674 1320.22
127.597 -151.157 839.085
-329.892 -242.254 981.356
-55.557 -99.2225 1262.61
74.8758 -195.04 1199.63
-164.822 -218.152 1198.76
-40.1623 301.932 1466.51
-66.1411 8.15096 1326.04
131.06 -120.828 830.964
-312.219 -232.495 997.283
-57.3754 -95.4557 1266.25
72.0818 -190.031 1201.73
-170.327 -211.043 1205.03
-39.8416 301.976 1467.06
-65.6284 9.62565 1329.12
131.656 -87.2416 820.067
-328.562 -196.655 927.63
-59.4764 -94.6808 1271.41
62.7163 -189.794 1205.1
-170.35 -205.727 1210.17
-39.9997 301.544 1467.55
-65.1357 8.39897 1335.18
129.785 -54.8635 814.711
-314.189 -235.258 1007.39
-60.5282 -93.8549 1273.27
57.1043 -189.699 1204.91
-170.604 -201.268 1209.7
-40.5365 301.576 1467.95
-64.3064 7.774 1339.24
114.249 -17.3217 824.997
-314.889 -234.842 1011.57
-61.0036 -95.4157 1273.39
54.6307 -191.773 1204.55
-170.447 -202.994 1211.39
-40.5179 301.637 1468.07
-64.0992 6.5524 1338.81
137.378 1.32019 863.387
-315.578 -233.574 1014.19
-62.5159 -98.4176 1271
52.9829 -191.51 1206.2
-170.777 -203.54 1212.4
-40.6932 301.527 1467.91
-66.135 0.68974 1332.7
151.436 26.7856 856.151
-332.591 -207.611 981.996
-61.388 -97.4044 1273.82
49.17 -193.9 1207.94
-170.905 -200.886 1217.49
-41.2734 301.166 1468.02
-61.9084 2.5842 1334.93
167.807 46.6345 869.877
-339.31 -177.617 931.445
-59.3467 -101.211 1280.71
52.3368 -201.819 1216.63
-172.6 -210.942 1237.88
-41.7203 300.506 1468.44
-58.5617 3.95873 1334.17
163.991 81.6937 872.692
-334.744 -212.263 1004.91
-59.8523 -101.839 1277.38
51.5976 -215.844 1213.46
-196.2 -205.004 1260.92
-42.0095 300.14 1468.92
-47.4032 6.74701 1317.58
162.569 100.224 870.554
-323.725 -167.268 969.626
-62.0908 -103.145 1286.37
35.6666 -226.311 1237.74
-189.526 -205.618 1267.64
-42.2885 300.792 1468.75
-47.2519 9.67522 1320.05
172.319 118.777 897.663
-286.239 -177.811 1026.1
-65.9223 -97.0316 1279.88
32.4379 -221.698 1222.04
-205.879 -188.121 1253.87
-41.8796 301.19 1467.91
-45.1242 10.8463 1321.81
177.851 139.426 908.086
-321.157 -143.863 972.664
-66.1212 -89.6821 1273.45
32.7953 -207.644 1208.45
-206.537 -172.834 1237.48
-41.0684 302.15 1466.37
-45.3715 10.8747 1323.93
171.111 167.753 918.275
-326.655 -139.694 952.43
-66.091 -89.8705 1272.91
34.3945 -206.912 1205.7
-207.027 -174.133 1236.16
-40.4019 303.789 1465.58
-45.8658 10.7817 1324.9
170.325 199.061 931.753
-330.437 -172.972 1009.6
-66.0352 -87.843 1280.68
27.6545 -200.784 1224.57
-197.922 -168.069 1251.49
-39.3057 304.292 1464.66
-46.9367 8.74049 1323.34
167.495 227.762 942.085
-335.257 -145.549 963.402
-66.9328 -78.3411 1280.94
35.8876 -181.982 1217.09
-203.967 -155.495 1255.27
-38.3337 305.095 1464.63
-49.8258 12.056 1325.7
167.421 268.506 940.987
-294.697 -173.676 1054.44
-68.0793 -81.7224 1282.95
22.1402 -187.794 1223.85
-193.168 -162.484 1256.23
-36.9089 305.932 1464.22
-50.6449 11.6947 1325.85
167.177 288.289 961.048
-339.798 -148.304 984.34
-60.9118 -80.4723 1286.8
37.091 -181.46 1239.84
-178.253 -165.247 1254.36
-35.49 305.442 1463.6
-51.2425 12.409 1326.5
169.694 319.249 993.84
-283.516 -177.332 1039.78
-59.0688 -78.003 1286.47
42.8946 -173.829 1237.96
-172.156 -167.206 1252.02
-32.9514 305.743 1461.49
-53.5071 14.5117 1327.96
169.067 342.806 1010.68
-321.153 -203.627 1013.72
-63.1184 -79.3425 1294.42
44.7736 -185.369 1241.72
-193.367 -169.757 1271.61
-28.7104 306.418 1457.06
-51.9401 18.8782 1332.17
172.944 348.082 1023.96
-349.587 -182.667 987.927
-60.8625 -75.7798 1301.98
44.8997 -178.829 1253.65
-183.462 -168.511 1279.37
-25.9094 306.568 1454.05
-52.4439 22.1108 1337.45
171.85 369.656 1044.83
-289.618 -185.134 1037.94
-62.8295 -78.2337 1298.45
36.5235 -185.545 1254.12
-183.095 -167.302 1267.54
-27.0417 305.863 1453.83
-52.3733 19.956 1336.07
172.61 364.303 1069.87
-341.001 -155.141 931.337
-66.3972 -81.2407 1294.51
28.0753 -193.755 1248.11
-187.768 -169.343 1259.23
-27.5067 305.064 1453.92
-52.9483 19.0676 1335.35
176.822 368.784 1085.91
-344.791 -171.845 976.31
-73.1095 -79.1128 1290.02
6.80877 -192.228 1232.48
-191.203 -164.486 1254.55
-26.7868 304.964 1453.2
-54.0219 20.1315 1336.53
178.377 366.871 1087.55
-338.58 -164.194 996.202
-73.1904 -78.2162 1285.69
4.77369 -188.905 1222.77
-189.364 -164.096 1248.04
-24.7398 305.383 1451.06
-54.0856 20.0682 1335.97
178.658 365.79 1098.89
-335.998 -169.551 1002.45
-68.9286 -80.0577 1284.09
13.9491 -190.175 1225.32
-181.541 -168.411 1239.81
-22.8128 305.397 1449.59
-54.0612 19.1777 1335.62
176.573 376.208 1118.09
-338.502 -174.455 994.054
-76.9546 -92.4417 1282.44
2.72401 -212.964 1228.7
-197.961 -175.501 1235.32
-21.3955 305.278 1448.5
-56.2909 9.34886 1332.88
178.252 362.168 1128.59
-341.101 -125.987 933.697
-77.3767 -87.1457 1277.32
3.30594 -206.956 1216.02
-201.441 -168.216 1225.76
-20.931 304.126 1446.67
-55.6861 13.2944 1333.75
177.222 370.726 1130.38
-350.718 -141.172 919.714
-75.5768 -87.2173 1276.73
7.34815 -206.356 1215.02
-198.645 -171.212 1224.98
-22.1676 303.884 1447.26
-55.5051 14.3492 1333.46
176.815 372.7 1130.13
-328.436 -133.726 947.877
-74.3401 -87.9019 1278.81
8.94116 -207.19 1219.43
-195.416 -174.754 1228.92
-22.1379 303.728 1446.99
-55.4426 15.168 1333.45
171.825 369.774 1127.11
-339.279 -136.43 931.255
-73.6608 -89.9932 1279.8
10.3821 -212.675 1221.87
-194.588 -180.512 1228.29
-21.4251 304.103 1446.48
-55.2184 16.6068 1334.52
177.747 345.82 1120.6
-329.429 -131.289 934.565
-72.8064 -89.571 1280.83
11.0712 -211.907 1223.44
-192.937 -180.981 1230.75
-21.8252 304.651 1446.92
-54.68 17.3021 1334.56
171.152 356.188 1107.09
-295.48 -157.109 1001.89
-71.0387 -94.7651 1293.14
19.4316 -220.16 1244.24
-194.709 -193.836 1258.63
-21.1337 303.885 1447.31
-54.4386 17.4681 1334.84
169.608 348.174 1085.35
-325.985 -134.158 950.109
-67.1146 -101.299 1294.32
22.9693 -226.268 1248.14
-181.051 -210.043 1261.79
-19.9612 301.709 1445.82
-55.1886 15.5587 1333.66
171.165 344.124 1062.1
-318.461 -190.428 1018.23
-72.9665 -103.276 1288.44
7.1953 -224.794 1237.02
-184.853 -205.334 1258.4
-17.9869 301.834 1444.11
-57.104 8.51143 1329.18
164.97 323.46 1028.11
-336.312 -160.569 991.454
-64.294 -87.6499 1262.32
58.9999 -171.252 1159.82
-202.705 -199.209 1229.24
-16.962 302.402 1443.02
-56.7355 9.93064 1330.11
158.114 347.035 978.23
-337.486 -176.836 975.624
-63.2892 -88.8908 1262.78
62.5539 -172.685 1159.92
-201.974 -203.721 1230.86
-17.2028 303.346 1442.68
-56.8683 10.4216 1330.17
154.488 334.393 956.115
-311.536 -221.174 1056.29
-62.4268 -88.3992 1270.79
65.7237 -175.829 1180.96
-202.52 -197.057 1244.29
-18.4298 305.273 1443.89
-56.4554 9.64497 1328.95
153.998 313.258 930.791
-310.786 -213.667 1050.37
-64.4542 -82.7512 1276.95
57.2473 -171.944 1196.71
-203.71 -179.398 1255.21
-24.2908 312.669 1451.06
-55.677 10.1687 1327.94
157.03 273.156 914.638
-310.163 -204.415 1047.86
-64.1255 -88.3713 1282.53
50.7918 -190.122 1218.85
-197.473 -184.096 1256.64
-22.9871 311.632 1449.72
-54.9105 10.3666 1327.32
154.206 229.895 913.405
-332.276 -186.81 1002.6
-64.9557 -93.9765 1282.98
41.9646 -201.696 1227.59
-192.376 -189.501 1255.73
-22.0027 312.461 1450.03
-54.7057 7.64533 1324.3
157.244 192.798 900.271
-307.549 -190.582 1033.15
-63.5501 -83.3963 1280.36
34.2481 -177.348 1222.56
-179.229 -169.54 1249.86
-26.6261 314.486 1454.73
-54.61 6.65127 1324.51
154.132 169.549 884.713
-334.944 -179.623 999.275
-65.8429 -79.3576 1280.66
29.8492 -171.545 1214
-181.974 -163.649 1241.83
-29.6527 314.956 1457.47
-55.6234 8.88165 1333.41
150.834 138.394 880.127
-340.122 -182.159 991.64
-64.9643 -76.5276 1283.63
30.6112 -165.732 1210.62
-177.794 -165.033 1240.52
-27.6297 312.025 1454.38
-56.3374 12.3274 1341.68
146.334 120.59 871.405
-336.027 -175.589 953.048
-63.007 -81.4541 1280.36
33.566 -172.386 1211.69
-175.761 -171.144 1240.95
-32.566 312.727 1458.66
-54.9166 8.85672 1334.39
144.186 81.5628 870.078
-341.577 -188.062 991.117
-66.4948 -81.7802 1275.71
33.0483 -174.729 1207.47
-174.015 -183.264 1239.02
-34.8876 312.7 1461.96
-62.5064 15.4366 1328.18
139.626 52.7696 869.881
-339.645 -200.274 997.15
-61.3825 -85.7657 1266.16
33.9208 -188.582 1204.37
-162.059 -190.518 1217.54
-35.3798 312.127 1463.58
-58.6959 18.0185 1321.37
144.194 24.1116 864.384
-349.701 -192.973 977.535
-65.0166 -79.7569 1263.83
32.592 -178.484 1195.06
-176.464 -174.861 1213.45
-33.6105 310.447 1461.37
-58.0973 17.1591 1323.39
138.178 -8.38452 861.21
-333.685 -160.368 947.315
-65.1313 -79.4561 1269.97
31.7539 -181.824 1202.57
-182.177 -177.875 1237.98
-36.0206 309.864 1462.96
-55.0508 20.9372 1319.67
126.764 -19.3257 840.778
-340.334 -192.435 965.49
-62.5741 -83.0367 1266.5
31.2091 -186.959 1200.21
-190.203 -169.801 1253.34
-38.6885 308.41 1463.86
-45.6511 12.3065 1306.24
117.674 -61.9614 835.966
-327.611 -192.47 990.048
-61.0618 -95.6801 1261.79
33.6908 -199.78 1194.16
-194.211 -176.035 1247.52
-39.3483 306.787 1463.47
-41.8636 -3.45276 1302.74
114.536 -87.4058 801.413
-332.291 -204.551 992.732
-62.0877 -95.0929 1261.62
32.5273 -198.453 1193.69
-193.179 -177.765 1246.49
-39.5828 304.99 1462.87
-43.8493 -2.07673 1303.14
104.614 -115.896 806.235
-346.352 -176.841 923.293
-61.3421 -102.774 1258.48
31.5819 -209.234 1196.3
-186.513 -190.742 1237.78
-39.6484 303.726 1462.1
-45.2184 -5.56016 1299.92
106.74 -145.167 814.686
-312.862 -223.022 1018.79
-64.9801 -97.2781 1258.35
35.2232 -201.934 1194.72
-183.071 -199.419 1232.58
-39.7826 302.855 1461.85
-56.0365 6.12014 1303.05
111.144 -173.205 825.759
-331.524 -213.964 978.056
-58.7686 -99.4488 1250.18
67.0408 -198.207 1182.99
-181.791 -214.696 1209.19
-39.8192 302.154 1461.62
-60.1621 7.55391 1304.27
107.313 -189.874 843.055
-333.471 -226.171 990.83
-60.6836 -98.6419 1256.72
60.144 -201.625 1190.56
-183.369 -211.872 1215.38
-39.9302 301.383 1462.03
-59.7549 9.46507 1310.47
107.729 -222.178 840.13
-336.317 -183.487 929.944
-56.7802 -101.986 1254.59
67.8397 -202.704 1188.84
-178.949 -218.06 1214.6
-40.4144 300.926 1461.43
-58.0057 6.41086 1307.46
116.569 -243.174 849.337
-334.387 -215.999 974.855
-49.7477 -105.843 1245.27
70.973 -205.873 1176.56
-157.109 -228.975 1194.16
-40.7906 300.13 1461.77
-56.4272 5.73785 1305.18
112.535 -258.423 858.383
-333.869 -224.776 957.646
-56.8986 -106.142 1245.87
50.6954 -210.536 1174.3
-167.086 -222.141 1201.15
-40.9035 300.048 1461.89
-55.602 4.05389 1304.01
112.124 -291.361 859.003
-335.481 -190.232 918.659
-55.4589 -108.186 1243.11
54.6422 -209.854 1172.83
-162.832 -225.307 1196.72
-40.845 299.938 1462.45
-56.8231 1.20816 1301.44
110.265 -301.598 878.387
-328.329 -199.637 915.962
-55.5784 -108.387 1244.07
55.6796 -210.394 1176.18
-164.577 -224.482 1198.97
-40.8015 298.958 1462.88
-56.7081 0.664631 1300.57
111.535 -323.061 881.975
-326.45 -224.345 972.672
-56.9313 -110.035 1244.09
54.9782 -213.451 1175.99
-169.064 -226.002 1201.27
-40.4394 298.475 1462.84
-56.8197 -0.342979 1299.55
113.753 -334.124 892.193
-334.51 -225.286 969.959
-57.5572 -109.319 1245.06
53.212 -212.292 1179.25
-169.902 -222.822 1203.83
-40.3702 297.908 1461.71
-56.7693 -1.0803 1298.57
114.375 -339.615 889.879
-275.254 -217.682 991.61
-59.3871 -110.385 1245.43
45.236 -216.117 1183.57
-169.39 -221.517 1206.69
-40.4184 297.176 1460.01
-56.6972 -1.95323 1295.73
122.289 -344.2 883.38
-334.318 -187.095 916.103
-58.3966 -110.291 1244.59
46.7289 -215.753 1182.44
-167.494 -222.422 1205.08
-40.9478 296.443 1458.88
-56.4105 -1.49416 1295.43
86.6872 -330.354 893.877
-342.045 -191.033 908.758
-58.5276 -109.217 1245.44
47.0781 -213.188 1183.69
-166.711 -220.594 1204.62
-41.0406 296.239 1458.27
-57.239 -1.54188 1296.72
117.649 -326.835 882.473
-331.018 -224.312 967.444
-59.3567 -109.3 1246.05
43.2457 -214.459 1183.88
-166.006 -220.148 1203.75
-40.6665 295.979 1457.91
-57.3333 -1.29665 1298.28
119.101 -316.121 873.632
-338.956 -214.534 947.732
-59.8036 -109.081 1246.49
40.7625 -215.726 1184.61
-166.35 -219.627 1204.73
-40.9007 295.382 1457.14
-56.8135 -0.484943 1298.32
124.235 -296.064 869.468
-330.238 -197.572 920.813
-59.8843 -109.121 1247.71
39.8172 -218.438 1187.01
-168.167 -219.779 1207.65
-41.2465 295.008 1456.66
-55.5937 0.86644 1298.09
123.265 -274.039 863.391
-329.581 -213.643 959.37
-59.9825 -107.577 1249.31
39.8619 -216.673 1189.4
-168.21 -218.112 1210.21
-41.3613 294.781 1456.02
-55.791 2.23786 1298.83
127.095 -251.853 857.667
-316.115 -236.209 987.263
-60.6837 -105.511 1250.92
39.4486 -214.422 1190.87
-168.225 -216.747 1211.48
-41.806 294.814 1456.61
-56.9791 4.56273 1300.66
135.393 -232.303 856.199
-337.761 -211.117 949.222
-61.457 -103.239 1250.89
39.7336 -210.664 1190.33
-170.542 -213.336 1213.13
-42.0484 295.009 1457.17
-57.5096 5.52275 1300.06
126.433 -195.056 842.754
-314.794 -236.231 985.297
-61.0968 -98.653 1250.4
45.4502 -200.973 1187
-171.967 -208.579 1212.12
-42.2222 295.998 1457.44
-58.9353 7.47013 1301.24
125.382 -163.022 828.104
-314.582 -238.812 988.679
-60.4457 -94.8617 1250.77
49.3803 -194.725 1185.73
-173.257 -204.452 1211.68
-42.5326 296.731 1457.38
-58.9532 9.86523 1302.83
162.422 -185.125 853.991
-338.418 -214.086 945.975
-61.3473 -90.6123 1253.07
50.8803 -189.573 1186.51
-174.5 -201.714 1212.18
-43.2194 297.137 1457.98
-60.8846 14.4192 1306.8
153.933 -142.931 843.737
-332.69 -219.79 978.897
-64.5682 -88.7072 1265.56
55.1542 -192.755 1197.11
-192.39 -201.427 1237.27
-43.109 297.656 1457.43
-60.5184 19.6767 1313.92
115.855 -69.117 815.179
-328.919 -181.738 939.027
-63.6793 -90.5303 1260.61
50.3194 -194.15 1193.45
-184.394 -202.045 1225.45
-43.208 298.518 1456.9
-60.3214 17.0368 1311.78
121.846 -25.0138 822.044
-330.177 -208.704 979.49
-61.1762 -90.2759 1258.83
49.5986 -193.129 1192.2
-184.35 -194.972 1224.83
-43.1577 299.142 1457.69
-54.9766 13.4988 1309.13
142.191 -7.07209 849.074
-331.422 -217.025 993.117
-58.2529 -97.9882 1261.76
52.1686 -206.68 1201.25
-182.926 -206.418 1242.57
-42.9992 299.339 1457.52
-51.1269 10.573 1301.61
162.761 8.46518 881.037
-331.209 -205.821 975.751
-57.2959 -94.6361 1261.85
50.9138 -203.47 1203.17
-182.344 -198.603 1238.38
-42.7599 299.351 1457.97
-48.8767 11.764 1302.93
158.607 48.8473 883.087
-315.904 -229.162 1001.84
-62.1868 -85.0752 1267.01
40.0934 -189.812 1209.05
-186.881 -178.205 1243.16
-42.7537 299.442 1458.67
-50.9797 13.8583 1307.92
174.05 67.9817 893.464
-315.703 -221.726 1006.72
-59.4541 -86.9011 1267.96
45.0735 -192.339 1212.59
-184.283 -180.551 1240.46
-42.4223 298.97 1458.9
-49.3033 12.6429 1309.4
170.059 105.562 896.439
-315.917 -221.834 1005.45
-58.8665 -83.8042 1270.66
48.0108 -189.636 1216.74
-188.435 -173.464 1244.13
-41.456 299.487 1457.89
-47.5209 13.9416 1310.89
178.12 141.598 903.382
-315.572 -219.777 1007.49
-60.8919 -83.9958 1273.25
49.0524 -188.394 1216.12
-189.85 -178.165 1245.82
-40.8118 300.817 1457.16
-51.385 15.2875 1315.53
175.483 172.314 918.645
-317.371 -225.203 1011.06
-60.1862 -84.0693 1272.21
46.6318 -190.202 1214.19
-189.319 -176.721 1244.27
-40.3013 302.995 1457.98
-49.0287 15.3231 1315.2
178.634 201.438 933.977
-335.578 -167.827 934.595
-57.5965 -107.583 1276.55
64.2807 -230.93 1214.03
-194.681 -229.727 1260.23
-40.049 304.832 1458.46
-49.993 15.1637 1315.97
169.381 257.062 925.013
-315.721 -226.549 1022.06
-62.8954 -98.8287 1278.51
42.9991 -216.354 1215.68
-191.463 -208.107 1256.11
-39.0229 307.022 1458.03
-51.5587 14.5729 1321.12
168.078 286.835 936.279
-316.213 -218.791 1021.16
-65.9362 -95.7633 1281.95
33.8072 -210.788 1220.8
-192.309 -198.622 1262.76
-37.254 307.817 1457.56
-52.6216 13.1785 1322.12
169.535 309.131 960.079
-315.804 -214.405 1020.77
-67.5557 -87.0223 1282.27
25.3865 -204.049 1219.79
-193.101 -186.698 1259.02
-35.7685 308.892 1457.95
-51.254 21.3291 1325.13
168.085 329.165 981.789
-296.14 -162.443 987.481
-71.5494 -93.554 1277.02
10.8874 -214.435 1205.44
-193.022 -198.515 1249.46
-30.0365 313.588 1455.7
-52.0315 19.3671 1326.6
167.179 346.737 993.714
-313.696 -210 1025.42
-71.6799 -91.196 1279.82
13.6345 -209.386 1209.7
-195.307 -192.261 1254
-26.7681 314.821 1452.78
-52.5236 18.4318 1327.79
166.968 358.08 1015.61
-313.518 -205.566 1028.49
-73.067 -88.0568 1280.74
12.534 -203.795 1210.6
-197.954 -184.904 1254.91
-27.8786 312.504 1453.17
-53.424 18.2362 1328.73
165.701 366.399 1037.67
-312.653 -200.553 1030.84
-73.4549 -87.1954 1275.76
6.42661 -201.132 1203.37
-192.133 -183.428 1240.3
-26.194 312.887 1452.64
-54.0564 17.8888 1329.69
165.703 376.679 1061.66
-313.068 -194.277 1027.42
-73.8212 -91.6481 1279.73
5.24083 -211.547 1214.68
-191.194 -190.597 1243.8
-22.4114 314.245 1450.87
-54.666 17.7757 1330.22
171.179 378.643 1084.83
-314.842 -191.139 1022.1
-73.1877 -92.9827 1282.11
4.61308 -213.654 1221.64
-186.605 -193.305 1245.47
-15.4643 313.763 1443.76
-55.3792 17.5143 1330.66
168.087 383.591 1105.22
-317.248 -190.726 1017.91
-71.9402 -88.7837 1286.5
10.5143 -204.384 1233.34
-183.787 -184.179 1249.38
-16.6156 314.356 1443.57
-57.2441 16.7143 1331.63
166.001 392.19 1122.33
-351.481 -175.674 925.615
-72.7304 -87.9107 1284.77
9.0974 -202.929 1226.79
-186.327 -183.712 1250.06
-14.6349 314.02 1440.86
-56.8458 17.4987 1331.12
165.583 395.55 1124.83
-317.726 -188.914 1018.57
-77.7061 -78.9534 1281.46
-4.58414 -186.684 1212.41
-192.675 -166.088 1251.28
-16.9674 313.836 1442.37
-56.7826 18.479 1331.07
161.204 394.527 1117.16
-313.771 -186.95 1032.86
-80.8587 -74.2121 1277.02
-6.8312 -179.87 1204.82
-201.492 -152.867 1243.58
-31.9305 300.966 1438.79
-57.5561 17.9446 1329.84
161.68 387.198 1121.34
-296.883 -180.617 1042.62
-82.245 -70.8387 1271.77
-9.81393 -169.905 1197.72
-199.18 -144.268 1233.32
-26.2533 306.873 1441.71
-59.9931 15.4092 1328.01
165.613 377.84 1117.99
-331.674 -173.639 1018.08
-82.3375 -71.9181 1273.39
-11.2625 -173.661 1201.46
-197.367 -147.03 1232.12
-24.9225 308.961 1443.05
-60.3603 16.5095 1329.99
163.338 377.066 1119.31
-328.312 -174.319 1016.43
-78.4759 -79.7105 1273.06
-4.35226 -187.606 1206.85
-188.379 -167.772 1232.01
-24.6817 309.845 1442.05
-60.5863 18.2678 1326.68
165.077 385.528 1113.52
-335.523 -172.836 985.962
-80.3338 -87.5657 1280.16
1.77298 -201.458 1214.1
-198.762 -183.187 1250.03
-28.5966 307.133 1439.5
-62.1729 17.1912 1328.25
161.147 387.067 1094.9
-328.729 -173.582 996.122
-76.1354 -88.2705 1289.14
17.406 -202.594 1236.54
-197.917 -183.599 1263.28
-26.9415 307.751 1439.01
-62.0156 16.5557 1328.37
161.978 376.644 1091.65
-340.293 -180.013 979.838
-73.4936 -89.5524 1291.98
22.0195 -204.983 1246.27
-192.669 -186.959 1262.89
-26.2438 308.201 1438.46
-61.6626 16.8665 1329.39
163.645 372.495 1083.56
-360.043 -252.252 1036.76
-78.1151 -94.9513 1290.46
0.942287 -220.758 1245.56
-190.018 -198.118 1260
-25.6156 308.568 1436.79
-61.6926 19.5354 1328.15
157.91 357.022 1064.65
-334.614 -172.314 971.805
-76.8446 -90.4799 1289.94
4.59485 -213.87 1242.8
-190.495 -191.386 1258.61
-25.2644 309.712 1436.13
-60.7392 21.6681 1329.18
152.783 349.835 1042.84
-336.815 -173.201 977.674
-69.7508 -84.7679 1287.36
32.4186 -197.581 1234.14
-192.952 -183.956 1256.04
-24.2249 309.694 1434.45
-59.2346 21.2328 1329.64
150.194 345.256 1020.29
-329.731 -187.987 1001.74
-65.4008 -80.3656 1281.49
42.9499 -189.119 1218.06
-191.277 -181.68 1243
-23.7147 309.677 1433.64
-56.6377 24.6685 1332.45
145.515 336.835 1000.63
-345.751 -198.434 976.074
-66.9724 -74.2675 1278.89
38.4504 -175.378 1209.32
-191.877 -170.359 1242.24
-23.4166 312.13 1434.43
-57.2317 24.3335 1332.01
143.491 320.394 969.505
-341.16 -198.105 991.511
-65.1599 -66.2907 1271.2
29.3249 -145.527 1203.14
-171.436 -148.227 1228.43
-22.7813 311.02 1435.06
-59.2645 14.296 1326.6
141.52 290.148 954.999
-339.397 -167.456 942.075
-59.9411 -65.6442 1279.74
42.3393 -147.732 1225.51
-165.066 -151.105 1237.49
-23.0141 311.14 1436.44
-58.519 18.13 1327.97
141.691 259.959 946.666
-314.494 -213.043 1002.67
-62.0714 -73.113 1283.4
32.1982 -170.672 1232.99
-166.173 -163.996 1240.4
-24.9482 315.974 1448.16
-57.1552 21.108 1330.1
144.919 214.599 939.581
-314.2 -208.204 999.055
-62.9637 -72.4129 1281.41
32.0897 -169.406 1226.15
-171.556 -162.161 1240.8
-26.6972 316.513 1448.6
-56.1944 20.9574 1329.34
141.402 187.323 910.806
-313.257 -208.149 1007.3
-63.6237 -74.7072 1278.69
32.3262 -168.308 1218.48
-173.154 -163.819 1238
-28.0416 314.687 1445.31
-56.8336 16.6491 1329.14
133.26 154.737 886.567
-313.807 -206.088 1014.22
-64.2156 -84.6603 1279.92
35.2548 -191.155 1225.06
-180.204 -179.713 1238.01
-27.9294 315.1 1446.27
-55.9566 16.1132 1328.3
132.377 113.154 884.094
-317.283 -200.902 1020.27
-64.9402 -86.51 1266.97
31.0081 -187.36 1212.7
-178.157 -179.685 1238.3
-28.8695 314.551 1447.78
-56.3062 10.5026 1308.43
130.977 75.5185 879.098
-314.667 -205.648 1010.23
-64.0139 -85.5858 1266.73
34.081 -185.487 1206.13
-177.73 -182.095 1234.64
-29.6187 314.311 1449.49
-56.2031 12.6193 1313.07
129.372 38.7399 863.973
-314.443 -210.076 1016.15
-67.1654 -85.3321 1265.12
40.0666 -186.495 1204.01
-183.184 -190.715 1235.1
-30.7401 313.494 1450.6
-62.7721 17.941 1310.7
131.178 15.5305 870.411
-313.255 -228.055 1004.8
-63.7189 -87.8381 1253.75
41.7164 -189.311 1196.93
-179.968 -192.279 1238.93
-33.2453 311.505 1455.06
-58.3118 15.119 1289.58
128.498 -12.8781 857.665
-315.442 -223.376 996.478
-62.7585 -91.133 1263.73
41.3076 -193.942 1202.38
-184.719 -189.256 1238.02
-35.3428 309.979 1456.88
-53.8114 9.33281 1307.26
135.786 -13.7664 910.616
-314.598 -228.078 1004.05
-63.7262 -91.047 1261.15
39.4793 -193.627 1203.33
-181.884 -191.23 1238.37
-34.7556 308.434 1454.27
-56.2501 10.3349 1301.45
119.253 -72.9415 831.573
-318.603 -228.779 1006.59
-64.5159 -91.3532 1261.44
40.8931 -193.01 1203.43
-182.468 -193.336 1239.16
-36.0018 306.024 1455.59
-58.2443 10.4668 1301.58
116.828 -103.551 809.291
-320.392 -226.994 1018.59
-70.1443 -87.4061 1258.26
39.6271 -186.57 1191.35
-197.925 -185.239 1236.78
-36.6105 304.346 1455.03
-61.1396 11.0919 1302.46
111.412 -132.418 809.575
-317.222 -224.045 1018.73
-69.2184 -89.3887 1258.12
38.7854 -188.722 1194.88
-191.293 -190.458 1237.78
-37.7503 303.004 1455.25
-62.1831 10.8126 1299.91
111.013 -157.815 818.819
-316.802 -227.499 1013.93
-68.2539 -89.8758 1258.76
40.1933 -190.225 1196.09
-188.707 -194.331 1240.38
-38.6403 302.237 1455.53
-62.251 12.5265 1299.28
108.106 -176.772 826.311
-318.996 -232.799 1011.22
-66.3831 -92.3601 1260.5
48.2017 -191.492 1195.99
-189.73 -200.85 1248.95
-38.8625 302.357 1456.34
-62.0018 11.4509 1298.52
113.678 -193.098 825.076
-334.339 -188.11 943.233
-62.7005 -94.0816 1260.74
64.3876 -189.561 1195.58
-188.604 -209.975 1245.56
-38.8411 301.951 1456.22
-63.2929 11.6048 1300.91
109.048 -208.646 831.885
-314.7 -247.6 985.739
-62.0338 -98.5175 1266
71.573 -197.529 1201.73
-190.983 -221.152 1255.12
-39.441 301.724 1455.29
-64.3628 12.3053 1303.58
104.539 -228.128 839.373
-331.13 -195.557 915.311
-62.3264 -100.308 1267.07
72.485 -201.953 1201.72
-192.885 -224.972 1253.31
-39.5339 301.252 1455.26
-64.4525 12.8457 1306.63
102.112 -246.589 846.957
-326.858 -217.714 971.843
-62.8758 -103.173 1267.55
69.7152 -209.812 1201.9
-192.736 -230.34 1252.48
-40.0868 301.396 1455.78
-64.241 13.7304 1307.91
100.664 -265.959 849.404
-336.309 -226.883 976.793
-64.1747 -114.44 1265.52
65.2091 -232.508 1196.54
-193.682 -250.074 1249.1
-39.8313 301.382 1456.13
-64.1132 12.4108 1308.21
98.1584 -280.024 858.292
-317.787 -246.101 1004.66
-64.4921 -115.362 1265.72
59.9086 -234.521 1198.22
-190.65 -249.501 1247.76
-39.8043 301.325 1455.7
-63.6133 11.2875 1308.46
97.0251 -296.344 860.183
-317.643 -245.641 1005.84
-63.7257 -117.141 1263.29
56.7965 -235.003 1196.85
-186.52 -248.728 1242.36
-39.2944 301.094 1455
-62.5897 7.58385 1306.98
98.5869 -300.631 867.75
-298.462 -258.286 982.419
-61.9651 -116.705 1257.55
52.243 -231.78 1192.91
-176.539 -244.764 1226.93
-39.4302 300.98 1454.89
-61.7821 4.86097 1305.18
95.3914 -304.539 870.014
-307.595 -260.981 981.822
-62.8264 -115.004 1255.9
47.7019 -229.741 1193.11
-176.828 -238.574 1223.38
-39.6403 300.996 1454.75
-61.0896 4.15041 1303.55
104.006 -306.211 881.224
-312.477 -257.893 985.141
-69.0057 -112.75 1259.28
31.7314 -231.332 1203.13
-185.123 -226.817 1229.83
-39.4326 300.94 1453.93
-61.3154 3.57529 1302.08
109.052 -309.772 887.092
-313.466 -248.597 980.741
-68.061 -111.517 1257.18
34.5197 -229.727 1199.15
-183.4 -228.117 1226.1
-39.2212 300.932 1453.03
-61.6816 5.88756 1301.73
113.094 -305.164 888.1
-314.379 -247.008 984.146
-66.8236 -112.218 1256.83
32.6723 -231.975 1203.03
-178.65 -228.996 1225.31
-39.6604 300.948 1452.11
-60.6587 6.04909 1299.49
106.448 -288.588 876.905
-313.864 -246.511 981.329
-64.204 -107.286 1250.8
37.7483 -222.663 1194.38
-173.858 -221.46 1208.02
-40.2921 300.738 1451.46
-60.3533 7.4897 1300.41
106.298 -265.567 868.945
-314.579 -247.452 974.913
-63.8494 -103.844 1249.88
38.9006 -223.398 1195.74
-176.194 -220.251 1209.75
-40.6516 301.05 1451.25
-59.0524 14.1368 1297.01
100.084 -239.465 860.044
-314.002 -250.946 978.366
-59.8967 -100.645 1251.71
57.7686 -210.5 1197.43
-177.712 -217.327 1214.76
-40.7791 301.773 1451.91
-59.822 12.6228 1297.33
105.331 -214.288 850.897
-313.414 -258.066 975.313
-57.4159 -92.7114 1252.6
71.0919 -190.2 1195.22
-179.921 -207.096 1217.68
-40.7406 302.398 1453.61
-60.4175 13.2253 1298.75
114.294 -181.426 844.101
-312.26 -263.407 976.671
-62.412 -95.9298 1256.67
76.7899 -185.659 1194.28
-203.948 -201.271 1242.85
-41.1783 302.804 1453.99
-61.2451 1.60555 1294.77
111.194 -144.775 825.703
-311.305 -272.605 985.516
-56.282 -94.1372 1254.61
75.5426 -191.962 1192.7
-199.445 -194.459 1239.78
-41.7261 302.857 1454.02
-50.6129 4.93574 1292.98
113.885 -122.287 822.166
-337.625 -222.54 947.831
-58.5463 -95.2526 1264.78
54.1514 -206.393 1211.82
-195.348 -188.147 1242.13
-41.8896 302.889 1453.76
-46.4943 6.76518 1302.58
111.57 -106.57 813.496
-312.353 -243.455 984.488
-52.4647 -95.3597 1258.46
59.949 -201.964 1203.21
-180.201 -193.419 1224.97
-42.4423 303.077 1453.27
-44.8033 6.97234 1302.84
110.612 -66.4318 814.146
-313.976 -246.4 980.526
-58.8179 -92.3816 1258.42
53.2428 -194.647 1205.08
-184.45 -187.882 1227.47
-43.5999 303.138 1453.38
-52.0321 6.50092 1300.58
109.502 -47.9448 821.03
-314.652 -223.473 990.044
-62.9763 -90.1328 1258.03
48.4671 -190.569 1206.44
-186.033 -185.553 1227.68
-44.5322 303.655 1453.91
-57.1698 7.79556 1299.01
120.945 -16.8748 823.262
-314.479 -215.033 993.122
-64.4978 -87.8933 1255.5
43.7809 -188.631 1202.96
-182.314 -186.035 1222.03
-44.5303 304.321 1454.51
-59.729 11.5462 1298.51
123.201 10.128 860.161
-313.436 -217.9 989.548
-63.8232 -89.6942 1257.48
40.6906 -193.856 1206.63
-182.578 -185.815 1225.59
-43.9092 304.719 1455.11
-56.7028 10.447 1298.86
145.231 31.5508 879.923
-313.132 -216.119 990.561
-63.1004 -90.514 1265.41
42.1237 -199.381 1213.68
-187.849 -188.659 1245.27
-42.5671 304.794 1455.56
-53.3382 12.9915 1301.35
149.324 68.6795 881.402
-278.873 -204.207 1020.39
-65.8517 -91.7349 1270.06
39.4915 -199.498 1215.75
-193.939 -187.172 1258.02
-42.2067 305.126 1455.55
-54.4794 9.86548 1303.23
152.12 99.3982 888.42
-309.437 -217.621 1006.88
-64.618 -88.311 1276.27
39.7794 -199.149 1229.71
-190.924 -184.737 1266.21
-42.3248 306.288 1455.36
-53.6635 15.3211 1304.59
157.865 134.046 894.7
-342.372 -163.407 924.396
-63.7929 -86.7029 1278.03
43.9302 -199.211 1235.3
-192.417 -183.91 1268.31
-42.0406 306.82 1455.21
-53.3422 18.1548 1304.25
238.38 118.841 950.807
-309.903 -214.429 1002.4
-62.548 -86.9051 1278.6
46.7869 -200.002 1240.22
-191.85 -183.8 1268.12
-42.2536 307.513 1455.31
-52.5644 18.0907 1303.03
167.505 72.9599 958.075
-341.214 -198.58 976.953
-61.4951 -79.5895 1269.86
39.0347 -187.165 1226.46
-183.996 -168.829 1245.52
-42.1234 308.763 1455.54
-50.5098 18.8178 1303.73
229.417 159.4 978.313
-340.829 -184.014 970.829
-62.1885 -82.2033 1269.38
37.5248 -194.938 1225.88
-186.068 -174.053 1241.78
-41.3051 309.62 1456.01
-50.1051 20.0888 1304.93
144.402 266.008 938.304
-339.865 -155.726 918.557
-61.6012 -80.9757 1269.29
36.7452 -192.522 1226.74
-184.499 -169.873 1238.99
-40.2468 309.41 1456.08
-49.3255 19.2458 1305.71
144.997 292.803 954.482
-335.916 -163.139 918.878
-61.7192 -83.6054 1271.28
34.442 -195.676 1228.46
-184.308 -172.755 1245.5
-35.7949 311.849 1455.28
-48.5053 17.0046 1305.58
144.957 313.95 966.376
-332.983 -150.836 937.147
-62.6914 -84.5377 1274.07
31.8548 -198.825 1231.67
-186.409 -174.208 1252.82
-32.7372 313.47 1454.2
-48.1055 17.441 1305.9
145.503 335.822 978.921
-339.301 -188.765 983.614
-65.3631 -84.7105 1279.13
28.318 -202.953 1237.25
-194.264 -172.527 1265.56
-19.0607 320.787 1448.17
-47.7532 18.3189 1306.86
140.625 348.825 994.245
-333.057 -140.788 921.691
-72.3212 -81.9757 1285.23
6.10515 -205.17 1249.48
-200.341 -159.925 1273.38
-19.9249 318.347 1449.26
-47.5244 18.5956 1309.03
143.492 341.639 1019.36
-335.699 -129.713 934.779
-73.7081 -81.9546 1285.83
-2.94809 -205.759 1252.63
-195.409 -161.794 1269.96
-23.575 315.921 1450.11
-48.2376 19.867 1310.37
149.8 338.567 1043.99
-330.51 -164.725 979.193
-69.8502 -79.4547 1283.38
4.11226 -197.466 1246.31
-185.542 -163.353 1264.73
-25.2223 314.467 1449.81
-48.9854 21.5005 1311.24
150.181 355.184 1059.41
-315.735 -195.485 1000.49
-71.234 -78.5852 1285.29
0.250568 -198.957 1246.32
-188.953 -161.889 1267.38
-22.2288 314.406 1447.49
-48.1168 23.2528 1313.72
147.984 359.311 1071.67
-314.764 -191.669 1003.19
-68.3145 -84.1987 1282.22
9.38755 -195.399 1248.96
-169.335 -175.133 1250.05
-18.6997 314.324 1431.04
-56.6556 16.8686 1314.94
153.249 363.544 1098.58
-333.702 -167.98 966.131
-64.8019 -88.0681 1277.98
19.2603 -203.985 1239.25
-170.422 -186.989 1245.38
-18.3249 313.798 1432.89
-54.0227 19.351 1313.65
154.12 379.065 1108.08
-276.728 -186.128 1002.81
-68.1001 -86.2815 1275.02
8.29791 -202.597 1228.39
-173.222 -183.154 1241.78
-20.23 313.289 1434.89
-53.738 20.3126 1314.96
152.355 383.198 1112.29
-317.284 -201.818 999.761
-68.8837 -85.5564 1275.77
7.06079 -203.513 1229.68
-177.479 -180.271 1243.49
-21.9867 313.163 1436.47
-52.5583 20.7794 1314.96
154.706 381.987 1118.23
-317.971 -202.013 998.985
-72.5326 -83.6798 1278.34
2.94622 -202.672 1228.65
-186.505 -175.883 1249.45
-22.0155 313.847 1437.42
-53.2857 21.9182 1317.64
151.136 382.189 1111.92
-329.687 -172.733 975.083
-71.4599 -80.5644 1282.85
5.00805 -199.501 1236.78
-186.648 -171.098 1257.33
-21.6177 315.288 1437.07
-52.0998 24.171 1318.64
152.978 375.363 1115.25
-318.983 -201.391 1004.45
-72.4449 -76.9777 1284.37
3.22769 -193.439 1237.22
-187.706 -164.317 1259.9
-19.6336 317.221 1434.96
-52.6504 24.9225 1320.18
148.358 376.822 1108.97
-317.452 -195.564 1001.63
-75.4373 -85.8731 1282.25
3.59411 -199.276 1237.27
-190.18 -171.522 1257.2
-19.8916 317.65 1430.91
-57.5815 13.6526 1317.27
152.189 364.695 1096.31
-319.881 -187.107 1004.9
-76.4003 -84.8658 1282.18
1.53498 -202.439 1233.6
-193.555 -173.182 1255.11
-20.1755 316.854 1431.96
-56.7909 18.0789 1320.02
147.477 359.81 1086.39
-332.94 -158.652 963.07
-76.8767 -87.2039 1282.91
-1.49444 -210.482 1233.43
-193.36 -181.319 1252.87
-20.2718 316.047 1429.78
-56.3263 21.4927 1322.67
147.419 352.454 1075.47
-324.489 -135.393 953.985
-77.822 -88.2461 1313.83
8.30097 -221.377 1328.24
-206.094 -175.868 1278.94
-21.9431 314.091 1426.83
-56.7478 22.1304 1324.07
142.719 330.319 1116.02
-322.077 -132.647 877.323
-69.6769 -74.1918 1296.85
26.3836 -188.467 1280.92
-189.989 -154.292 1256.24
-23.4428 312.706 1423.55
-57.5515 22.9961 1325.13
141.034 321.004 1081.78
-335.648 -176.212 943.801
-71.3799 -64.8563 1292.84
24.4248 -163.886 1279.82
-185.279 -137.328 1262.35
-23.9502 312.016 1421.17
-62.3328 20.8946 1314.59
137.559 315.39 1044.35
-308.61 -191.523 994.316
-74.7146 -71.883 1293.88
25.3674 -163.257 1271.73
-190.985 -140.776 1269.57
-24.4994 311.026 1419.76
-66.6205 8.25033 1317.11
131.259 294.13 1011.62
-313.158 -181.828 1003.28
-75.0733 -77.8298 1287.7
24.4562 -169.659 1255.45
-191.885 -149.629 1263.64
-23.8552 311.073 1417.88
-66.4323 3.98463 1315.85
130.361 271.114 978.637
-336.753 -159.02 973.987
-73.7567 -79.1322 1282.09
31.9258 -168.781 1241.84
-194.827 -154.169 1258.91
-23.4838 311.896 1419.07
-66.063 3.21036 1313.8
130.055 250.43 949.63
-339.824 -168.067 1001.21
-68.414 -85.1532 1289.21
45.8491 -174.639 1255.93
-187.598 -172.773 1272.19
-28.1682 316.243 1432.96
-65.9535 3.3996 1314.36
124.687 240.579 931.247
-350.317 -173.651 978.239
-70.4911 -75.3908 1276.42
37.5695 -170.747 1233.97
-197.251 -152.532 1252.9
-32.2995 314.641 1440.3
-61.1415 10.8579 1309.41
117.448 205.489 920.268
-337.223 -159.776 972.174
-72.7596 -72.4771 1272.99
20.3153 -170.547 1221.56
-194.831 -148.515 1257.42
-33.4301 314.951 1442.65
-58.2611 14.5768 1306.49
112.192 169.075 893.571
-315.119 -171.791 1016.01
-70.1543 -76.851 1271.13
21.1254 -176.833 1222.55
-189.516 -155.692 1256.1
-37.9009 312.669 1446.46
-56.1133 12.5608 1302.94
116.549 144.08 872.913
-313.337 -175.499 1015.48
-66.9543 -76.3987 1268.55
27.5878 -179.301 1222.74
-188.027 -158.311 1252.51
-38.0401 312.001 1446.54
-53.6889 16.0086 1299.47
104.238 116.603 875.268
-313.252 -182.244 1010.25
-67.2872 -79.1691 1258.79
28.2212 -189.807 1213.32
-191.583 -167.908 1248.5
-38.459 311.344 1446.51
-52.8933 20.5193 1286.67
108.272 75.5742 873.139
-289.289 -193.528 1018.03
-64.5572 -82.4751 1258.26
31.8535 -190.658 1212.99
-186.19 -172.096 1243.38
-38.741 310.49 1447.69
-51.9462 16.4266 1288.34
106.378 53.119 857.428
-317.984 -190.971 1008.67
-63.3095 -81.7839 1256.8
31.8152 -191.116 1213.13
-184.705 -171.096 1242.79
-38.5361 310.104 1449.5
-50.1742 17.538 1285.64
106.151 23.1629 858.41
-316.16 -194.815 1004.14
-64.0989 -80.1079 1261.54
30.8621 -190.557 1209.16
-185.254 -175.071 1245.29
-39.817 308.755 1451.56
-51.0018 22.5985 1295.85
103.986 9.13998 864.269
-317.305 -218.701 1003.31
-72.1914 -90.4987 1265.64
19.7224 -203.627 1207.79
-191.981 -191.705 1264.86
-41.8437 308.321 1452.56
-58.2535 16.6686 1294.96
102.421 3.73207 840.041
-317.205 -241.519 1001.75
