d52 = [138.02 198.327 1498.03
99.9386 -83.9009 1386.62
225.444 -43.0155 1245.33
-108.222 -483.393 1203.38
138.867 199.009 1496.79
100.656 -85.8332 1388.43
164.48 91.6778 1310.45
-131.513 -472.934 1188.13
139.55 199.39 1495.69
101.729 -85.6642 1388.98
197.614 26.6673 1298.79
-114.479 -482.47 1195.7
140.72 200.064 1493.41
98.4478 -75.3948 1375.64
200.485 19.0165 1303.01
-118.802 -471.823 1191.87
141.09 200.064 1492.86
96.4667 -70.3108 1369.3
150.743 85.2702 1309.45
-123.331 -465.455 1186.03
141.433 199.602 1492.25
98.7637 -73.6187 1373.37
149.337 87.7952 1307.52
-118.206 -467.385 1189.52
141.889 198.761 1491.75
98.6553 -68.8147 1369.54
202.49 14.4027 1298.27
-118.756 -461.531 1185.28
142.231 198.434 1491.45
96.5617 -65.4604 1368.1
161.64 66.5002 1293.83
-120.026 -455.098 1183.12
142.585 198.26 1490.97
95.1764 -63.4115 1366.35
232.554 -66.0721 1248.73
-120.267 -452.609 1177.34
143.318 198.633 1490.3
93.7378 -64.2675 1364.67
154.286 68.9602 1284.16
-119.47 -450.623 1172.16
143.842 199.541 1489.28
91.7471 -65.9441 1362.51
151.769 57.9259 1264.47
-58.8858 -486.639 1219.05
143.746 200.672 1488.17
93.7645 -66.7065 1369.04
186.413 -2.04871 1259.33
-111.226 -452.692 1174
143.55 201.679 1486.55
95.644 -69.0362 1389.36
160.141 -2.2459 1228.34
-108.869 -453.213 1182.08
143.469 201.721 1485.66
94.0497 -75.3859 1396.1
144.34 -25.5762 1173.57
-114.433 -466.316 1169.07
143.404 201.7 1485.27
94.7515 -76.4971 1396.53
135.515 -67.4268 1121.42
-121.39 -474.23 1160.05
143.338 201.767 1485.44
110.924 -66.9972 1376.91
136.095 -129.599 1054.35
-150.571 -450.939 1156.01
142.87 202.28 1485.86
113.016 -70.6729 1386.54
167.661 -212.521 992.816
-59.4453 -500.553 1248.37
142.313 202.569 1485.85
103.841 -78.2328 1384.61
208.439 -293.071 989.245
-199.152 -425.167 1141.72
141.848 202.321 1485.27
103.171 -84.7771 1384.7
231.48 -362.803 987.833
-232.142 -399.459 1113.78
141.166 202.15 1484.74
105.023 -83.6135 1382.94
254.763 -405.829 1008.49
-285.216 -378.596 1099.51
140.821 202.078 1484.36
103.563 -83.7527 1381.9
293.215 -429.153 1056.5
-361.073 -340.554 1048.92
140.146 202.024 1483.3
103.381 -84.6357 1380.46
311.763 -462.162 1083.49
-393.701 -282.041 1034.13
139.64 201.755 1482.23
103.908 -88.7093 1374.75
326.513 -485.815 1096.72
-432.866 -216.033 1014.51
139.608 202.067 1480.85
105.423 -89.862 1374.03
354.527 -453.3 1164.47
-460.577 -147.861 1007.09
138.843 202.405 1479.72
105.979 -90.1681 1375.18
361.577 -460.303 1177.88
-468.009 -74.029 1007.77
138.155 202.076 1479.14
104.237 -90.5455 1374.64
365.89 -456.337 1186.97
-468.568 -19.0943 1002.45
138.132 201.381 1479.26
101.617 -88.8572 1375.54
348.082 -449.794 1199.25
-466.946 30.3109 987.842
138.299 201.146 1478.8
91.4544 -82.4808 1378.66
367.249 -451.618 1212.62
-435.161 63.0181 982.22
138.494 201.132 1478.56
83.2695 -72.8334 1366.84
297.841 -407.694 1242.93
-409.758 107.439 972.524
138.504 201.586 1478.54
81.1662 -69.6311 1367.71
273.969 -466.907 1221.9
-373.771 163.816 942.162
138.135 202.034 1478.25
79.8396 -68.7227 1372.87
283.994 -481.275 1205.22
-335.226 180.393 929.385
137.811 201.82 1477.81
81.4622 -74.4613 1384.29
361.478 -455.572 1214.29
-295.523 184.565 925.662
137.563 201.591 1478.75
84.6382 -74.2857 1383.87
285.877 -420.146 1212.4
-250.886 199.319 924.259
137.141 201.964 1479.39
88.3055 -74.372 1380.64
296.884 -409.893 1213.13
-202.321 197.071 916.17
136.906 202.193 1479.93
90.2471 -70.798 1377.36
268.23 -418.141 1183.43
-151.39 200.591 912.044
136.963 202.448 1480.65
92.9328 -71.9904 1379.17
329.107 -389.578 1219.85
-108.04 125.516 890.12
136.828 203.006 1481.59
98.4546 -66.0325 1381.36
316.229 -389.747 1214.91
-71.0094 201.04 904.374
135.983 203.262 1481.55
100.392 -62.5343 1380.37
328.895 -377.881 1215.88
-34.8651 196.412 905.262
134.797 204.105 1483.72
104.184 -64.9114 1384.8
326.887 -379.179 1209.28
-11.8181 199.309 896.431
133.964 205.06 1482.89
106.266 -66.7662 1387.93
284.491 -409.787 1199.86
17.8599 212.775 902.302
133.449 206.955 1481.66
107.359 -64.2974 1395.23
324.566 -434.067 1092.75
39.9638 215.744 917.807
122.088 221.704 1446.27
109.536 -63.4338 1403.28
325 -434.732 1097.24
71.9828 232.215 949.915
135.573 268.193 1235.83
102.467 -48.9716 1396
354.5 -372.75 1226.94
98.0276 234.334 982.259
136.552 265.565 1238.82
101.415 -37.1765 1392.9
332.928 -380.589 1212.29
110.521 233.047 983.717
128.32 263.215 1278.11
103.237 -32.945 1393.67
333.451 -381.451 1220.59
139.776 231.409 1000.19
124.357 257.791 1303.08
104.633 -35.2734 1396.31
350.98 -366.502 1230.4
155.392 223.905 999.616
123.129 256.34 1307.5
102.442 -39.9032 1389.94
326.212 -374.305 1260.63
190.122 253.046 957.489
122.435 255.942 1311.93
104.403 -38.1368 1392.26
315.071 -377.918 1255.67
193.824 257.342 963.257
121.909 255.457 1316.38
102.935 -36.1614 1390.16
328.522 -373.05 1261.97
200.212 253.318 963.843
121.256 255.52 1319.34
102.934 -35.7147 1387.85
265.641 -413.734 1185.22
182.61 243.891 983.736
117.417 256.134 1330.39
102.929 -33.9119 1388.33
266.223 -407.026 1194.35
172.294 247.104 969.737
112.99 257.201 1335.28
97.2935 -21.9198 1379.75
262.29 -411.434 1184.51
156.126 244.548 962.92
108.301 271.842 1310.96
97.2422 -26.1522 1384.24
264.837 -426.804 1176.42
138.031 239.459 953.577
107.487 272.923 1307.36
96.9981 -27.4421 1386.04
266.899 -434.965 1171.55
118.737 243.551 944.881
106.808 273.612 1303.63
97.043 -26.1758 1387.37
271.078 -432.022 1172.32
96.2424 235.481 935.805
107.066 274.345 1300.51
97.3379 -26.6192 1387.92
352.575 -402.579 1186.28
67.0951 234.899 933.145
107.164 274.72 1297.37
96.9199 -27.2395 1388.16
294.223 -399.314 1190.12
44.4205 239.715 925.193
101.979 271.761 1293.95
97.2276 -28.8068 1389.45
268.16 -426.15 1161.79
19.8579 242.55 914.525
63.0265 251.081 1327.24
92.7929 -39.9545 1398.91
270.832 -441.627 1174.09
2.41127 247.648 902.751
137.707 214.581 1508.04
94.5183 -42.7412 1401.08
271.621 -414.881 1180.97
-25.5377 251.716 898.078
135.802 214.63 1500.96
94.6964 -47.1673 1405.09
351.412 -349.678 1260.49
-49.1813 256.146 894.609
136.763 211.959 1498.83
95.8765 -48.1272 1404.3
348.861 -403.086 1198.66
-77.2177 251.267 892.364
136.327 210.272 1490.47
89.2019 -45.9818 1377.7
349.297 -396.585 1196.57
-102.961 249.211 889.346
135.373 208.675 1484.07
91.1365 -45.709 1379.93
273.182 -408.745 1189.32
-129.099 252.063 892.195
135.744 208.665 1484.54
90.9845 -46.189 1378.77
346.395 -350.704 1220.41
-157.187 243.516 906.699
135.435 209.03 1485.91
90.591 -45.8919 1379.04
338.996 -350.755 1221.43
-191.198 246.718 911.492
135.862 209.751 1486.93
91.7347 -48.2266 1380.52
355.357 -341.874 1235.55
-204.642 252.403 911.003
136.7 210.462 1487.97
91.7325 -47.8435 1382.54
350.196 -342.979 1231.39
-225.272 244.764 910.011
136.536 211.18 1488.71
88.9316 -47.5259 1383.11
358.986 -331.033 1245.17
-253.827 235.764 912.056
136.331 212.829 1489.64
83.7008 -35.3971 1381.45
357.801 -339.019 1249.39
-273.967 244.166 914.323
135.929 212.793 1490.21
95.3234 -47.7063 1400.97
350.632 -350.469 1249.15
-298.717 233.19 933.941
135.693 212.326 1489.61
93.3114 -48.2723 1398.6
359.563 -336.575 1252.32
-316.5 218.805 942.106
135.296 212.153 1488.93
94.7368 -50.6579 1397.2
359.549 -346.32 1242.52
-338.789 216.377 956.752
135.473 212.05 1488.62
93.5445 -52.0374 1395.94
352.584 -340.546 1258.49
-359.468 214.057 962.733
136.151 212.534 1489.13
89.1918 -46.4627 1393.95
362.988 -330.742 1259.52
-377.631 225.401 974.674
136.416 212.615 1489.41
88.5865 -49.4268 1393.98
357.238 -347.29 1257.29
-396.18 221.122 980.765
136.751 212.498 1490.64
88.7545 -54.2823 1401.22
360.306 -349.458 1257.52
-404.971 165.414 955.279
137.137 211.832 1491.7
88.667 -53.9425 1405.41
358 -338.496 1272.68
-437.847 212.254 1007.51
137.624 211.509 1491.76
86.1173 -53.368 1403.35
353.855 -324.317 1272.94
-456 184.236 1025.7
138.13 211.249 1491.19
81.6279 -52.0473 1397.66
354.178 -328.968 1276.03
-484.778 185.946 1046.63
138.513 211.177 1490.23
80.4577 -52.0281 1394.28
348.923 -350.943 1258.37
-496.579 180.472 1059.02
138.737 211.247 1490.12
80.0376 -51.3104 1392.57
351.212 -446.183 1152.99
-521.493 170.006 1070.6
139 211.368 1490.63
86.597 -52.8235 1389.54
356.503 -352.779 1267.69
-537.699 155.246 1075
139.069 211.383 1491.07
88.8567 -54.6954 1400.22
361.111 -413.703 1207.22
-550.336 142.844 1077.27
139.311 210.854 1492.57
88.9172 -55.1918 1405.1
357.386 -350.462 1265.92
-563.359 124.123 1084.67
139.211 210.213 1493.57
85.7581 -55.465 1405.16
350.981 -345.821 1268.2
-561.962 110.363 1077.38
139.47 209.34 1493.41
85.4251 -58.794 1400.93
349.892 -357.731 1252.2
-562.161 102.572 1074.98
139.18 208.74 1493.24
73.3136 -60.7056 1347.16
356.858 -335.222 1287.68
-556.783 79.788 1036.15
139.069 208.395 1492.94
74.4249 -58.9185 1351.51
360.607 -335.486 1290.16
-549.352 90.0543 1030.96
138.343 208.42 1492.46
73.9956 -56.5034 1356.46
357.803 -333.276 1284.56
-541.021 91.7061 1019.91
137.49 208.188 1492.04
73.2052 -56.2063 1359.15
355.634 -334.124 1287.23
-528.189 100.212 1006.73
137.113 207.891 1492
80.5841 -55.7964 1376.9
354.991 -343.301 1274.94
-513.433 111.131 997.019
136.641 207.615 1492.8
81.6266 -53.176 1384.54
346.205 -441.727 1169.78
-494.097 120.515 983.99
135.731 207.221 1494.48
82.343 -51.5476 1387.64
357.129 -347.31 1269.77
-479.384 136.813 973.194
134.743 206.995 1496.32
83.0616 -49.5596 1382.55
354.035 -363.542 1242.83
-467.884 152.824 967.557
133.682 206.971 1496.64
83.2415 -46.5342 1383.15
279.593 -421.534 1192.27
-449.444 169.326 958.243
132.628 206.835 1497.7
79.4204 -28.92 1378.21
295.298 -441.152 1198.5
-427.186 176.69 942.683
131.508 206.655 1498.77
78.0347 -25.3301 1374.97
271.143 -449.663 1180.05
-407.404 186.528 931.512
131.185 206.753 1498.82
79.6083 -30.7067 1376.28
272.941 -423.794 1175.5
-389.306 186.763 926.033
129.661 207.097 1499.72
81.1248 -35.0667 1381.54
344.077 -453.673 1127.11
-365.157 195.561 916.809
128.459 207.871 1501.05
79.2426 -32.8416 1379.4
340.84 -457.747 1123.97
-345.669 209.9 905.731
128.217 208.171 1501.38
78.2752 -24.103 1365.49
315.714 -394.83 1211.59
-327.307 229.629 891.558
127.727 208.306 1502.14
78.2718 -21.5327 1358.69
348.752 -360.244 1244.98
-295.434 240.628 887.395
127.015 208.123 1502.44
78.2622 -21.835 1357.53
343.609 -361.575 1251.27
-275.536 241.539 881.42
126.576 208.634 1502.68
82.8036 -28.1582 1361.3
269.856 -449.668 1185.37
-253.984 254.39 876.649
125.952 208.92 1502.68
85.0109 -36.4801 1361.86
270.011 -437.51 1187.68
-218.744 248.714 883.94
125.282 209.002 1502.04
94.6079 -46.8018 1377.61
351.736 -353.842 1252.35
-193.905 265.842 891.665
125.126 208.618 1501.68
96.0643 -48.3682 1388.08
283.802 -411.973 1186.08
-165.475 273.296 898.773
125.372 209.041 1501.85
94.3567 -49.4946 1390.94
271.288 -444.5 1163.36
-143.599 278.831 896.097
125.39 208.328 1502.22
95.2721 -50.3264 1393.23
279.449 -442.45 1170.02
-123.274 286.403 898.186
125.7 207.671 1502.38
97.6175 -50.27 1393.16
276.547 -444.46 1164.89
-97.2759 291.998 902.728
125.661 208.047 1501.24
99.1568 -49.5056 1393.25
275.686 -448.577 1167.99
-73.8199 292.974 907.028
125.839 208.918 1502.02
101.138 -48.4334 1393.47
272.457 -447.549 1166.4
-51.53 299.17 910.79
126.695 209.815 1502.06
101.039 -47.993 1393.86
269.341 -450.24 1155.22
-30.1332 300.827 917.622
127.92 210.799 1502.88
82.7221 17.8137 1355.33
273.988 -501.158 1176.49
-13.2709 354.147 909.206
128.734 210.964 1503.77
93.6998 10.2168 1357.82
347.321 -461.733 1184.25
12.4047 347.498 918.278
119.256 235.193 1490.93
93.7102 15.9112 1358.07
267.973 -492.826 1174.4
34.4295 349.396 922.453
73.4308 276.836 1383.05
92.9416 16.4622 1358.85
330.058 -469.292 1181.63
53.5921 350.735 932.319
76.7288 297.433 1351.65
92.0842 17.3272 1359.4
333.303 -463.917 1183.38
70.6755 342.868 942.891
81.5445 307.943 1363.15
93.9503 22.2729 1361.69
334.381 -458.442 1188.67
77.8683 340.373 941.311
94.2368 339.891 1369.82
95.7375 47.9235 1366.56
126.786 271.242 951.625
43.2282 350.526 948.379
94.8465 343.421 1376.5
93.6883 50.3591 1370.53
159.216 259.116 958.257
83.1624 338.328 939.554
98.7296 350.013 1373.87
92.6758 62.6222 1370.16
115.117 229.162 1038.95
86.7674 330.015 935.113
100.917 352.842 1367.79
92.6812 62.2235 1371.06
109.95 224.402 1070.45
76.7735 330.88 928.948
107.994 352.451 1362.19
93.1737 62.8004 1363.44
138.139 150.199 1089.99
72.7036 320.724 916.263
112.733 350.967 1356.05
98.0959 40.4404 1365.37
335.815 -438.57 1205.3
59.0855 286.199 907.615
112.75 345.454 1347.12
96.3449 -17.8733 1391.46
335.551 -395.004 1197.91
30.0999 233.121 902.428
111.942 339.394 1338.22
89.5405 -20.9419 1386.59
338.053 -392.661 1201.15
11.8936 228.008 889.512
102.043 327.892 1328.48
88.5922 -24.3492 1385.16
338.366 -389.848 1202.98
-11.5001 227.16 880.28
94.697 317.242 1321.53
87.6814 -28.9638 1386.43
345.127 -386.522 1214.68
-40.5852 226.401 876.341
151.154 207.742 1453.23
91.8213 -36.2712 1390.66
346.698 -398.164 1202.22
-63.8091 235.882 875.174
147.714 202.899 1450.63
94.8724 -41.152 1393.2
351.422 -387.647 1222.61
-92.6168 240.19 871.766
147.207 201.098 1452.83
96.1884 -42.0197 1392.7
338.732 -411.251 1195.82
-126.281 246.131 878.613
147.547 202.556 1455.99
94.3211 -39.7817 1391.71
338.44 -416.338 1185.53
-153.948 249.895 883.501
147.369 204.593 1458.05
97.066 -41.3077 1391.3
346.705 -414.988 1188.62
-174.194 248.164 886.841
146.404 206.176 1460.36
93.2478 -41.8248 1387.3
353.456 -396.474 1204.35
-195.585 236.302 887.287
145.535 206.931 1461.61
92.9112 -41.0005 1382.84
342.155 -409.46 1189.02
-222.412 233.13 881.671
145.724 206.417 1461.45
92.5783 -41.6037 1382.68
347.67 -412.971 1181.47
-245.741 226.451 890.873
146.101 205.683 1462.16
92.4088 -43.5841 1380.81
342.276 -420.032 1186.27
-267.635 140.742 869.532
146.166 205.762 1462.95
92.7134 -50.3286 1385.26
349.596 -399.401 1216.19
-274.045 202.777 879.465
145.972 207.146 1463.94
93.3615 -52.1936 1388.69
340.611 -405.486 1212.99
-296.301 200.998 880.185
146.252 208.279 1465.78
95.0787 -49.7747 1392.65
340.73 -413.098 1198.71
-311.059 177.164 896.562
146.803 210.437 1469.27
94.1418 -46.3844 1384.68
341.372 -413.945 1196.68
-329.493 180.057 898.986
147.21 210.595 1469.91
90.4404 -53.4022 1373.96
352.072 -353.459 1246.42
-349.507 163.591 899.854
147.503 210.795 1471.31
91.4252 -49.661 1378.17
345.942 -338.696 1274.68
-360.98 186.733 903.665
147.554 211.265 1472.62
92.3871 -48.3477 1378.13
337.666 -438.598 1170.74
-368.285 166.951 905.381
147.422 212.73 1474.98
94.0224 -49.4339 1381.82
339.052 -380.427 1222.87
-374.187 152.698 917.826
146.934 212.549 1474.63
92.9409 -49.4451 1384.09
341.935 -373.366 1218.44
-387.016 152.609 931.024
146.375 212.321 1475.11
93.7563 -49.9883 1388.3
341.115 -430.469 1151.79
-399.428 160.236 942.699
145.545 211.973 1475.34
92.3518 -50.1641 1388.71
344.82 -397.788 1188.87
-416.752 175.306 948.197
145.151 211.172 1475.56
88.6162 -50.4937 1389.21
351.412 -339.384 1251.3
-440.533 183.018 974.248
144.799 210.943 1476.65
91.8544 -51.2796 1392.45
337.435 -431.549 1147.21
-455.925 187.563 993.39
144.213 211.164 1477.11
94.0923 -51.5589 1394.97
348.113 -400.334 1188.96
-473.039 189.453 997.681
142.965 211.558 1477.55
93.2969 -51.4103 1393.5
345.828 -394.665 1196.8
-488.114 177.168 1005.74
141.347 211.948 1478.31
96.1544 -50.0662 1393.35
354.688 -328.908 1272.66
-498.479 176.733 1000.6
140.143 212.114 1479.43
93.907 -50.054 1393.16
334.592 -404.564 1200.78
-502.221 164.404 998.276
139.664 212.902 1480.98
93.4361 -49.839 1392.51
335.113 -406.81 1201.19
-504.715 151.71 992.848
138.928 213.713 1482
92.1608 -49.2212 1391.15
331.907 -442.236 1138.75
-502.766 142.453 984.42
138.237 214.19 1482.16
92.7352 -49.3824 1390.59
341.175 -411.391 1175.45
-481.108 149.942 982.258
137.521 214.998 1482.55
91.7785 -48.1072 1388.83
337.799 -349.045 1243.62
-477.727 151.014 965.105
136.485 215.342 1483.42
86.5901 -46.9107 1376.43
274.482 -395.252 1181.33
-459.593 154.551 957.77
135.199 214.978 1484.7
86.6569 -46.2739 1371.94
358.745 -294.685 1291.36
-441.143 159.06 950.871
133.053 214.623 1485.39
82.3679 -45.6638 1381.75
344.722 -334.253 1231.34
-437.346 162.668 941.478
132.128 214.823 1485.85
81.462 -42.149 1381.05
359.855 -302.516 1242.64
-420.903 156.704 938.425
130.867 215.062 1486.32
84.3476 -38.8059 1373.34
353.6 -323.438 1236.44
-399.274 169.682 924.646
129.411 215.616 1487.89
81.3884 -22.1656 1365.66
364.986 -305.887 1273.27
-383.285 190.651 919.529
128.605 215.81 1489.31
81.4852 -23.0613 1366.05
341.666 -414.266 1148.82
-362.926 204.194 911.658
127.358 216.036 1490.99
85.157 -23.1252 1370.53
348.042 -347.217 1230.32
-343.089 211.073 898.406
126.63 216.311 1490.65
80.3447 -24.0991 1365.1
332.463 -429.663 1132.46
-320.536 216.028 895.856
125.69 216.516 1490.45
81.2413 -14.4592 1367.71
347.228 -334.884 1233.59
-296.72 214.553 889.877
125.571 216.245 1490.71
91.6506 -28.0715 1370.59
341.624 -399.394 1156.68
-271.199 222.098 896.472
124.859 215.492 1491.48
92.0308 -36.0047 1375.55
337.233 -404.312 1152.87
-247.1 230.208 893.612
123.635 215.705 1490.84
91.6695 -41.7287 1377.53
332.217 -408.389 1137.59
-222.574 237.154 897.666
122.076 214.902 1490.76
90.9344 -44.0488 1380.28
339.795 -398.571 1163.71
-200.016 243.811 894.631
120.751 213.54 1490.5
91.5681 -48.8087 1382.09
342.091 -394.05 1173.24
-174.687 251.27 897.175
119.636 212.071 1491.04
91.8751 -51.9058 1383.81
340.218 -338.405 1228.42
-156.476 263.019 895.393
119.006 210.808 1491.49
84.1916 -38.5536 1377.98
336.424 -357.663 1226.14
-131.413 288.364 903.128
117.834 210.043 1491.54
93.2761 -34.9773 1385.88
342.112 -349.606 1231.81
-112.802 284.475 898.62
116.574 224.189 1503.9
91.4163 -30.8649 1392.78
342.609 -361.303 1218.19
-90.4371 302.507 914.213
116.67 217.559 1498.83
87.8427 -28.6346 1387.18
355.231 -335.509 1226.05
-64.2252 305.977 921.232
117.055 214.926 1497.47
87.1678 -23.7301 1391.5
353.211 -331.304 1257.89
-39.5644 310.494 928.912
119.414 218.355 1507.05
88.3912 -19.9874 1391.76
349.937 -327.236 1263.35
-14.9529 313.569 935.986
126.463 219.031 1483.09
90.8624 -22.5245 1394.88
338.47 -406.347 1177.64
7.08137 310.667 941.305
114.924 220.991 1458.1
90.5867 -27.1253 1402.68
333.451 -396.742 1173.73
28.4661 306.168 950.453
115.758 218.692 1420.21
90.6626 -22.8878 1403.15
331.271 -400.432 1171.11
47.2738 310.884 955.537
107.915 246.262 1397.54
91.2607 -19.4484 1402.93
338.953 -393.022 1179.06
58.5607 315.707 956.471
107.952 279.478 1381.66
93.1179 -15.842 1402.41
339.913 -359.062 1212.21
73.7581 312.535 955.281
113.67 309.927 1373.43
93.8612 -2.24168 1389.56
327.832 -422.205 1160.47
82.2866 312.247 949.958
102.693 310.53 1343.64
94.1842 -1.94765 1390
318.605 -416.704 1175.06
89.0221 308.025 947.398
101.296 311.793 1339.18
96.4558 0.0317538 1391.14
318.867 -430.183 1162
93.8073 300.156 939.539
101.2 312.893 1335.56
95.7353 15.1352 1392.56
316.52 -420.897 1168.61
88.5334 276.419 924.698
102.469 313.83 1335.08
95.483 16.9145 1392.28
244.126 -328.936 1253.63
78.3192 260.353 908.823
103.775 314.103 1333.9
100.496 4.45141 1395.98
323.428 -381.728 1189.66
60.6606 231.282 900.21
104.406 313.827 1331.7
99.084 8.37388 1394.56
320.036 -399.108 1187.81
44.988 225.869 886.176
101.571 311.049 1326.2
97.7653 7.92631 1387.37
327.293 -399.46 1200.23
31.7619 235.18 874.052
98.369 304.909 1316.13
97.4173 7.14039 1378.21
332.521 -396.48 1203.47
13.3009 237.874 868.88
95.1598 298.772 1306.23
94.2658 -8.15857 1360.19
335.693 -401.229 1204.93
-4.36482 239.595 868.396
92.5907 293.042 1298.15
93.3227 -22.637 1354.42
344.414 -344.379 1249.06
-32.9681 238.724 864.195
112.236 198.62 1476.55
93.9421 -43.276 1356.89
272.848 -460.149 1159.47
-56.4645 227.991 855.653
111.041 200.815 1480.25
96.3267 -53.1602 1359.34
327.13 -418.974 1181.7
-88.5562 229.26 857.356
111.726 202.784 1486.21
98.1347 -59.8128 1362.06
331.83 -419.248 1175.34
-109.973 228.651 862.275
113.157 202.676 1488.86
98.9035 -63.5715 1365.03
337.94 -409.663 1179.71
-135.055 227.416 868.459
114.612 200.942 1489.77
97.9318 -64.6966 1370.74
347.119 -391.336 1201.15
-155.367 226.874 867.728
115.894 199.984 1491.34
94.436 -60.0628 1363.62
337.701 -431.082 1146.3
-175.431 225.526 874.74
116.629 200.822 1496.07
90.8228 -57.4925 1369.83
363.627 -326.153 1266.7
-188.912 222.521 874.123
118.566 201.232 1501.36
88.0167 -52.0215 1373.93
347.678 -407.439 1176.75
-204.786 221.786 879.502
118.908 202.398 1500.48
84.2357 -35.8551 1373.23
336.227 -440.463 1135.18
-226.741 234.692 890.134
119.539 203.345 1500.18
80.1137 -33.1782 1372.99
336.143 -432.384 1132.14
-231.93 226.113 883.927
119.658 204.013 1501.94
81.9493 -36.2929 1374.61
345.455 -350.867 1244.08
-248.065 220.732 875.03
119.544 205.203 1503.54
83.1993 -35.0173 1373.9
342.469 -351.077 1235.96
-253.829 140.081 869.034
119.166 205.873 1503.69
85.125 -37.5801 1374.32
341.309 -410.228 1178.66
-289.977 206.486 903.891
118.726 205.946 1505.06
86.2718 -41.0463 1373.95
342.679 -402.306 1192.8
-306.352 202.5 915.548
118.175 204.817 1505.46
89.3113 -50.026 1382.74
332.144 -412.845 1186.1
-321.518 209.833 918.889
118.042 203.213 1505.35
99.6552 -53.5345 1372.56
336.501 -343.517 1260.52
-322.53 205.809 903.892
118.42 201.878 1505.16
95.2987 -50.6111 1375.88
348.316 -342.566 1263.5
-339.436 211.953 905.963
118.058 200.906 1504.7
95.8776 -50.3166 1377.71
361.293 -313.457 1295.66
-358.229 212.694 929.302
117.532 200.734 1505.46
96.0794 -50.3652 1378.94
343.403 -414.843 1183.72
-367.726 204.695 934.336
117.137 200.379 1504.89
96.1777 -50.6327 1378.7
346.418 -335.688 1255.52
-393.899 207.749 957.46
116.829 200.35 1504.32
94.5327 -49.3594 1377.95
362.363 -310.623 1277.43
-415.437 202.668 968.913
116.449 200.388 1503.15
94.6059 -49.447 1376.93
357.26 -304.738 1256.72
-433.819 195.152 976.315
116.177 200.132 1502.92
93.2711 -49.4061 1375.31
352.066 -327.823 1249.71
-441.302 179.254 980.297
116.262 199.695 1502.65
81.2368 -38.8145 1362.95
350.369 -329.234 1253.38
-455.722 168.523 978.305
116.076 199.177 1502.4
68.1878 -38.8529 1353.42
339.683 -423.341 1142.69
-462.635 140.254 975.251
115.168 199.547 1502.56
75.3644 -39.2891 1355.6
337.724 -424.896 1136.75
-454.55 131.918 973.003
114.552 199.76 1503.47
81.8791 -41.7138 1359.62
355.483 -287.095 1247.08
-458.622 126.967 955.834
114.212 199.932 1503.94
79.3891 -36.8727 1356.7
340.106 -374.203 1192.62
-440.243 137.749 950.27
114.126 200.024 1504.24
82.3698 -38.6376 1361.03
342.691 -324.136 1244.62
-438.662 130.204 937.621
113.834 200.438 1504.2
84.9357 -40.0838 1363.25
342.064 -380.326 1185.7
-425.629 139.282 931.944
112.969 201.338 1503.3
85.7442 -39.1921 1361.72
342.568 -326.737 1239.29
-413.817 142.677 928.977
112.411 201.827 1502.61
90.0864 -39.0803 1355.34
342.555 -375.616 1180.28
-396.561 156.739 931.864
111.77 202.039 1502.26
87.8171 -27.41 1345.93
352.981 -319.961 1236.94
-388.417 162.444 927.385
111.117 201.938 1501.8
85.3554 -25.5391 1350.19
351.736 -325.448 1234.37
-376.758 171.196 920.227
110.022 201.76 1500.68
83.2172 -18.6292 1349.68
347.299 -335.349 1227.82
-364.821 181.263 913.42
108.666 201.418 1499.21
82.2075 -23.6669 1352.78
350.43 -330.486 1233.71
-346.207 178.779 908.066
107.472 201.388 1498.08
86.6776 -33.9282 1360.62
353.448 -323.362 1232.26
-334.796 183.28 904.208
106.445 201.744 1497.65
80.8725 -41.1257 1366.95
354.359 -300.901 1266.48
-317.479 194.42 899.773
106.088 202.076 1497.92
79.537 -36.4423 1365.02
354.98 -296.219 1268.52
-297.299 195.398 899.765
105.545 202.109 1497.82
80.1959 -35.5142 1362.99
355.137 -300.735 1270.01
-284.661 202.259 894.508
104.953 201.661 1498.09
80.4983 -43.0288 1366.01
347.408 -358.795 1206.9
-268.943 209.584 890.216
104.653 201.582 1498.79
83.2925 -43.9132 1367.44
351.137 -351.837 1217.26
-256.344 210.454 883.332
104.103 201.169 1499.55
84.9873 -45.3867 1367.94
350.744 -350 1227.45
-229.436 221.243 895.062
103.594 199.887 1498.98
87.2883 -46.5028 1366.2
353.219 -340.771 1236.81
-219.993 227.132 893.692
103.036 199.145 1498.73
87.8515 -46.0776 1366.22
345.208 -360.951 1211.68
-204.034 229.17 894.357
102.431 199.258 1498.23
88.2383 -45.9741 1367.11
351.673 -301.418 1271.1
-189.26 235.559 889.808
102.141 199.335 1496.65
76.2939 -38.45 1374.51
342.036 -340.182 1236.07
-169.497 243.793 886.587
102.263 198.816 1494.97
79.146 -38.1618 1373.99
345.176 -319.484 1255.1
-157.155 255.584 893.578
102.087 198.317 1494
97.3767 -49.9363 1379.6
321.928 -454.142 1122.06
-144.306 260.888 888.29
101.92 198.409 1492.64
93.3823 -49.3955 1384.92
335.541 -397.012 1180.75
-124.263 260.079 895.65
102.003 198.421 1492.12
92.618 -47.6699 1381.9
337.772 -402.722 1173.4
-111.772 265.51 896.999
102.087 198.913 1492.66
91.8944 -47.0314 1380.99
320.248 -447.564 1119.46
-86.4061 268.128 917.451
102.603 198.583 1493.05
91.9247 -45.8705 1382.55
327.552 -414.049 1171.98
-81.9755 272.181 897.877
103.685 198.34 1493.38
91.5012 -46.0975 1381.3
333.402 -415.076 1170.69
-67.6153 271.749 907.532
104.061 198.849 1491.96
93.0544 -45.0994 1384.39
318.289 -414.945 1172.38
-53.1851 278.847 910.547
104.205 199.077 1490.1
92.6929 -45.4069 1383.48
322.137 -410.78 1177.59
-37.1349 280.417 913.866
103.237 207.963 1479.21
93.5543 -44.079 1384.53
331.611 -401.808 1187.64
-24.5972 282.545 914.053
103.968 206.06 1480.42
94.4952 -41.1053 1385.44
326.16 -395.311 1192.66
-5.46967 283.277 923.089
104.028 213.215 1474.07
93.1022 -25.5046 1384.28
322.315 -415.736 1177.08
6.99645 297.406 926.586
106.71 232.35 1462.74
88.4566 -11.5793 1377.5
328.543 -416.642 1188.63
25.1642 306.78 923.635
69.3965 297.059 1343.34
84.5686 5.46187 1372.7
321.563 -435.599 1186.26
27.8228 313.202 922.168
81.1561 292.734 1366.39
81.2055 -1.80248 1400.71
323.888 -435.794 1174.29
41.753 309.875 930.5
91.336 314.637 1364.88
80.6389 -0.259126 1398.23
272.344 -357.739 1241.4
42.5816 300.28 926.594
89.7495 322.09 1369.65
87.2166 -16.9753 1391.44
301.619 -286.987 1184.96
38.4218 280.261 916.935
88.6432 315.775 1379.24
91.4238 -26.5175 1389.04
327.707 -408.815 1180.7
33.3718 258.431 910.736
94.0146 280.228 1385.85
92.7772 -33.4264 1387.71
319.801 -396.617 1173.76
24.0136 248.738 916.056
96.0556 261.222 1394.52
92.1759 -35.9074 1387.63
324.249 -384.254 1182.29
14.0442 238.036 913.477
100.09 244.948 1440.01
92.6958 -37.4121 1387.77
326.482 -392.08 1168.98
1.99318 240.505 908.034
104.368 229.734 1462.37
92.4143 -36.8513 1387.26
264.638 -402.653 1175.57
-13.9703 246.958 898.985
111.141 216.978 1478.53
92.9616 -36.5363 1385.28
330.787 -390.638 1180.45
-29.8085 245.005 892.583
114.131 211.714 1489.15
94.307 -39.0934 1384.02
278.604 -400.653 1185.45
-48.0887 241.778 889.43
114.407 206.431 1492.86
98.5955 -56.119 1385.01
329.534 -421.067 1169.63
-63.4749 264.451 885.464
114.664 201.763 1495.34
97.7 -59.2271 1383.7
254.979 -424.897 1172.15
-79.5414 261.504 881.287
114.649 200.271 1495.42
96.3088 -54.8358 1383.5
333.494 -307.378 1226.64
-97.8061 251.904 883.543
114.628 197.942 1493.65
96.3519 -53.7474 1382.85
350.579 -321.98 1260.45
-122.961 252.057 888.338
114.386 196.83 1492.49
97.218 -59.0483 1382.53
338.805 -405.283 1174.49
-134.024 252.492 884.893
113.481 195.923 1490.13
93.8379 -46.6671 1375.38
339.361 -354.781 1237.36
-148.842 252.917 884.527
111.006 197.211 1487.14
95.7999 -51.5246 1377.89
318.159 -443.861 1129.72
-171.223 242.823 889.906
109.986 196.384 1485.54
95.6 -57.6251 1380
336.883 -302.983 1242.05
-185.102 239.014 886.675
109.001 197.494 1484.78
95.5884 -59.6003 1381.54
354.698 -308.023 1280.49
-199.189 242.298 889.008
108.894 197.709 1485.5
95.6798 -61.2085 1382.02
339.245 -295.258 1259.15
-211.786 240.019 889.63
108.026 199.132 1485.61
94.2273 -62.2681 1382.11
344.639 -334.339 1249.73
-229.081 241.82 890.635
107.422 199.524 1486.65
90.6704 -64.8029 1378.26
344.078 -323.966 1256.39
-240.567 226.188 893.415
107.129 199.961 1487.35
91.7856 -63.6356 1377.7
338.052 -289.284 1262.92
-249.577 226.698 894.51
107.1 200.919 1487.53
93.053 -62.6003 1375.78
344.97 -331.655 1249.71
-269.184 221.311 898.399
107.413 200.842 1487.31
89.4753 -60.8508 1372.39
345.382 -328.742 1246.48
-280.038 212.558 905.959
107.381 200.416 1487.05
89.9968 -61.0865 1373.26
340.361 -294.329 1251.44
-254.579 135.641 883.749
107.41 200.369 1487.51
87.5886 -63.7078 1375.76
340.227 -323.415 1253.02
-311.337 210.261 913.196
108.162 199.449 1487.09
89.2593 -62.5958 1374.35
345.687 -325.126 1245.46
-315.57 185.193 919.145
108.347 199.562 1486.57
91.3604 -60.2928 1370.28
336.281 -399.918 1172.51
-344.438 193.941 925.117
109.18 198.644 1486.22
92.044 -58.656 1369.53
339.619 -292.604 1251.84
-364.382 189.42 928.746
109.408 198.062 1485.27
95.9417 -51.1974 1365.06
342.426 -287.776 1248.12
-389.401 183.029 940.594
109.893 198.938 1485.42
93.9648 -52.2953 1362.81
346.007 -330.06 1239.02
-405.687 183.878 942.66
110.023 199.249 1485.69
92.4988 -53.4745 1362.75
350.451 -324.418 1243.02
-416.298 169.392 950.594
111.33 199.921 1486.21
92.479 -53.2477 1361.26
334.727 -438.965 1132.59
-424.958 157.486 948.587
112.51 199.473 1486.07
92.6994 -54.8284 1361.3
334.651 -439.055 1133.55
-425.149 143.479 946.377
112.84 198.854 1486.54
84.6759 -51.0799 1350.51
345.37 -322.407 1247.75
-433.718 137.548 934.946
114.142 198.955 1487.14
89.0951 -52.1388 1354.49
340.957 -399.776 1177.27
-426.031 130.008 930.041
114.914 199.893 1487.93
91.9516 -50.5986 1355.84
344.888 -329.548 1239.82
-417.791 137.245 923.078
115.086 200.64 1488.92
87.3088 -45.9275 1348.62
346.362 -316.442 1241.69
-408.263 132.884 919.676
115.111 201.455 1489.42
87.7395 -45.6371 1345.07
345.427 -280.424 1230.77
-393.713 132.948 919.353
115.025 202.051 1489.56
89.9655 -43.7964 1344.01
346.939 -281.643 1228.56
-381.663 144.755 916.214
114.831 202.475 1488.78
91.5453 -42.7574 1343.42
343.501 -324.836 1228.3
-367.663 145.642 906.457
114.067 203.044 1488.12
92.205 -44.8618 1348.91
340.126 -395.878 1155.85
-350.126 155.577 897.411
112.941 203.065 1487.76
94.551 -49.6599 1352.31
346.249 -316.875 1246.27
-328.883 157.922 890.106
111.746 202.916 1487.93
94.2776 -49.7122 1353.48
347.638 -277.201 1251.3
-309.802 174.522 888.224
111.211 202.419 1488.61
93.719 -54.9104 1356.52
336.193 -400.182 1165.61
-289.452 174.522 884.634
110.524 202.315 1488.66
94.2907 -52.877 1356.28
358.7 -303.324 1278.63
-277.315 183.518 875.576
109.54 202.392 1489.32
96.8694 -54.9545 1359.78
345.918 -282.964 1255.88
-261.966 195.725 870.799
107.024 201.684 1487.31
97.5014 -56.059 1362.77
346.128 -329.798 1250.8
-244.691 199.684 870.842
107.895 201.012 1487.17
98.1527 -57.1616 1363
328.912 -345.576 1256.28
-224.553 212.945 862.872
107.769 200.259 1486.34
98.3759 -56.7987 1363.06
347.91 -335.994 1256.61
-204.341 219.604 869.049
107.334 199.3 1485.67
98.8189 -57.679 1362.61
345.475 -333.439 1268.44
-183.412 228.141 873.583
107.155 199.024 1484.67
99.1353 -58.3584 1362.76
344.201 -284.534 1255.47
-163.903 232.38 871.431
105.662 198.33 1481.58
99.6335 -58.5281 1363.37
339.625 -406.488 1181.62
-147.1 248.324 880.304
105.91 198.979 1480.25
98.7562 -59.4971 1365.4
339.032 -340.542 1249.63
-137.085 247.354 857.183
105.863 199.503 1480.36
98.7615 -59.2794 1366.32
353.767 -306.373 1290.66
-118.575 256.662 865.852
106.913 200.361 1479.53
101.517 -56.6913 1367.06
353.275 -295.383 1298.39
-93.2742 262.721 883.744
107.375 200.841 1478.99
100.527 -55.4388 1367.67
353.777 -303.761 1290.44
-75.3835 265.537 896.057
107.931 200.716 1479.19
101.17 -52.5776 1367.45
351.574 -302.493 1288.23
-56.9592 268.927 902.396
108.382 201.55 1478.89
104.573 -45.5807 1367.32
353.163 -292.37 1292.27
-38.2464 266.13 911.367
108.381 202.138 1477.62
104.377 -42.4169 1367.4
352.998 -293.192 1289.37
-21.325 263.524 914.797
109.253 203.06 1474.2
101.24 -43.7198 1368.03
350.719 -300.872 1286.24
-4.85887 269.528 925.195
109.186 208.49 1460.11
99.2016 -40.5247 1377.85
344.94 -293.658 1263.73
15.7086 279.511 921.983
110.088 206.157 1463.19
101.165 -38.5836 1376.66
328.083 -424.605 1146.3
28.9605 280.466 933.77
116.336 198.664 1429.98
107.201 -45.9065 1391.05
351.761 -303.546 1286.4
41.8565 289.444 939.98
90.9217 287.9 1336
85.3878 28.3294 1405.16
361.91 -375.268 1245.29
45.5053 348.031 965.245
92.79 299.602 1316.66
87.6849 26.6573 1404.52
349.326 -400.401 1231.39
52.9384 344.307 957.119
92.3287 299.753 1316.86
91.2969 17.8423 1394.44
332.014 -474.439 1137.22
65.3633 331.445 946.259
91.8674 299.985 1318.08
91.5804 19.4979 1393.89
349.905 -373.605 1262.6
74.1693 319.897 942.774
105.892 306.695 1349.16
91.35 19.0158 1393.71
334.635 -450.634 1181.38
78.8637 311.157 934.571
114.542 311.451 1352.1
91.1042 18.976 1393.06
138.76 216.2 1447.66
81.91 302.826 923.037
113.005 311.156 1350.47
90.579 19.4207 1392.55
115.887 273.154 905.022
51.0239 303.492 927.44
111.739 310.565 1348.8
90.9632 15.9071 1389.66
325.425 -455.181 1175.3
63.9628 283.806 905.351
106.586 293.552 1342.14
103.866 -40.7713 1384.07
323.626 -399.296 1194.13
48.1637 224.034 883.541
96.9041 279.848 1349.89
103.743 -44.3525 1385.9
324.518 -401.599 1187.48
29.0581 215.952 878.612
94.533 272.134 1346.85
103.879 -45.8074 1384.96
325.661 -401.125 1186.33
10.5737 215.107 866.864
109.623 208.102 1472.55
98.1182 -40.7254 1361.12
361.879 -287.804 1293
-105.787 206.282 863.253
109.069 206.788 1471.16
92.0156 -45.5533 1357.98
359.029 -307.079 1278.03
-119.859 210.714 856.896
108.02 205.876 1471.57
91.1804 -54.0678 1364.6
317.608 -439.425 1147.23
-140.531 221.178 857.642
107.188 205.752 1472.26
93.3091 -58.1382 1352.61
345.474 -336.215 1262.88
-153.965 218.189 854.687
106.946 204.657 1475.47
92.6456 -62.1546 1356.92
268.062 -399.543 1195
-167.67 213.116 860.727
107.79 202.603 1480.71
92.8181 -61.4168 1361.07
340.085 -408.877 1172.5
-192.17 213.887 879.36
108.828 201.544 1485.4
92.0319 -61.5553 1364.07
350.431 -327.908 1245.19
-207.046 207.013 888.886
109.175 200.362 1489.12
93.5798 -59.3215 1367.01
345.296 -288.654 1246.97
-226.813 201.003 901.077
109.521 201.067 1490.26
92.6889 -59.0915 1366.87
346.632 -290.366 1244.45
-244.934 200.27 909.764
110.199 201.468 1490.68
92.1965 -59.8638 1365.89
350.267 -320.241 1238.93
-262.802 201.55 910.564
110.647 201.006 1490.15
92.5238 -57.8251 1366.65
350.404 -318.979 1243.16
-277.475 186.885 910.341
110.877 200.126 1491.17
92.3013 -58.567 1366.51
354.112 -318.718 1253.48
-292.489 180.078 905.682
110.87 199.451 1492.21
93.4996 -58.1894 1366.13
351.994 -321.934 1254.48
-311.967 183.346 911.475
110.423 199.66 1492.3
94.7546 -57.287 1364.99
346.745 -295.188 1254.84
-332.878 185.661 915.736
110.507 199.2 1492.12
92.8971 -49.5635 1348.63
346.181 -295.354 1257.2
-351.054 180.972 910.477
110.684 198.696 1491.94
92.5471 -49.2928 1346.76
353.878 -323.724 1256.59
-372.379 173.876 916.443
111.459 198.072 1491.78
89.4615 -48.2393 1342.21
336.466 -417.07 1143.28
-384.709 159.586 919.112
111.9 198.524 1490.83
70.5439 -48.6904 1340.55
345.913 -307.192 1263.12
-404.483 132.499 926.187
112.922 198.481 1490.97
72.9301 -47.342 1339.64
352.605 -314.651 1249.29
-408.934 118.581 928.97
112.962 199.108 1491.87
72.3544 -46.3612 1339.84
362.292 -290.51 1279.8
-424.099 96.1913 928.264
112.814 199.307 1492.09
82.3033 -53.2922 1355.17
341.069 -405.033 1173.11
-420.858 103.53 918.35
112.728 198.825 1492.5
82.0416 -53.2953 1359.28
-431.247 183.15 975.364
-414.227 91.4988 918.987
112.741 198.926 1492.64
85.89 -42.8782 1368.28
-269.88 112.258 1025.72
-407.104 98.7827 908.118
112.552 199.296 1491.83
100.729 -34.9304 1372.7
-252.181 102.222 1033.04
-396.506 105.869 905.234
112.597 199.442 1491.69
97.6545 -30.1433 1371.74
-219.814 85.1526 1061.31
-385.21 104.125 894.024
112.011 199.881 1491.6
87.6429 -18.7702 1366.51
-349.865 188.348 975.888
-370.401 105.888 894.494
111.436 200.456 1491.39
88.0315 -26.5656 1365.85
-347.268 187.178 973.778
-343.732 122.287 895.095
110.855 200.78 1490.39
104.191 -43.3507 1366.64
-341.568 183.582 976.228
-327.437 133.969 883.077
110.619 200.379 1489.81
108.513 -50.796 1367.13
352.222 -274.007 1305.98
-316.981 146.723 872.438
110.251 200.272 1489.12
92.0303 -45.2726 1363.63
344.947 -317.857 1254.13
-296.069 152.014 864.807
110.408 199.831 1488.93
93.1332 -47.3387 1364.28
347.298 -363.809 1209.57
-279.624 156.033 860.136
110.19 198.678 1489.15
96.2147 -53.9057 1361.52
347.827 -257.502 1318.93
-253.929 168.869 858.705
109.797 197.346 1489.27
97.9533 -56.5442 1360.77
346.229 -246.936 1332
-236.109 173.324 858.834
109.414 196.666 1488.58
95.3156 -57.38 1361.02
336.109 -401.511 1167.31
-211.306 189.835 870.297
109.215 195.303 1488.82
96.2978 -56.8706 1362.02
355.289 -290.86 1294.36
-192.592 199.307 862.347
108.822 195.121 1487.64
96.7794 -56.2314 1361.77
345.445 -396.571 1184.58
-169.365 207.402 871.027
108.854 195.312 1486.83
99.2557 -56.6925 1358.85
342.227 -301.497 1271.61
-145.41 215.962 868.735
108.624 195.195 1486.3
98.6659 -56.4363 1358.14
359.166 -305.448 1291.61
-136.624 216.719 858.105
108.059 196.266 1486.27
99.6279 -44.985 1366.1
342.999 -293.441 1269.93
-111.558 212.095 861.441
107.456 197.605 1486.17
95.7426 -34.4216 1362.19
348.409 -298.935 1266.67
-90.0817 217.213 859.565
106.977 198.803 1485.76
98.7478 -37.2008 1363.69
330.953 -423.583 1147.16
-67.4607 217.934 862.508
106.932 199.24 1485.52
100.37 -31.4547 1355.31
347.93 -305.287 1271.2
-62.1935 212.704 865.014
107.401 199.998 1483.97
103.574 -28.6842 1346.44
354.302 -286.383 1252.6
-47.8522 209.921 875.024
101.149 229.37 1465.32
122.672 33.7838 1321.19
392.932 -243.638 1271.93
-62.7161 160.453 886.468
100.339 242.311 1468.04
122.505 39.545 1328.23
384.392 -320.262 1190.08
-47.4068 157.193 890.69
103.437 248.559 1505.45
113.659 45.6841 1340.02
383.016 -319.703 1191.85
-31.3177 162.448 889.363
93.1137 283.727 1461.01
120.502 57.9825 1349.56
391.555 -312.243 1195.18
-24.8215 156.502 892.548
90.766 297.661 1446.95
122.931 79.2323 1351.02
375.894 -364.524 1143.62
-7.93209 159.486 903.31
90.6027 297.577 1438.18
124.644 82.1454 1355.82
105.467 411.343 1427.54
7.63475 155.974 906.667
95.9249 289.075 1422.75
121.362 74.415 1371.76
132.353 255.191 1423.45
23.8715 154.976 918.817
93.4391 292.977 1421.28
124.476 74.4494 1369.41
311.449 -357.576 1183.04
31.8308 144.934 923.565
114.712 304.46 1406.46
125.405 72.3543 1369.05
380.838 -331.444 1187.34
41.8946 165.007 907.403
109.068 302.475 1402.56
124.418 62.2482 1369.65
366.881 -347.098 1164.83
57.5308 167.317 909.771
112.346 301.809 1396.05
124.267 57.1849 1370.16
366.179 -346.466 1181.68
55.9798 178.862 899.946
114.735 302.793 1389.74
119.898 54.1679 1357.73
354.998 -378.36 1144.78
65.8948 171.462 902.242
115.265 306.103 1385.39
118.965 49.9551 1356.37
321.693 -351.557 1161.61
64.0996 165.584 906.555
115.424 310.753 1383.32
117.233 47.6699 1353.55
297.007 -347.633 1167.52
62.6242 161.678 895.91
117.201 316.075 1383.11
118.451 48.4929 1357.67
345.198 -363.686 1155.61
51.9562 154.515 879.982
118.244 318.161 1380.18
111.312 95.144 1330.76
271.212 -352.601 1202.25
63.6956 198.637 875.729
118.58 320.396 1377.1
109.567 80.2976 1341.18
263.514 -285.623 1237.31
39.9441 182.972 869.317
118.486 321.84 1374.12
110.552 65.8594 1350.96
269.635 -273.345 1232.69
14.8414 164.563 860.471
118.466 322.486 1371.08
108.118 65.6569 1355.14
283.03 -324.523 1207.15
-2.91572 158.219 847.613
103.324 317.332 1394.17
108.826 62.1768 1354.31
355.384 -335.463 1199.86
-25.443 152.846 839.483
102.453 312.531 1372.03
108.572 60.5544 1352.53
301.246 -337.725 1176.44
-51.7668 152.928 843.819
109.721 215.257 1435.5
111.647 48.4837 1345.03
364.949 -326.408 1189.88
-78.0923 138.342 834.426
109.015 213.161 1445.46
107.612 27.6885 1334.14
374.525 -283.911 1242.13
-87.2282 153.779 842.777
108.765 210.836 1452.78
98.5574 10.4847 1336.47
281.953 -353.927 1179.99
-98.0551 165.331 841.323
110.676 208.233 1462.21
94.141 5.56784 1339.89
357.165 -292.333 1252.88
-100.886 163.436 827.913
111.452 208.225 1461.03
95.51 -3.53762 1341.97
357.587 -324.124 1221.29
-113.66 169.468 823.681
111.704 207.867 1459.21
85.8004 -32.2319 1352.6
330.26 -377.412 1185.63
-119.729 187.231 824.224
113.549 206.121 1462.17
91.5958 -45.8759 1357.78
304.389 -338.605 1220.31
-127.177 192.17 830.939
114.385 204.117 1465.6
97.504 -56.4222 1361.08
338.422 -294.292 1232.5
-155.145 209.269 842.531
114.881 202.97 1468.03
97.6805 -58.5691 1363.58
337 -345.368 1218.6
-173.572 207.271 854.049
115.758 201.925 1469.26
97.0248 -58.9447 1364.13
343.822 -346.212 1219.35
-189.402 209.226 857.213
115.694 202.166 1471.34
99.2831 -59.7555 1365.17
338.287 -332.47 1241.27
-200.347 204.602 851.167
115.195 202.784 1473.24
95.1391 -48.1655 1368.91
341.542 -343.37 1225.18
-181.327 166.246 830.78
115.372 203.415 1474.6
95.3492 -53.8093 1365.27
341.796 -387.24 1181.38
-247.215 208.457 869.587
115.516 203.825 1475.23
95.278 -54.6971 1362.83
341.254 -398.112 1163.92
-208.826 143.109 830.58
115.573 204.196 1474.15
95.3059 -54.9539 1361.05
345.507 -398.735 1151.72
-262.363 199.138 881.277
115.71 204.06 1474.72
96.6243 -55.7882 1360.09
350.96 -328.63 1216.18
-279.442 201.656 888.701
115.862 203.741 1475.15
97.237 -55.3591 1359.51
351.019 -327.502 1236.3
-299.399 196.551 903.835
116.164 203.647 1475.61
97.3368 -56.6359 1356.2
315.903 -343.596 1214.6
-295.682 172.881 901.741
116.382 203.188 1474.55
98.108 -55.554 1357.74
344.14 -332.594 1213.75
-316.913 173.868 919.737
116.952 202.224 1474.15
98.6227 -55.1064 1358.41
342.374 -438.784 1111.4
-303.541 125.471 882.99
116.5 201.915 1472.37
100.997 -53.0388 1361.07
353.401 -324.882 1230.59
-343.05 175.453 919.68
116.238 202.569 1471.69
100.435 -52.7748 1360.19
328.736 -430.202 1124.17
-360.778 182.09 917.718
116.012 203.386 1472.14
100.385 -51.0248 1359.13
352.11 -331.979 1217.78
-377.797 180.245 921.164
116.777 203.645 1471.6
97.885 -48.3876 1353.4
354.205 -313.376 1236.81
-400.3 174.121 932.907
116.97 204.135 1471.07
98.4075 -49.8683 1354.45
356.318 -291.466 1230.95
-409.369 168.756 935.077
117.235 204.184 1472.37
96.7472 -47.0292 1351.16
356.751 -304.38 1251.05
-423.958 156.753 939.612
117.302 204.177 1472.86
86.4796 -36.9311 1349.47
353.828 -323.179 1224.72
-430.07 150.89 941.338
117.38 204.079 1472.56
91.3958 -42.7631 1350.8
348.184 -316.368 1230.49
-432.347 128.404 932.187
117.662 204.458 1471.39
92.8943 -44.1334 1350.39
345.887 -370.116 1175.85
-426.753 127.646 924.854
118.328 204.585 1471.23
87.6482 -38.6817 1348.15
345.99 -376.201 1178.95
-414.302 131.683 910.804
119.309 204.234 1472.31
85.1625 -41.9374 1352.21
351.178 -312.752 1232.75
-403.241 130.716 909.541
119.623 203.615 1472.83
89.1753 -41.8887 1348.18
347.294 -370.659 1176.03
-386.642 129.979 899.715
119.442 203.178 1473.55
91.4353 -41.4233 1348.27
355.552 -316.391 1227.22
-367.45 142.541 901.883
118.583 202.703 1474.71
93.0448 -41.473 1346.89
348.53 -372.104 1169.76
-348.138 146.843 893.452
117.771 202.017 1475.87
94.3969 -44.6154 1351.54
347.404 -395.689 1153.64
-330.092 160.692 891.004
117.53 201.217 1477.1
95.5629 -44.3159 1350.49
347.59 -380.632 1171.37
-312.423 168.851 885.621
116.961 200.787 1477.43
95.7211 -44.6667 1348.23
355.882 -284.301 1231.55
-299.254 178.466 878.897
116.152 200.434 1478.01
89.9528 -41.9488 1352.77
357.912 -294.126 1257.41
-278.59 178.16 869.356
114.339 199.899 1478.09
91.7908 -42.9365 1350.34
349.994 -320.219 1235.28
-253.356 178.133 870.794
112.969 199.987 1477.86
95.6394 -48.7129 1363.57
334.778 -414.322 1143.58
-242.335 197.123 857.788
111.54 199.673 1478.11
94.3294 -50.5564 1357.56
360.456 -299.196 1247.57
-223.704 200.719 858.912
109.352 200.081 1478.32
88.8184 -40.6515 1352.59
348.98 -374.105 1210.04
-203.328 212.243 859.121
107.642 200.227 1478.19
87.5476 -37.0125 1352.32
348.989 -373.833 1210.81
-181.129 220.833 864.389
106.58 199.017 1477.31
91.586 -41.0155 1355.33
280.441 -210.436 1218.13
-161.033 223.245 865.794
106.02 198.906 1476.87
95.4672 -43.9657 1355.46
284.868 -223.289 1237.84
-148.111 228.477 861.202
105.887 199.303 1476.9
96.141 -43.8614 1357.32
288.503 -232.609 1238.73
-136.524 231.356 853.246
106.203 200.394 1477.37
97.8365 -48.6659 1373.15
288.103 -238.348 1244.85
-118.553 240.502 848.209
108.846 208.91 1484.88
92.7535 -35.4566 1382.42
337.261 -413.474 1194.45
-98.7299 251.632 851.723
107.37 205.733 1484.16
94.4868 -41.3663 1376.67
338.762 -421.216 1184.56
-80.6645 256.326 861.123
107.43 203.159 1483.57
98.1673 -49.265 1377.7
332.969 -371.634 1235.02
-61.5567 248.365 866.57
108.407 201.676 1482.88
93.1677 -34.2306 1379.27
351.246 -335.494 1295.53
-48.1715 266.716 869.737
109.269 201.562 1480.91
96.4688 -25.441 1376.71
-44.0068 347.885 1232.25
-27.7816 263.022 880.438
109.735 202.807 1479.45
97.3554 -19.9591 1374.52
2.18745 256.941 1225.87
-11.5588 264.517 882.719
110.881 206.04 1478.78
97.0338 -19.2527 1385.08
321.223 -429.589 1185.54
2.2232 275.805 889.075
113.998 215.777 1473.64
100.469 -34.8507 1385.35
321.189 -424.162 1183.2
17.7284 256.581 897.925
113.715 220.103 1466.8
102.358 -43.0255 1384.71
329.564 -409.195 1184.1
31.813 252.87 900.164
108.543 223.395 1447.17
103.855 -49.9814 1384.06
275.207 -405.296 1193.18
51.9348 269.897 908.786
102.96 222.333 1435.17
105.375 -53.0938 1383.16
338.971 -389.51 1210.39
66.7706 269.641 903.926
78.5336 257.176 1381.96
107.578 -52.3115 1382.08
339.503 -383.561 1215.4
81.3656 261.544 911.427
87.8128 254.419 1363.73
110.274 -53.3392 1378.18
325.958 -420.146 1174.83
92.9978 255.409 912.092
80.7964 249.885 1334.78
110.169 -51.3584 1378.21
339.718 -326.939 1237.79
96.8888 252.384 910.971
83.4541 253.131 1323.78
108.03 -44.0367 1380.24
330.936 -396.152 1201.54
103.59 250.73 912.993
86.4669 256.474 1318.16
108.434 -45.0066 1379.24
341.307 -405.457 1193.21
113.7 244.089 908.425
93.7636 261.715 1310.98
108.231 -44.8642 1378.61
322.101 -454.891 1128.62
109.357 240.42 901.128
94.6526 263.004 1307.22
103.687 -31.2411 1367.27
336.46 -395.021 1181.31
99.1419 220.119 896.279
95.6875 264.793 1301.76
107.288 -14.4095 1363.55
344.549 -366.01 1188.59
74.9939 192.411 892.444
101.585 292.108 1299.31
103.083 35.8724 1348.74
360.875 -322.906 1209.76
-44.5624 152.843 852.885
101.992 294.468 1299.6
105 35.2457 1350.33
365.289 -341.635 1189.79
-67.253 154.112 850.089
118.372 238.47 1410.07
99.1918 30.9246 1339.62
355.748 -359.475 1177.88
-79.6702 169.569 851.247
107.303 228.84 1440.23
101.606 23.5836 1330.94
350.699 -349.687 1184.98
-100.461 158.277 859.539
106.05 217.853 1458.11
100.488 19.2405 1328.86
345.758 -357.641 1176.79
-120.317 152.109 863.321
104.955 211.747 1462.33
84.4024 -33.3951 1343.3
336.927 -388.097 1190.76
-119.672 194.954 855.607
106.019 202.404 1464.16
85.5606 -43.568 1350.7
357.046 -302.343 1279.22
-131.62 199.871 854.959
104.892 201.094 1466.5
83.6127 -49.9215 1356.91
342.581 -399.152 1175.02
-154.677 208.947 865
106.725 198.007 1469.96
82.6372 -53.1113 1358.31
347.426 -328.368 1242.46
-171.795 208.068 868.76
107.219 199.351 1471.35
82.8876 -53.9614 1359.11
356.426 -294.351 1278.15
-178.639 198.545 868.682
109.655 199.35 1475.2
84.6803 -53.7569 1361.65
341.549 -406.175 1155.42
-204.879 197.215 879.433
109.96 201.301 1477.37
85.7623 -53.6266 1363.29
358.328 -293.286 1265.85
-210.999 191.798 878.246
110.458 201.964 1480.24
85.8754 -53.1596 1364.45
352.58 -317.129 1239.11
-240.163 193.533 890.667
111.481 201.895 1481.69
85.9938 -53.6749 1365.18
352.603 -323.027 1230.24
-259.54 184.984 897.493
112.306 201.611 1483.09
85.7523 -55.1729 1363.17
339.443 -326.069 1227.24
-273.094 187.389 897.511
113.548 202.154 1483.65
88.5327 -54.4619 1366.03
277.891 -409.122 1171.66
-287.258 185.982 902.488
113.967 202.667 1484.32
88.8513 -53.7352 1365.72
276.586 -395.945 1185.05
-266.965 111.313 873.003
113.683 203.343 1484.26
90.3185 -53.5384 1365.16
336.473 -451.668 1131.4
-314.653 176.221 903.77
113.647 203.803 1483.97
91.5585 -53.4995 1364.63
337.758 -456.711 1133.87
-334.306 175.499 914.413
113.106 203.98 1484.19
95.0632 -53.5906 1364.31
281.163 -395.57 1188.21
-346.096 165.81 919.821
112.968 203.83 1484.06
97.1747 -53.5244 1362.81
340.596 -446.379 1125.93
-373.699 184.559 926.005
112.281 203.952 1483.85
94.3189 -48.8948 1357.18
342.835 -427.315 1127.33
-393.374 175.62 929.209
112.635 203.126 1483.26
93.6717 -49.9473 1356.69
355.322 -334.235 1229.13
-408.909 173 933.127
112.789 202.695 1482.08
94.0241 -51.3886 1356.73
337.686 -439.974 1125.4
-422.452 154.925 937.739
112.967 201.892 1481.62
95.6036 -52.3672 1356.01
351.229 -334.444 1232.92
-435.789 153.404 935.468
112.819 201.183 1481.13
95.6986 -50.9618 1355.35
349.065 -335.416 1229.56
-446.953 128.882 941.219
112.683 200.988 1480.55
95.5147 -50.521 1356.6
347.01 -384.064 1174.62
-443.26 112.691 934.929
112.509 201.526 1480.91
96.6723 -48.4915 1365.38
337.893 -427.124 1133.39
-449.079 94.7094 922.174
112.476 201.742 1480.87
99.1597 -48.4074 1370.36
346.206 -379.144 1186.41
-441.785 87.685 914.887
112.718 200.842 1481.52
100.49 -49.5498 1364.7
351.573 -326.966 1237.33
-438.863 80.2517 907.736
112.771 200.796 1481.75
102.377 -50.7612 1365.01
348.576 -329.042 1235.72
-426.472 84.5496 902.85
112.455 201.041 1481.51
98.3415 -54.036 1355.35
350.982 -330.415 1234.79
-412.573 91.8701 897.372
112.579 201.297 1481.1
96.0634 -53.3364 1348.02
351.542 -323.63 1244.28
-397.449 110.133 896.529
112.503 201.533 1480.8
94.1365 -52.7274 1342.56
361.727 -305.261 1262.48
-390.039 110.979 885.966
112.479 201.874 1481.37
91.42 -50.318 1332.41
351.342 -400.573 1167.23
-367.374 109.599 884.331]