d12 = [-53.852 -210.466 1271.39
-52.14 184.711 1470.46
-51.4922 -77.3247 1352.66
180.839 -432.845 1121.73
-277.268 -428.651 1096.39
-53.0358 -210.153 1272.42
-52.1565 184.205 1470.16
-51.2289 -77.31 1353.14
189.749 -430.607 1120.14
-295.588 -423.797 1089.25
-53.0087 -209.318 1272.71
-52.3869 184.313 1470.18
-51.6446 -76.7717 1353.18
190.019 -428.67 1123.41
-274.528 -425.945 1085.66
-52.4944 -209.094 1272.93
-52.749 184.809 1470.22
-52.5625 -76.3724 1353.19
173.953 -429.723 1118.56
-295.248 -424.185 1088.34
-51.9491 -209.48 1273.78
-53.3446 184.705 1470.28
-52.825 -76.9812 1352.64
184.929 -425.354 1129.54
-272.513 -425.549 1086.56
-51.8131 -210.003 1276.25
-53.672 184.859 1470.83
-53.5166 -77.2698 1352.39
190.722 -427.162 1121.7
-295.57 -425.588 1091.69
-53.6069 -209.227 1276.55
-53.4167 184.859 1471.48
-56.3103 -76.2074 1354.16
185.457 -425.383 1126.63
-288.022 -428.297 1095.04
-54.0869 -209.868 1276.78
-53.3134 184.552 1471.94
-55.9102 -76.8359 1353.93
188.732 -423.226 1127.56
-248.244 -425.004 1093.53
-56.5848 -210.935 1275
-53.3768 184.287 1472.15
-55.9759 -76.9391 1354.07
189.336 -428.939 1123.28
-301.741 -420.971 1095.36
-55.8893 -210.845 1275.25
-53.5804 183.873 1472.14
-55.9403 -77.6943 1354.21
187.663 -429.426 1123.55
-296.451 -423.562 1095.59
-59.4675 -211.036 1275.85
-53.6495 183.955 1472.18
-58.0608 -77.1443 1355.77
185.566 -415.243 1134.3
-302.411 -418.565 1096.16
-61.2489 -211.836 1274.5
-53.4947 183.869 1471.81
-58.6599 -77.4849 1355.15
173.621 -436.239 1116.41
-296.17 -415.471 1097.92
-60.4232 -211.103 1275.35
-53.3962 184.067 1471.36
-58.9681 -77.4515 1354.69
187.361 -434.133 1118.45
-287.581 -421.922 1095.98
-59.1789 -210.081 1275.55
-53.1874 184.452 1470.87
-58.5534 -77.0798 1354.45
185.405 -432.026 1123.66
-297.094 -420.352 1097.15
-58.4701 -208.891 1277.48
-53.2831 184.671 1470.43
-58.528 -75.3453 1356.3
183.955 -430.307 1121.88
-288.021 -422.296 1096.2
-57.7556 -209.088 1277.86
-53.4881 185.067 1470
-57.9334 -75.2889 1355.67
183.436 -429.086 1120.24
-142.318 -426.262 1059.44
-56.0276 -208.739 1279.71
-53.6919 185.197 1469.34
-57.7885 -75.9942 1354.59
187.304 -424.106 1122.19
-295.701 -422.097 1097.32
-56.4558 -208.363 1281.19
-53.5753 185.234 1468.93
-57.9265 -77.1861 1353.3
188.898 -423.383 1124.34
-298.888 -418.311 1100.46
-56.8279 -208.875 1279.54
-53.5236 185.004 1468.72
-57.8451 -78.0498 1352.69
190.869 -423.742 1121.98
-296.127 -420.547 1096.16
-57.0787 -208.557 1279.24
-53.5162 184.666 1468.26
-58.2739 -77.7411 1353.64
205.694 -423.511 1117.35
-296.496 -419.89 1095.76
-56.0055 -208.354 1278.42
-53.4496 184.159 1468.03
-58.3725 -78.1359 1352.57
185.203 -427.008 1109.23
-294.327 -413.427 1103.63
-55.6436 -209.122 1276.76
-53.1288 183.926 1468.05
-58.0527 -78.8361 1350.81
183.437 -417.871 1097.02
-287.344 -425.329 1094.53
-55.3665 -210.137 1275.56
-53.1123 183.827 1468.18
-56.6706 -79.5056 1349.25
189.133 -408.07 1083.45
-296.029 -423.541 1092.75
-54.6058 -209.759 1275.54
-53.2855 183.903 1468.6
-54.9914 -78.4518 1349.17
188.435 -395.215 1062.08
-301.15 -421.807 1091.85
-55.611 -210.687 1273.69
-53.2567 183.475 1468.42
-55.2479 -78.2448 1349.21
190.445 -376.383 1034
-294.992 -423.526 1093.23
-56.1954 -210.23 1273.57
-53.153 183.226 1468.63
-54.7223 -77.3165 1350.41
189.419 -353.38 1011.36
-301.125 -422.677 1093.34
-56.5811 -210.228 1273.65
-53.6446 182.837 1468.69
-54.5822 -77.7753 1350.47
176.095 -337.705 939.222
-293.741 -423.258 1090.36
-51.1454 -207.973 1268.82
-54.5296 182.814 1469.08
-50.1091 -84.3691 1353.92
170.689 -304.655 900.08
-272.524 -426.259 1079.66
-48.3948 -206.826 1267.7
-54.7428 182.628 1469.44
-49.8818 -85.3597 1356.2
161.658 -269.99 856.619
-293.403 -424.857 1085.11
-51.1595 -209.174 1271.26
-54.7319 182.454 1470.06
-51.2942 -84.9797 1358.34
167.992 -217.953 833.837
-238.963 -421.504 1085.32
-54.9978 -201.003 1271.89
-55.0309 182.781 1470.5
-59.1655 -71.4595 1360.93
170.254 -181.717 819.62
-292.322 -420.325 1101.32
-52.1693 -198.596 1273.32
-55.6248 183.333 1471.74
-54.3831 -71.1188 1366.62
125.248 -118.797 846.94
-299.595 -432.905 1095.41
-54.4303 -198.832 1271.97
-56.0609 183.497 1472.73
-53.2697 -77.1995 1363.78
129.696 -63.6144 857.646
-249.597 -431.455 1097.52
-54.2341 -201.194 1262.34
-56.5351 182.741 1473.64
-51.8755 -76.5626 1341.71
161.11 -43.2675 893.924
-235.437 -431.285 1083.66
-57.9308 -193.383 1255.22
-57.0535 181.698 1475.46
-50.7447 -77.6646 1339.64
173.462 3.71435 898.227
-297.354 -438.07 1100.77
-59.6001 -192.654 1256.02
-57.5535 180.749 1477.29
-48.5525 -81.6961 1343.28
175.313 39.3292 891.899
-298.267 -440.998 1109.72
-106.343 -161.732 1339.85
-58.4821 179.585 1477.82
-50.8913 -89.6195 1329.36
58.716 45.1931 1079.11
-189.016 -408.462 940.561
-100.086 -168.378 1338.63
-59.4818 179.161 1479.07
-48.8353 -88.4808 1340.14
84.3538 42.5746 1089.31
-218.36 -373.089 957.931
-96.8943 -179.642 1344.62
-61.3065 179.394 1479.63
-48.3153 -89.6258 1345.9
113.558 67.2142 1082.09
-252.192 -364.614 986.596
-103.505 -188.011 1335.05
-64.6219 180.819 1483.98
-55.8632 -96.6225 1346.25
116.704 64.417 1087.66
-203.339 -339.484 1008.81
-94.6045 -190.849 1336.2
-64.2026 181.734 1484.05
-52.2082 -92.1824 1349.1
126.118 96.8958 1108.59
-273.031 -355.592 1018.72
-88.138 -196.796 1335.06
-64.4674 182.138 1483.77
-49.5928 -89.5357 1349.31
127.481 119.931 1134.95
-277.294 -357.158 1030.95
-75.035 -197.636 1330.44
-65.5349 182.982 1483.01
-49.3364 -89.3043 1351.53
130.301 140.186 1158.95
-279.292 -366.764 1037.72
-72.9467 -202.148 1326.89
-66.5392 184.217 1482.52
-51.604 -89.4633 1352.56
133.105 152.014 1173.83
-281.851 -367.678 1049.41
-73.3217 -206.36 1328.03
-66.0199 185.48 1482.99
-53.0855 -89.0683 1353.27
131.959 158.908 1191.05
-283.669 -370.532 1053.83
-70.6101 -208.512 1328.74
-65.6753 186.768 1483.73
-51.6929 -87.2826 1352.6
132.526 166.062 1200.57
-292.199 -380.577 1052.44
-52.3763 -190.578 1319.03
-65.9151 188.012 1484.12
-21.1157 -48.3116 1333.95
135.727 203.241 1198.74
-286.218 -415.675 1061.56
-36.7042 -201.862 1341.3
-66.2363 189.263 1484.67
-19.2641 -60.6627 1335.01
144.425 208.88 1179.23
-291.253 -416.934 1089.74
-37.4232 -207.083 1338.85
-66.7823 190.063 1484.68
-22.777 -64.6861 1334.73
148.46 201.218 1170.24
-242.22 -419.772 1085.63
-36.9324 -202.884 1327.62
-68.0559 191.373 1484.93
-10.9045 -51.6496 1327.9
147.904 202.165 1162.85
-239.185 -424.327 1078.25
-40.1101 -207.995 1325.12
-68.9088 191.345 1485.98
-13.7794 -54.9789 1328.48
150.268 198.384 1146.15
-292.233 -415.408 1079.19
-39.2136 -208.844 1325.48
-69.9304 191.177 1486.99
-12.7455 -55.6931 1330.06
148.299 197.689 1125.35
-282.899 -416.005 1082.84
-36.5401 -213.087 1323.26
-71.4985 190.323 1487.21
-9.99649 -60.0265 1328.73
154.618 192.605 1095.06
-294.898 -424.953 1074.12
-44.7717 -222.138 1327.68
-72.9284 189.689 1487.96
-25.6353 -73.6563 1341.47
154.081 164.217 1071.63
-296.154 -425.676 1056.98
-48.2728 -230.199 1327.77
-73.3191 189.46 1488.67
-33.7822 -85.1726 1344.73
164.108 139.389 1042.36
-293.641 -424.94 1055.11
-50.45 -233.15 1328.34
-74.1919 189.302 1489.57
-39.8901 -88.0157 1346.96
166.713 117.86 1011.77
-295.059 -425.242 1053.96
-50.8102 -234.888 1328.45
-75.3446 189.369 1489.91
-41.2817 -90.291 1348.82
169.336 85.8642 982.552
-291.455 -424.395 1055.23
-59.6667 -240.115 1324.5
-75.9609 189.496 1490.44
-44.7275 -89.7032 1353.74
173.538 45.7839 950.973
-318.109 -244.093 1536.78
-56.789 -237.472 1318.73
-75.7549 189.276 1491
-46.1514 -92.0286 1358.94
162.868 -2.41845 937.809
-306.81 -256.649 1486.41
-49.1526 -240.664 1318.23
-77.0606 186.634 1494.73
-45.2157 -93.2541 1355.29
173.687 -42.9439 915.376
-152.032 -295.222 1043.91
-48.5503 -234.463 1249.18
-77.025 186.075 1495.23
-39.8141 -91.6914 1288.27
192.422 -71.9382 874.42
-316.658 -466.587 1046.45
-58.718 -227.686 1252.73
-75.3294 184.768 1495.32
-47.8048 -85.5035 1296.45
188.17 -131.499 866.083
-315.644 -438.864 1079.23
-53.8588 -223.61 1253.09
-74.3534 183.542 1495.52
-46.5635 -86.8768 1309.41
171.868 -158.254 840.619
-310.01 -434.032 1096.58
-51.8329 -225.334 1259.68
-73.5333 182.15 1496.47
-45.4326 -91.0675 1323.95
133.04 -216.756 867.717
-303.839 -442.274 1101.39
-52.7368 -225.644 1266.83
-73.1779 180.486 1496.64
-45.0186 -92.1674 1333.31
129.195 -254.409 846.632
-166.023 -444.61 1072.98
-55.6166 -226.204 1275.49
-73.1297 180.221 1496.71
-48.6561 -93.7025 1349.44
141.081 -297.59 846.749
-304.786 -445.357 1101.45
-57.3402 -223.23 1281.64
-72.6645 178.508 1496.99
-52.8437 -89.787 1359.03
194.467 -342.168 933.305
-300.808 -441.943 1107.39
-57.9279 -222.432 1285.04
-72.1179 177.425 1497.02
-55.8424 -88.6843 1366.49
200.977 -367.067 970.85
-305.741 -447.487 1104.35
-58.7372 -223.408 1285.32
-71.5581 177.021 1496.76
-57.3075 -89.399 1366.18
199.037 -390.579 1001.02
-304.644 -446.827 1099.75
-59.6904 -223.002 1284.95
-71.0589 176.714 1497.19
-58.5073 -89.3866 1363.38
196.365 -401.381 1032.67
-305.718 -450.237 1095.33
-61.3172 -223.383 1285.77
-70.6773 175.84 1496.7
-60.2859 -89.6301 1362.91
194.456 -401.201 1060.84
-302.026 -450.803 1099.62
-64.0491 -225.188 1287.33
-69.9637 175.114 1496.08
-61.2554 -89.135 1363.5
190.001 -410.12 1073.82
-243.787 -446.502 1097.32
-66.0242 -220.913 1290.27
-69.0378 174.284 1495.59
-64.614 -83.9181 1368.63
181.972 -409.418 1100.56
-246.765 -439.777 1102.64
-61.7334 -217.109 1289.96
-68.3907 174.106 1495.08
-64.4191 -83.7844 1366.45
176.465 -405.559 1114.14
-158.641 -439.494 1081.11
-60.2811 -217.022 1286.68
-67.2409 174.311 1494.77
-63.2438 -83.8322 1365.57
175.039 -404.79 1115.63
-304.11 -442.271 1109.15
-61.8261 -218.602 1287.62
-66.603 174.315 1494.31
-63.0556 -83.3484 1364.5
172.835 -407.528 1113.44
-241.011 -443.09 1107.09
-61.9902 -219.408 1287
-65.9524 174.094 1493.62
-62.545 -83.0586 1362.4
174.681 -412.767 1112.45
-303.831 -440.045 1111.66
-61.4872 -218.885 1285.46
-65.2432 173.305 1493.15
-61.2895 -82.5709 1360.66
177.592 -425.827 1104.65
-299.423 -437.216 1114.75
-59.7706 -218.51 1282.45
-65.21 173.106 1492.1
-57.7165 -81.8398 1355.23
176.479 -429.373 1100.9
-303.571 -439.444 1106.95
-59.9574 -218.462 1281.86
-64.829 173.534 1491.26
-58.2612 -82.1422 1356.36
178.284 -432.586 1091.42
-303.406 -440.359 1108.76
-58.4155 -217.76 1289.53
-64.7406 174.087 1490.44
-58.8088 -82.4998 1357.43
171.206 -419.409 1101.36
-302.254 -449.279 1109.33
-59.4861 -211.613 1288.74
-64.5856 174.338 1489.53
-58.8165 -82.8434 1358.48
171.891 -408.359 1087.55
-300.733 -458.161 1112.75
-60.9215 -215.063 1291.15
-64.9594 174.459 1489.02
-60.9003 -82.2968 1365.94
182.137 -397.336 1070.96
-302.322 -449.51 1113.08
-62.385 -216.379 1298.89
-64.9651 174.587 1488.51
-63.7565 -83.1911 1373.05
187.632 -386.756 1050.09
-199.119 -435.518 1105.47
-64.7328 -213.805 1301.24
-64.7828 174.746 1488.62
-66.0578 -83.091 1376.9
193.41 -378.172 1030.93
-301.571 -434.569 1122.49
-65.435 -216.669 1299.14
-65.0198 175.015 1488.79
-65.5 -84.137 1375.44
193.646 -367.437 999.715
-301.879 -438.109 1111.04
-67.8617 -219.084 1294.21
-65.373 174.986 1489.58
-66.4658 -86.4305 1376.46
183.137 -354.282 988.368
-299.339 -437.751 1109.49
-66.839 -223.552 1289.16
-65.5277 174.872 1489.74
-62.9319 -91.1478 1372.35
184.532 -333.49 1019.89
-304.166 -436.083 1105.81
-64.3139 -224.569 1289.26
-66.5337 174.035 1490.7
-60.7382 -93.1031 1368.69
172.851 -297.79 880.428
-304.199 -440.314 1106.46
-59.7836 -226.435 1287.02
-66.861 173.546 1491
-53.3871 -97.3796 1365.03
189.209 -327.576 972.132
-296.179 -439.473 1111.51
-58.5643 -228.225 1285.01
-67.0046 173.028 1491.11
-51.585 -100.19 1361.14
192.129 -287.132 940.728
-301.534 -446.832 1103.54
-57.8943 -230.458 1284.9
-67.4173 172.284 1491.02
-50.4739 -102.446 1358.64
187.528 -253.514 910.63
-223.797 -439.523 1104
-58.956 -230.692 1283.41
-67.6373 171.607 1491.95
-52.1461 -101.945 1358.78
139.91 -137.747 845.661
-306.173 -440.481 1107.64
-54.6783 -231.51 1275.53
-68.2194 171.274 1492.66
-51.7523 -100.705 1357.91
183.224 -114.474 818.909
-306.311 -447.075 1110.9
-54.6339 -230.408 1276.35
-68.7441 170.839 1493.65
-51.715 -99.3007 1356.86
197.341 -82.7346 822.869
-300.709 -447.89 1108.5
-32.4873 -211.579 1259.76
-69.1142 170.284 1494.67
-9.00723 -63.9698 1323.11
200.374 -104.361 795.887
-303.292 -451.683 1121.29
-33.4511 -217.333 1261.28
-69.7621 169.968 1495.17
-16.0409 -76.1966 1329.49
149.294 -11.3743 883.798
-291.221 -448.572 1108.26
-38.1011 -209.701 1263.42
-70.6305 169.898 1496.1
-21.8175 -79.5541 1329.04
178.275 16.2683 890.393
-307.815 -439.403 1110.6
-45.0957 -206.792 1266.59
-71.1171 170.008 1496.95
-28.7331 -80.9983 1341.15
196.926 54.899 913.894
-307.311 -439.564 1118.81
-49.4603 -206.198 1270.65
-71.3908 170.245 1497.51
-29.2467 -82.1534 1343.17
182.773 80.1998 916.872
-300.924 -436.123 1118.5
-48.658 -223.49 1279.79
-72.3063 170.541 1498.09
-35.1036 -94.6538 1344.2
179.038 94.277 965.66
-306.322 -424.637 1107.51
-46.043 -225.29 1292.48
-73.2045 171.068 1498.42
-39.9159 -101.622 1344.63
180.669 115.22 983.898
-251.094 -140.779 1311.27
-35.5073 -235.296 1313.18
-74.0851 171.372 1498.76
-24.6048 -88.0456 1344.12
173.797 138.516 1033.13
-190.636 -173.628 1230.67
-38.2468 -233.925 1313.24
-75.2386 171.762 1499.01
-28.766 -87.1547 1349.54
174.811 162.311 1050.51
-188.249 -137.7 1251.92
-38.9904 -230.692 1315.6
-76.3153 172.375 1499.16
-27.6918 -83.7707 1356.59
170.56 180.361 1073.29
-294.661 -404.782 1102.05
-49.9304 -211.143 1304.92
-76.5813 173.682 1499.59
-30.5658 -78.7121 1362.43
169.471 182.938 1092.74
-289.587 -409.112 1101.71
-64.216 -203.355 1274.28
-77.6851 175.28 1499.87
-31.4427 -77.8139 1361.54
168.438 198.335 1080
-295.219 -409.27 1144.98
-63.6413 -200.658 1275.08
-78.2363 176.092 1500.51
-31.7225 -74.9938 1362.46
158.061 207.013 1106.56
-295.821 -415.7 1140.96
-56.6011 -202.177 1284.54
-78.7504 176.866 1500.71
-32.5499 -71.6736 1364.3
162.208 216.685 1144.93
-304.148 -423.065 1121.87
-51.8881 -204.387 1288.44
-79.1533 177.474 1500.32
-31.9698 -68.5011 1365.23
161.088 212.489 1168.8
-296.181 -426.873 1127.59
-50.3537 -201.386 1292.04
-79.2309 179.136 1499.98
-31.1343 -68.372 1366.73
161.537 205.194 1192.55
-299.272 -426.701 1122.49
-40.5394 -215.985 1332.6
-78.1442 180.682 1499.89
-31.109 -66.2921 1368.86
155.295 195.977 1255.32
-263.336 -419.494 1065.42
-42.0164 -218.449 1330.38
-77.7159 181.46 1499.35
-31.473 -66.2538 1368.85
163.149 63.0043 1188.78
-284.06 -420.003 1072.24
-36.9402 -219.076 1334.15
-77.7162 182.097 1498.36
-32.3793 -64.3963 1366.79
163.754 160.219 1241.63
-247.527 -437.735 1071.1
-37.6376 -217.632 1333.7
-77.3864 182.86 1497.79
-33.6034 -66.3064 1367.49
164.103 160.608 1239.4
-305.887 -455.149 1062.64
-38.8642 -217.384 1332.34
-76.5314 183.879 1497.08
-33.7925 -67.3511 1367.54
148.493 237.145 1254.95
-256.223 -423.821 1087.53
-39.408 -219.233 1329.31
-75.6475 184.455 1496.47
-35.2499 -70.2148 1364.61
159.084 160.993 1224.96
-250.657 -432.599 1075.49
-38.1327 -218.754 1322.18
-74.9391 185.104 1495.75
-33.8175 -68.6247 1365.06
183.947 117.138 1186.63
-303.229 -439.821 1099.72
-39.2112 -220.294 1319.72
-72.5272 186.902 1494.04
-33.889 -71.6974 1363.05
157.778 180.739 1179.07
-303.179 -439.412 1109.84
-42.5582 -225.332 1316.33
-72.225 186.922 1493.26
-35.6972 -77.1485 1361.27
164.209 173.292 1149.8
-302.209 -435.808 1118.99
-46.2521 -229.865 1303.63
-71.971 186.242 1492.9
-34.5454 -83.9227 1349.74
162.503 172.249 1129.76
-260.207 -423.934 1108.92
-49.4079 -228.424 1300.6
-72.9303 185.536 1492.81
-33.6109 -82.4502 1354.92
159.819 175.337 1100.47
-291.403 -421.453 1119.67
-52.0344 -227.661 1297.98
-74.348 184.656 1492.81
-32.2268 -82.6671 1356.69
161.938 166.151 1063.17
-254.517 -421.185 1105.65
-51.0942 -228.445 1297.96
-82.6093 178.43 1491.06
-31.4879 -83.3817 1358.04
164.315 147.298 1026.9
-249.899 -419.201 1111.37
-47.1577 -222.214 1294.58
-80.6266 180.914 1490.64
-19.2787 -73.1688 1359.13
167.784 134.588 985.264
-295.438 -426.405 1109.97
-39.2671 -226.876 1266.99
-80.4639 182.431 1490
-18.7572 -77.7986 1359.84
170.245 126.615 928.817
-301.089 -448.079 1126.54
-40.014 -235.027 1276.11
-80.9418 182.766 1489.38
-22.1711 -81.9379 1357.62
165.69 74.1297 908.569
-301.965 -441.02 1115.95
-44.1871 -236.093 1277.47
-81.1557 182.039 1489.96
-31.1282 -79.9527 1356.12
168.54 31.8755 880.641
-260.393 -448.809 1109.92
-50.3619 -220.628 1276.29
-81.55 181.37 1490.56
-30.2362 -80.2996 1358.33
161.181 -28.1349 873.35
-296.982 -441.457 1112.18
-54.5893 -222.85 1276.53
-82.3022 179.523 1491.03
-45.9079 -80.5602 1359.6
177.461 -63.0584 852.119
-300.914 -443.135 1112.46
-54.9176 -222.588 1265.94
-82.1093 178.44 1491.99
-45.8036 -77.6576 1340.78
160.127 -105.571 858.956
-306.758 -443.401 1107.67
-40.8328 -233.563 1292.49
-82.4388 177.003 1491.98
-49.2548 -79.9244 1336.24
156.299 -125.23 776.122
-296.294 -486.706 1129.38
-42.6862 -235.647 1281.28
-82.1843 175.888 1492.08
-46.04 -88.623 1338.88
170.624 -160.99 782.832
-293.305 -451.525 1143.05
-45.7482 -230.042 1273.53
-81.6265 174.969 1491.79
-45.8982 -93.1954 1342.01
172.012 -211.096 801.547
-305.801 -452.82 1124.81
-50.1348 -227.891 1273.22
-80.9336 174.873 1491.3
-50.347 -96.8812 1349.02
177.763 -337.502 884.907
-308.978 -464.382 1109.28
-50.6001 -223.725 1270.37
-80.6322 174.311 1491.33
-47.719 -92.6401 1347.24
176.681 -307.96 833.981
-277.789 -460.493 1116.28
-52.6903 -225.116 1275.09
-79.8903 173.943 1491.55
-48.3409 -93.6459 1353.56
189.19 -326.9 893.442
-286.028 -458.474 1117.7
-52.6867 -222.798 1272.51
-79.3287 172.958 1491.53
-47.7632 -91.8799 1351.09
193.365 -360.601 948.042
-308.453 -455.451 1107.6
-56.6754 -223.485 1273.72
-79.3549 171.882 1491.2
-50.4159 -94.6361 1350.96
194.565 -365.599 976.034
-308.329 -451.742 1110.7
-57.8586 -224.396 1265.73
-79.2193 171.199 1490.44
-51.2417 -94.3168 1334.06
196.245 -380.607 1005.59
-309.637 -453.903 1102.98
-58.2662 -225.818 1269.18
-78.9063 170.376 1489.48
-50.874 -94.1904 1338.57
193.577 -387.839 1023.19
-309.267 -451.856 1106.27
-59.339 -226.738 1270.33
-78.3571 170.311 1488.21
-51.6951 -95.162 1340.78
181.907 -399.057 1050.11
-301.355 -446.494 1111.07
-63.4834 -224.556 1271.14
-77.7075 170.376 1486.89
-57.9845 -90.3514 1344.77
182.218 -406.011 1073.56
-300.486 -443.959 1109.61
-63.294 -226.144 1269.58
-77.2315 169.986 1485.53
-56.6466 -92.6928 1341.34
180.854 -410.966 1090.32
-268.5 -436.647 1107.07
-64.9998 -224.943 1270.79
-77.0243 169.924 1484.84
-60.4354 -89.2596 1345.43
174.635 -403.658 1109.23
-290.523 -440.187 1105.46
-65.1848 -226.135 1270.3
-76.9083 169.979 1484.11
-59.6545 -90.6425 1345.37
170.831 -406.986 1112.93
-302.453 -419.859 1121.97
-67.2608 -225.952 1270.64
-76.761 170.092 1483.15
-62.9148 -89.3915 1348.22
169.262 -406.846 1112.01
-295.373 -392.426 1142.46
-68.9501 -223.508 1274.08
-76.5368 170.654 1482.11
-67.3175 -87.686 1354.14
169.798 -408.481 1114.41
-294.696 -391.843 1143.37
-67.6812 -220.75 1274.93
-76.1086 171.06 1481.09
-67.3881 -86.4282 1354.82
169.288 -409.996 1114.04
-289.188 -405.395 1136.04
-68.3302 -218.961 1277.4
-75.5175 171.84 1480.05
-68.6216 -84.5816 1358.76
169.604 -407.885 1113.52
-290.826 -414.84 1128.47
-70.1179 -218.614 1281.01
-75.1053 172.387 1479.76
-70.3494 -82.4812 1364.3
173.052 -422.743 1099.11
-278.996 -427.047 1119.73
-69.8633 -218.475 1289.82
-74.8506 172.828 1479.11
-70.0825 -82.5691 1363.67
175.433 -414.49 1094.79
-301.891 -437.704 1118.81
-72.4394 -218.23 1289.03
-74.4043 173.141 1478.58
-73.0628 -80.9824 1367.98
176.146 -414.554 1086.62
-252.487 -436.021 1110.18
-76.7242 -217.818 1288.9
-74.3854 173.609 1478.05
-77.8683 -79.5492 1370.77
165.342 -409.899 1081.8
-303.611 -435.388 1116.08
-76.5376 -218.863 1287.71
-74.1622 174.061 1477.29
-77.3458 -79.5487 1370.1
175.234 -401.697 1068.7
-295.041 -431.255 1122.73
-75.8626 -220.152 1287.03
-73.5756 173.943 1476.83
-76.7724 -80.5112 1370.62
192.256 -387.695 1043.71
-263.064 -431.355 1110.63
-72.4687 -225.42 1282.7
-73.4048 173.484 1476.56
-70.6974 -89.5711 1364.4
196.593 -366.521 1013.06
-261.942 -438.32 1106.96
-70.7036 -226.606 1276.46
-73.4921 173.398 1476.84
-69.7935 -91.7615 1360.59
194.991 -353.871 971.596
-263.809 -446.093 1103.72
-69.5771 -225.609 1276.65
-73.8663 173.403 1477.33
-67.9659 -91.2083 1357.94
195.62 -323.607 959.757
-288.33 -452.191 1101.88
-68.2408 -225.604 1276.18
-74.1891 173.387 1477.72
-65.5247 -91.7447 1355.64
192.992 -290.262 912.71
-293.527 -451.331 1105.68
-65.2564 -223.149 1273.86
-74.4801 173.349 1478.02
-63.9622 -92.5635 1356.44
183.316 -317.97 1003.21
-306.506 -450.318 1108.73
-65.1314 -222.627 1275.23
-74.8117 173.193 1479.15
-63.3503 -92.5511 1356.69
191.444 -230.008 832.423
-297.769 -453.343 1104.59
-65.3014 -220.906 1278.15
-74.9395 173.344 1480.84
-64.9129 -90.9966 1359.89
193.988 -197.719 808.631
-305.839 -448.083 1111.57
-61.5221 -220.363 1270.66
-75.39 172.907 1481.74
-57.4676 -90.4995 1345.75
180.794 -146.37 830.677
-299.826 -419.679 1134.8
-52.5812 -217.189 1256.04
-75.7945 172.216 1482.51
-41.5321 -76.5106 1321.6
187.932 -109.527 810.324
-300.701 -400.921 1155.12
-51.0973 -218.91 1252.67
-76.1024 171.253 1482.82
-39.324 -83.1608 1313.36
172.03 -81.1493 835.713
-304.336 -412.411 1139.93
-55.7244 -216.051 1257.81
-76.6523 169.782 1483
-37.1836 -79.7657 1307.17
167.191 -51.4104 854.261
-299.686 -401.459 1155.21
-54.3715 -219.647 1255.26
-76.8544 168.476 1483.15
-37.7135 -85.1979 1302.54
182.7 -15.339 871.279
-297.594 -452.762 1125.42
-52.4403 -221.844 1252.81
-77.0608 167.039 1483.3
-37.0856 -88.0923 1298.74
197.294 17.3531 877.19
-306.4 -442.323 1123.7
-51.2395 -222.259 1251.06
-77.6509 166.145 1483.47
-38.4746 -89.6274 1300.25
188.196 52.7549 894.054
-296.267 -443.313 1124.25
-50.875 -221.829 1251.37
-77.4154 165.625 1484
-39.2843 -89.6279 1302.84
188.422 80.3226 919.659
-305.283 -426.654 1131.14
-51.4479 -218.447 1262.17
-77.9658 166.156 1485.39
-41.3791 -84.9921 1323.84
188.926 113.759 943.928
-306.438 -432.958 1130.43
-54.8577 -218.104 1282.36
-78.0961 166.322 1486.44
-41.3064 -83.2827 1333.87
180.321 142.443 946.453
-292.021 -401.591 1162.1
-56.3947 -223.231 1295.49
-78.7196 166.324 1487.07
-44.1888 -82.1876 1341.93
181.126 154.074 984.091
-310.021 -455.878 1111.18
-56.5587 -223.356 1297.42
-79.4225 166.389 1487.22
-46.7006 -81.8735 1347
178.366 172.635 1016.92
-304.359 -422.026 1127.15
-57.6325 -227.693 1299.51
-79.8207 166.905 1487.74
-46.6558 -83.7417 1346.49
175.491 184.869 1046.06
-198 -460.198 1097.06
-56.0473 -228.394 1303.67
-80.1866 167.857 1488.87
-46.6257 -83.6355 1348.65
174.786 190.02 1078.29
-299.517 -416.313 1125.09
-56.6979 -231.685 1306.73
-80.1019 168.704 1488.53
-47.9259 -85.0794 1353.59
169.278 195.222 1111.05
-303.598 -413.793 1118.89
-56.6506 -233.762 1310.21
-79.7567 169.876 1488.47
-48.3727 -85.8227 1358.97
163.035 197.606 1142.17
-288.652 -407.413 1122.49
-50.9627 -239.17 1314.87
-79.3824 171.114 1488.12
-47.5519 -85.9992 1359.47
164.02 198.427 1163.13
-285.556 -412.655 1127.1
-53.4393 -241.959 1313.24
-79.5516 172.247 1488
-48.3525 -88.9484 1360.33
161.597 194.149 1183.25
-309.321 -443.18 1097.1
-55.5418 -248.138 1313.56
-78.1339 174.956 1484.75
-50.2824 -90.0405 1361.15
168.624 172.497 1192.85
-275.121 -382.151 1144.21
-57.0133 -247.154 1313.16
-77.5157 174.116 1484.32
-51.086 -88.6046 1361.83
164.767 46.0415 1139.03
-269.042 -390.506 1131.03
-60.7743 -240.701 1306.37
-77.1554 174.405 1483.91
-53.3208 -87.623 1364.95
186.655 59.0831 1122.46
-292.335 -392.505 1148.27
-61.7926 -225.679 1311.19
-77.0863 174.81 1483.58
-52.9562 -78.3371 1372.1
163.338 173.89 1199.24
-288.48 -400.994 1152.24
-62.2425 -226.895 1308.4
-77.1581 175.36 1483.46
-50.29 -77.6183 1374
161.913 180.016 1200.31
-258.673 -383.745 1162.49
-59.2283 -221.102 1305.24
-77.7509 175.613 1482.97
-44.2587 -75.7186 1375
166.219 165.705 1194.51
-297.241 -393.327 1151.57
-55.9057 -224.538 1307.5
-77.2503 175.942 1482.47
-37.7659 -77.4949 1376.09
164.862 145.409 1171.91
-290.419 -406.548 1143.16
-53.5482 -224.244 1307.34
-76.5969 176.525 1482.01
-34.8823 -76.9379 1372.2
165.407 140.813 1157.94
-284.226 -406.373 1143.95
-50.2724 -226.552 1295.83
-76.554 177.295 1481.67
-30.3152 -75.0351 1362.41
164.693 162.538 1137.66
-297.456 -408.565 1156.01
-48.0591 -220.43 1299
-76.7755 177.814 1481.05
-27.4658 -73.8999 1364.63
164.301 188.032 1107.39
-295.841 -428.781 1146.59
-44.4206 -219.1 1299.05
-77.0454 178.47 1481.09
-25.6535 -73.8796 1364.54
160.305 189.93 1071.33
-239.468 -430.431 1143.47
-40.8089 -218.924 1291.36
-77.3045 179.073 1480.81
-28.4245 -75.2004 1365.38
160.694 189.058 1027.36
-301.4 -446.432 1146.65
-37.5124 -221.632 1289.59
-77.9286 178.542 1480.35
-28.0022 -77.3491 1364.63
162.943 174.369 985.993
-291.956 -451.699 1150.83
-43.3037 -226.248 1288.61
-78.6527 178.391 1480.17
-40.904 -84.9005 1359.45
157.738 149.674 946.37
-296.667 -446.415 1150.66
-43.1688 -227.669 1289.89
-79.292 177.673 1480.39
-41.3111 -86.488 1360.76
172.847 100.74 915.878
-302.286 -459.085 1141.05
-44.3843 -228.452 1284.43
-79.4208 176.553 1481.11
-46.2987 -86.4798 1357.59
171.378 64.9627 890.102
-307.389 -478.548 1128.21
-47.6059 -230.625 1278.2
-79.3711 175.009 1481.56
-45.5366 -87.4215 1358.94
172.831 17.3408 868.305
-283.397 -453.743 1138.25
-55.0857 -227.047 1281.01
-79.6458 173.941 1482.61
-44.9864 -88.6371 1358.92
184.282 -37.236 848.462
-281.784 -451.509 1136.51
-54.5365 -224.377 1275.84
-79.7569 172.734 1482.83
-46.4302 -84.6859 1347.51
175.744 -89.2879 846.91
-300.206 -441.201 1127.5
-55.3046 -226.888 1278.79
-79.7469 171.645 1483.64
-48.3774 -87.9123 1352.62
167.812 -128.69 819.794
-305.933 -441.161 1130.37
-56.7979 -229.15 1277.76
-79.5755 170.515 1485.05
-49.6903 -90.7262 1351.82
193.543 -164.384 788.37
-171.031 -441.793 1098.89
-56.7148 -232.701 1277.49
-79.797 169.129 1485.86
-47.6091 -90.5939 1347.64
180.508 -201.673 783.17
-306.116 -441.103 1123.15
-55.492 -230.001 1274.08
-80.0529 168.215 1486.52
-45.549 -88.9754 1341.92
179.277 -245.602 791.83
-302.623 -443.705 1127.44
-56.678 -230.597 1273.66
-79.9663 167.624 1486.01
-49.733 -91.9795 1342.23
181.159 -284.605 825.63
-290.251 -447.735 1119.51
-56.8495 -230.619 1274.51
-79.612 166.792 1486.14
-49.8567 -92.5178 1344.26
179.821 -309.785 867.87
-267.742 -459.292 1109.67
-57.0935 -230.466 1274.34
-79.0309 166.365 1486.46
-51.1001 -93.6918 1345.07
188.902 -344.261 897.321
-303.221 -453.595 1114.39
-57.5647 -231.042 1273.06
-78.2648 165.513 1486.99
-52.6305 -95.7837 1343.22
198.428 -362.032 950.244
-305.12 -454.949 1115.06
-57.7993 -231.05 1274.22
-78.0934 165.174 1487.08
-52.1081 -94.4797 1344.62
198.522 -369.31 979.974
-310.108 -451.952 1111.8
-61.352 -232.635 1276.13
-77.9241 164.931 1486.62
-53.524 -94.9651 1342.96
196.255 -383.384 1011.79
-294.596 -452.523 1105.76
-62.8925 -232.851 1278.15
-77.9834 164.471 1486.12
-53.9912 -93.9577 1343.29
187.472 -388.997 1043.03
-293.189 -451.082 1106.25
-62.2062 -231.701 1276.93
-77.8317 164.061 1485.58
-54.0848 -93.4202 1343.12
178.797 -400.707 1060.13
-305.201 -451.635 1104.22
-66.6881 -227.813 1280.81
-77.3911 163.83 1484.84
-62.7022 -87.4963 1353.85
180.414 -410.435 1069.83
-301.861 -447.48 1107.56
-76.3346 -226.887 1287.73
-76.9032 163.981 1483.98
-68.9914 -84.9242 1361.26
182.816 -406.867 1090.87
-305.986 -436.731 1118.41
-75.3053 -224.643 1289.25
-76.0293 163.875 1483.4
-70.8543 -83.3171 1367.08
174.57 -405.09 1105.99
-306.057 -435.443 1120.04
-75.0138 -223.965 1289.98
-74.901 163.491 1482.4
-72.4842 -83.3695 1370.05
169.602 -403.705 1110.25
-286.395 -437.543 1117.73
-71.5226 -226.73 1291.5
-73.5662 163.592 1481.23
-72.4412 -83.7511 1370.09
167.159 -400.092 1110.78
-301.227 -447.547 1115.71
-69.5355 -227.667 1292.77
-72.5125 163.795 1479.95
-72.1487 -83.7368 1369.48
169.854 -396.627 1110.01
-299.813 -446.143 1118.2
-71.3775 -225.431 1291.35
-71.3676 164.017 1479.19
-72.2833 -83.1462 1369.52
169.346 -398.161 1112.81
-306.816 -448.407 1112.54
-69.569 -224.652 1291.14
-70.7754 164.349 1478.97
-71.6847 -82.6036 1369.43
169.986 -397.419 1113.82
-251.758 -452.527 1112.21
-69.9956 -222.244 1290.41
-70.3986 165.381 1478.65
-72.2037 -82.6056 1369.5
172.683 -397.628 1113.67
-302.08 -450.806 1111.87
-73.3258 -219.199 1284.4
-69.8674 165.824 1478.57
-72.4538 -82.6427 1370.11
172.381 -402.488 1117.39
-307.523 -446.966 1103.97
-72.63 -217.748 1284.75
-69.445 166.717 1478.16
-72.8613 -82.5122 1371.83
172.868 -404.051 1116.01
-299.686 -443.863 1106.91
-71.0537 -213.52 1284.98
-69.0723 167.456 1478.51
-73.0604 -82.345 1374.51
173.876 -401.845 1117.65
-300.499 -441.106 1107.53
-72.4812 -214.618 1286.97
-68.7356 167.699 1478.61
-72.7502 -82.7955 1375.48
184.274 -398.198 1110.52
-290.976 -442.613 1106.83
-71.9544 -216.399 1286.1
-68.6144 167.218 1478.28
-72.6597 -83.488 1374.99
186.296 -399.453 1084.76
-289.187 -437.548 1100.87
-72.0739 -218.385 1287.23
-68.469 166.761 1477.54
-72.6236 -84.0934 1373.85
196.237 -387.898 1054.84
-306.508 -439.071 1107.58
-71.7595 -219.557 1286.76
-68.0337 165.886 1477.21
-72.3373 -85.0954 1372.43
195.153 -383.196 1004.11
-272.781 -438.63 1102.87
-71.5352 -220.757 1286.27
-67.6754 165.145 1477.33
-72.1942 -86.0715 1371.43
200.642 -362.549 962.541
-307.582 -444.116 1107.74
-69.983 -222.991 1281.69
-67.5213 164.736 1477.11
-70.3052 -88.9841 1365.54
197.133 -344.629 861.78
-306.502 -447.169 1104.71
-69.0552 -224.436 1276.34
-67.6632 164.141 1477.04
-67.2348 -90.7411 1355.37
143.511 -310.444 844.048
-307.675 -449.727 1100.91
-69.4856 -223.49 1276.12
-67.6367 163.073 1477.8
-68.1841 -90.8061 1357.14
209.668 -296.721 988.343
-295.449 -444.311 1108.1
-67.9046 -218.357 1273.85
-67.4282 162.298 1478.45
-68.8471 -89.5223 1361.21
145.24 -224.071 849.68
-306.128 -442.798 1100.52
-66.8626 -218.663 1272.1
-67.3587 161.921 1479.78
-66.973 -89.6104 1355.19
189.161 -176.648 855.923
-307.347 -446.678 1102.38
-64.1122 -218.165 1266.21
-68.3501 162.183 1480.44
-63.0443 -87.759 1343.27
192.482 -131.029 815.35
-308.532 -449.258 1100.08
-68.825 -228.38 1271
-69.2152 162.636 1481.54
-67.5695 -90.374 1341.9
206.136 -90.2889 796.227
-295.422 -447.419 1121.8
-67.0012 -233.306 1274.12
-69.7249 163.055 1482.89
-65.2576 -99.7135 1349.89
178.153 -64.4837 862.376
-307.074 -440.381 1117.37
-62.0317 -237.217 1272.02
-70.2782 162.513 1484.33
-61.7722 -95.2031 1340.17
186.235 -20.6139 880.588
-299.529 -439.538 1120.8
-42.1525 -256.57 1275.78
-70.767 162.496 1485.36
-58.8166 -93.0927 1337.93
189.362 33.8364 890.689
-307.596 -483.669 1102.64
-42.212 -258.794 1277.71
-70.9237 162.623 1486
-58.3714 -96.9154 1340.77
180.482 75.0355 884.221
-239.943 -426.902 1139.56
-53.5431 -246.151 1273.68
-70.7703 163.409 1486.36
-56.7097 -95.4651 1340.99
182.346 95.4755 907.117
-296.279 -442.723 1139.94
-53.675 -237.597 1293.61
-70.8438 164.282 1486.65
-55.7038 -94.9096 1341.75
166.264 130.806 902.856
-296.159 -472.306 1148.19
-50.1286 -230.681 1298.9
-71.6304 165.585 1486.85
-48.8498 -94.8027 1339.63
167.844 142.64 930.273
-151.397 -453.096 1128.09
-42.6539 -222.736 1316.22
-72.0032 166.732 1487.56
-32.4205 -81.1683 1345.64
165.375 167.141 969.285
-293.231 -470.744 1129.48
-41.8882 -221.018 1320.51
-73.184 170.399 1489.95
-28.8662 -78.0958 1343.04
161.043 184.309 1002.89
-283.512 -407.77 1163.63
-43.1007 -219.027 1320.7
-73.6954 171.621 1490.7
-25.6264 -74.0693 1343.54
159.317 190.139 1038.48
-277.552 -397.558 1169.76
-38.0461 -218.478 1315.55
-73.4036 172.948 1490.84
-21.6214 -66.2928 1342.48
152.155 205.086 1065.59
-273.639 -393.51 1176.09
-25.5827 -229.889 1338.06
-72.0426 175.43 1491.56
-24.3821 -58.5948 1347.73
154.744 224.77 1131.19
-267.428 -407.089 1141.16
-29.3196 -231.653 1341.18
-70.1475 175.724 1491.18
-29.9016 -62.3079 1355.85
151.341 221.248 1158.54
-280.632 -389.617 1148.49
-32.4639 -233.11 1344.21
-69.0953 176.124 1491.06
-35.2204 -65.0815 1363.15
146.913 221.461 1180.51
-276.748 -385.999 1152.49
-36.3536 -236.099 1342.09
-68.5983 176.663 1490.4
-40.9793 -72.3009 1362.59
144.972 211.615 1195.44
-265.232 -403.791 1132.35
-41.8562 -236.597 1331.22
-68.4203 177.151 1489.86
-39.2832 -71.095 1363.63
150.313 193.666 1221.03
-259.952 -401.981 1117.23
-45.921 -238.975 1326.76
-67.1852 177.529 1488.72
-39.6118 -72.5339 1365.31
167.262 68.0775 1149.86
-276.379 -398.424 1117
-41.1768 -231.078 1322.72
-66.5175 177.459 1487.73
-29.5369 -61.137 1356.14
150.297 191.321 1230.2
-243.996 -417.52 1120.39
-48.5334 -218.374 1302.66
-66.0172 177.685 1487.03
-30.3296 -65.3037 1359.1
145.468 197.866 1200.57
-241.788 -425.436 1148.65
-48.3363 -227.64 1301.09
-65.7933 178.013 1486.65
-34.4133 -67.9749 1361.77
142.759 198.528 1195.5
-302.458 -441.586 1138.3
-51.0835 -228.149 1306.25
-65.5111 178.44 1485.77
-38.8773 -71.4688 1362.36
148.038 188.397 1180.95
-289.407 -332.992 1210.59
-59.3053 -229.098 1308.16
-64.6255 179.035 1484.89
-42.6127 -74.3577 1363.65
145.617 183.65 1164.13
-179.144 -243.817 1247.18
-62.4807 -226.361 1304.02
-64.3658 179.145 1484.82
-50.194 -77.1512 1365.22
145.417 187.119 1150.46
-294.717 -425.206 1138.25
-64.9745 -223.754 1299.39
-64.1963 179.544 1485.07
-53.6211 -77.2525 1364.18
143.088 181.703 1128.89
-290.314 -412.336 1137.79
-66.2498 -218.741 1296
-64.2579 179.623 1484.71
-55.5674 -70.4069 1357.91
148.231 180.222 1089.75
-295.287 -420.073 1137.47
-68.0796 -217.719 1292.69
-64.2844 179.533 1484.31
-56.3452 -74.1068 1360.02
142.01 166.407 1048.91
-298.232 -446.536 1124.87
-63.8665 -218.727 1285.68
-64.6424 179.321 1483.36
-56.3401 -76.2445 1359.28
139.354 157.713 1005.5
-294.209 -427.428 1147.67
-58.5507 -225.415 1285.13
-65.0637 178.952 1482.72
-53.1943 -81.8379 1351.94
142.176 134.689 983.362
-296.241 -429.596 1135.53
-58.4227 -225.247 1286.12
-65.8091 178.275 1482.86
-54.4194 -81.5871 1355.05
139.459 100.258 950.635
-293.513 -429.567 1140.11
-56.2261 -224.84 1282.66
-66.6204 177.256 1483.43
-51.2456 -82.0407 1349.79
139.02 71.292 923.766
-296.191 -434.622 1133.91
-51.9225 -222.947 1274.18
-67.1283 176.01 1483.95
-44.7549 -78.6943 1336.36
140.772 35.9085 887.936
-302.054 -431.461 1125.17
-58.7138 -229.067 1260.91
-68.4975 174.547 1484.1
-51.4402 -84.2081 1317.44
140.59 -3.16023 887.677
-309.13 -453.85 1105.47
-58.1075 -227.524 1258.37
-69.6561 173.068 1484.61
-54.1363 -84.3922 1312.57
146.28 -42.5923 865.761
-309.186 -456.413 1103.18
-64.1362 -223.789 1262.51
-70.8513 172.14 1485.56
-54.1426 -83.1797 1322.91
148.911 -97.1018 856.658
-307.241 -430.312 1121.79
-65.0222 -221.288 1273.84
-71.5728 171.499 1486.44
-57.1871 -79.5485 1347.91
130.651 -148.616 857.385
-298.64 -398.392 1151.92
-65.8781 -223.408 1272.54
-72.3083 170.79 1486.85
-63.5272 -88.515 1352.81
162.465 -161.819 828.665
-299.523 -402.723 1152.44
-71.9189 -226.932 1274.71
-72.6457 169.865 1486.47
-65.0959 -92.3571 1355.33
150.959 -211.408 814.184
-298.605 -436.465 1132.6
-71.6403 -224.975 1272.39
-73.3701 168.777 1486.17
-64.7314 -91.3909 1354.89
150.112 -259.893 820.738
-302.695 -445.966 1113.69
-67.396 -223.654 1269.8
-73.6875 167.814 1485.84
-64.1456 -91.9504 1353.32
165.511 -298.322 858.886
-301.593 -449.519 1105.05
-63.9122 -218.116 1269.46
-73.5558 167.379 1486.1
-60.2117 -83.8328 1354.79
169.28 -325.968 907.57
-302.402 -453.479 1100.82
-66.3051 -223.258 1269.87
-73.6142 165.426 1486.05
-59.001 -91.8901 1350.38
175.482 -363.849 927.995
-309.913 -453.23 1101.3
-69.0168 -231.544 1277.59
-73.4164 164.362 1485.92
-60.5209 -92.9484 1350.65
182.877 -370.432 988.368
-260.667 -447.825 1099.05
-69.9448 -229.754 1276.2
-73.0002 163.446 1485.87
-61.609 -93.0677 1351.24
177.797 -384.225 1025.91
-291.787 -450.587 1097.49
-69.5243 -230.366 1276.08
-72.6617 162.981 1485.42
-62.6371 -94.3215 1348.36
173.467 -395.506 1047.6
-303.094 -451.85 1102.23
-69.1952 -230.598 1275.5
-72.2643 162.624 1485.22
-63.7608 -93.9535 1347.92
174.115 -405.409 1068.29
-309.681 -449.147 1099.73
-70.6478 -229.458 1275.41
-71.8949 162.557 1485.24
-66.3313 -91.9204 1348
186.416 -409.605 1091.95
-302.915 -449.329 1099.73
-69.7795 -230.789 1277.64
-71.2977 162.57 1485.03
-65.5673 -92.2296 1349.36
171.7 -420.8 1098.92
-299.827 -447.857 1099.25
-69.8573 -227.307 1274.14
-71.0423 162.91 1484.54
-65.7368 -92.1608 1348.96
167.528 -409.716 1115.29
-301.348 -448.288 1089.44
-71.1933 -222.242 1275.43
-70.6218 163.519 1484.14
-65.9633 -90.9127 1349.8
168.743 -402.135 1125.07
-298.095 -448.949 1103.36
-72.6259 -217.11 1277.28
-70.2972 164.234 1483.36
-69.2427 -86.272 1353.45
164.555 -404.081 1115.11
-300.81 -448.069 1103.98
-72.7046 -215.219 1277.23
-69.9512 164.401 1482.75
-70.1805 -85.4165 1354.89
171.864 -400.126 1125.18
-301.535 -454.986 1100.35
-72.4422 -217.974 1277.96
-69.8497 164.595 1481.8
-70.1533 -85.1293 1356.61
170.657 -400.883 1128.16
-301.55 -454.047 1098.54
-71.975 -220.141 1277.38
-69.4548 164.1 1481.05
-70.3258 -85.5996 1357.21
174.167 -401.03 1128.95
-309.036 -455.379 1097.48
-71.9078 -220.67 1279.05
-68.9696 164.244 1480.57
-70.7881 -84.726 1359.97
169.865 -406.113 1113.85
-308.197 -453.671 1097.92
-72.4157 -220.42 1281.85
-68.2029 164.068 1480.26
-71.7318 -84.1252 1365.81
169.366 -409.891 1110.66
-296.727 -448.021 1100.79
-71.3465 -218.868 1281.77
-67.5752 164.072 1479.82
-71.116 -83.3967 1365.84
171.35 -406.886 1110.49
-307.08 -449.036 1103.56
-71.561 -217.949 1282.3
-67.5248 164.379 1480.07
-70.6673 -82.8572 1366.31
172.997 -403.241 1102.51
-301.897 -439.972 1110.97
-76.4856 -219.795 1284.96
-67.486 164.429 1480.11
-70.7421 -83.2165 1365.89
178.675 -405.07 1086.99
-305.732 -437.406 1106.75
-75.0426 -218.947 1285.58
-67.5328 164.758 1480.38
-72.3594 -82.7719 1369.38
180.501 -393.611 1072.39
-305.157 -439.851 1107.39
-74.4234 -218.715 1286.37
-67.6532 164.976 1480.71
-72.9374 -83.2273 1372.15
181.281 -383.776 1042.85
-287.286 -439.762 1105.54
-73.785 -220.695 1286.48
-68.0143 165.006 1480.96
-72.2404 -85.522 1372.66
184.315 -368.219 1019.63
-288.262 -444.777 1102
-73.438 -220.557 1285.76
-68.3456 164.912 1481.69
-71.7641 -85.1245 1371.52
166.502 -314.007 1061.57
-281.925 -441.745 1101.16
-72.4528 -221.841 1286.18
-68.4496 164.289 1482.37
-70.7817 -85.951 1372.79
165.941 -335.183 873.812
-306.448 -442.348 1110.41
-72.1042 -220.991 1286.29
-68.734 164.272 1483.04
-70.8262 -85.2232 1373.29
162.746 -290.245 890.33
-300.832 -444.937 1111.53
-71.4631 -220.666 1286.47
-69.0999 163.951 1483.71
-70.671 -84.8994 1374.27
190.402 -301.034 972.526
-282.799 -454.405 1113.31
-70.4561 -220.475 1285.68
-69.4182 163.769 1484.76
-70.4923 -84.9104 1373.77
133.275 -202.306 848.36
-284.29 -451.892 1115.4
-66.0182 -220.057 1273.27
-69.5912 163.751 1485.7
-64.3058 -82.5324 1353.15
162.897 -165.695 827.898
-287.043 -454.943 1108.79
-63.118 -218.866 1267.4
-69.6364 163.385 1486.59
-60.9602 -81.1571 1344.68
124.6 -119.48 838.453
-288.138 -458.927 1104.56
-61.8025 -215.747 1270.66
-69.7393 163.28 1487.74
-59.2354 -82.5245 1342.24
154.349 -93.0824 860.036
-289.341 -454.877 1113.37
-59.3902 -221.798 1259.87
-69.9987 162.18 1488.26
-56.0311 -94.765 1325.94
151.441 -54.177 881.967
-303.011 -451.886 1109.59
-56.8395 -214.1 1268.59
-70.3023 161.417 1489
-56.7761 -92.6686 1329.49
168.08 -15.7893 876.756
-299.121 -446.887 1118.26
-55.7917 -211.35 1269.43
-70.1381 161.081 1489.45
-56.123 -90.0599 1330.05
168.92 26.7396 884.621
-302.132 -453.338 1118.87
-54.9687 -211.282 1268.56
-69.888 161.016 1489.98
-55.0404 -90.4345 1330.3
155.53 57.94 901.216
-298.451 -447.313 1124.88
-55.2676 -214.732 1270.83
-69.7576 161.667 1490.81
-54.1662 -90.0713 1332.07
157.761 86.6309 920.088
-302.857 -454.114 1121.42
-56.5978 -222.658 1284.91
-70.4393 162.161 1491.03
-53.5773 -92.0288 1352.07
157.508 115.188 943.719
-300.321 -455.488 1122.89
-56.582 -221.833 1289.4
-71.7707 163.289 1490.87
-54.0132 -88.8947 1359.93
154.196 145.07 968.078
-301.219 -456.78 1119.45
-53.0163 -226.451 1277.63
-73.4436 164.158 1490.69
-37.367 -85.5771 1344.6
155.501 152.462 980.208
-306.598 -433.999 1133.52
-44.7222 -240.688 1309.58
-74.697 164.748 1491.16
-41.9377 -85.2315 1347.85
147.435 185.148 989.909
-248.144 -437.895 1146.27
-43.5776 -246.346 1321.67
-74.772 165.552 1490.22
-40.1925 -80.4753 1351.07
146.241 199.604 1037.18
-275.095 -439.751 1133.48
-42.0442 -247.17 1325.53
-74.6367 166.982 1490.59
-43.4354 -83.1305 1352.5
141.48 215.026 1067.58
-309.489 -457.881 1124.2
-41.18 -246.968 1329.44
-74.0095 168.633 1491.11
-43.112 -83.5951 1354.99
139.269 221.656 1098.13
-309.491 -455.252 1121.78
-39.1874 -245.599 1334.93
-73.8874 169.916 1491.29
-42.446 -81.589 1359.19
140.055 224.791 1129.67
-289.89 -439.144 1138.27
-39.7631 -245.281 1337.37
-73.1148 170.546 1490.55
-42.4526 -81.0826 1361.53
138.948 229.78 1156.41
-243.971 -429.493 1134.01
-43.1959 -245.212 1335.66
-72.0792 171.583 1489.86
-45.3177 -82.3231 1362.22
141.628 214.464 1179.4
-293.318 -423.995 1137.26
-48.156 -239.244 1324.82
-71.5101 172.861 1489.63
-45.8488 -81.5087 1365
140.529 204.517 1180.47
-296.612 -422.763 1152.98
-61.8749 -234.783 1310.94
-70.6888 173.557 1488.75
-46.3443 -80.6091 1366.38
140.387 174.534 1182.3
-287.221 -446.21 1134.39
-65.6411 -234.468 1309.98
-69.9165 174.352 1487.45
-45.8373 -80.1867 1368.94
140.375 185.966 1204.42
-293.959 -373.496 1166.3
-66.5493 -235.111 1307.16
-68.9126 175.132 1486.47
-45.4106 -80.4888 1369.44
139.742 170.484 1203.85
-295.91 -375.048 1159.76
-59.7751 -235.424 1320.22
-68.354 175.46 1485.76
-44.7915 -80.1206 1369.14
136.365 191.202 1194.38
-185.128 -409.925 1147.41
-59.5985 -235.369 1322.11
-68.1975 175.595 1485.92
-45.4069 -80.0579 1369.42
139.395 193.42 1184.46
-242.644 -406.949 1155.22
-58.757 -235.827 1325.13
-67.9417 176.231 1486.08
-46.5639 -80.4104 1369.3
143.191 190.271 1178.01
-248.951 -364.292 1179.68
-66.4646 -236.363 1321.43
-67.475 176.392 1486.17
-52.8861 -84.5154 1367.82
135.786 191.9 1165.59
-291.566 -366.199 1168.84
-67.5466 -236.862 1316.82
-67.0105 176.529 1486.24
-54.9077 -85.9025 1363.4
139.641 187.074 1141.91
-293.183 -353.428 1174.47
-62.4476 -230.797 1309.36
-67.7377 177.161 1486.82
-49.9825 -71.9928 1367.11
142.841 189.3 1124.88
-292.555 -341.461 1171.98
-63.4203 -214.506 1295.5
-68.363 177.883 1486.8
-41.4306 -66.1462 1366.15
138.432 183.432 1092.24
-294.677 -324.412 1190.37
-56.4533 -209.694 1283.87
-68.8004 177.99 1486.99
-42.8292 -74.5595 1361.73
135.543 170.248 1052.14
-293.027 -331.924 1190.27
-46.661 -210.328 1280.18
-68.6277 178.773 1487.08
-31.281 -78.3047 1355.38
138.339 160.829 1003.11
-295.004 -365.383 1179.47
-52.657 -213.489 1272.77
-69.1081 178.814 1486.51
-27.594 -78.7591 1354.57
141.696 110.839 970.948
-293.412 -314.326 1210.83
-55.1845 -214.339 1279.38
-70.1385 178.406 1486.05
-25.3558 -81.7885 1348.54
136.902 75.0162 931.929
-294.323 -305.494 1228.12
-52.8349 -217.962 1271.72
-71.591 177.962 1486.29
-30.3997 -85.6938 1339.97
141.314 41.8359 902.378
-296.212 -296.796 1227.73
-54.6256 -219.811 1261.16
-72.4118 175.966 1485.62
-39.0316 -85.1982 1323.25
141.44 -0.830063 886.917
-298.049 -323.623 1200.63
-56.9372 -220.554 1257.8
-73.146 174.364 1485.6
-46.9981 -86.4955 1318.62
136.476 -50.5654 878.358
-297.253 -333.114 1189.82
-70.2029 -228.672 1266.21
-73.5653 173.131 1485.92
-68.0684 -91.975 1327.04
142.007 -104.952 843.539
-292.493 -338.429 1193.47
-67.1116 -228.751 1266.32
-73.6581 171.924 1486.39
-59.7917 -92.0577 1327.19
128.11 -156.556 846.878
-295.452 -355.907 1178.38
-71.1973 -231.581 1271.54
-73.6255 170.443 1486.78
-59.9974 -98.1816 1333.17
157.931 -170.862 817.001
-295.268 -372.639 1164.68
-74.95 -231.088 1278.81
-73.5843 169.019 1487.15
-67.242 -96.9144 1348.57
152.358 -216.025 829.778
-299.461 -405.705 1144.21
-74.6448 -230.536 1276.45
-73.9067 167.979 1487.35
-67.6576 -95.003 1345.31
146.772 -281.206 835.581
-301.276 -412.872 1134.33
-71.9713 -229.315 1272.38
-74.2138 166.481 1487.69
-64.681 -93.1786 1340.43
159.378 -320.136 867.566
-301.054 -442.66 1114.66
-69.8092 -229.11 1271.21
-74.6481 165.153 1487.81
-64.4498 -93.9072 1340.94
168.436 -349.431 912.166
-269.197 -450.976 1102.17
-71.9591 -228.836 1273.05
-74.9872 164.217 1487.23
-65.1961 -92.3386 1343.21
178.71 -374.558 967.804
-298.359 -450.488 1109.53
-72.3575 -230.506 1273.34
-75.3417 163.639 1486.51
-64.8427 -92.8114 1343.47
177.193 -389.687 994.668
-285.934 -457.44 1109.99
-72.6177 -231.683 1274.43
-75.727 163.228 1485.44
-65.447 -92.5521 1345.58
179.884 -410.483 1023.11
-303.506 -459.784 1096.64
-73.044 -231.987 1275.5
-75.8349 162.873 1484.75
-66.7003 -91.7732 1347.46
184.48 -423.409 1035.47
-311.056 -454.162 1095.73
-72.9848 -233.938 1276.48
-75.899 162.634 1483.89
-67.8718 -90.3578 1348.43
183.065 -424.765 1053.77
-302.643 -457.977 1098.5
-72.3377 -221.776 1275.72
-75.9457 162.643 1483.53
-71.1415 -88.8395 1354.91
187.307 -420.661 1065.29
-302.067 -462.545 1106.78
-71.6629 -218.364 1275.11
-75.8559 162.72 1482.81
-71.4788 -88.5421 1356.67
176.986 -422.865 1072.1
-307.793 -462.473 1107.6
-72.8845 -219.023 1275.12
-75.8925 162.845 1481.64
-72.2367 -87.9761 1358.26
174.735 -425.758 1077.64
-307.479 -459.861 1106.1
-74.1573 -220.246 1279.4
-75.7234 163.366 1480.66
-73.2571 -85.2359 1364.44
171.117 -432.608 1081.42
-306.013 -451.539 1109.29
-74.7896 -220.68 1281.21
-75.2552 164.159 1479.88
-74.0611 -83.9696 1366.07
170.733 -410.881 1103.15
-306.04 -450.9 1109.8
-70.7542 -224.75 1286.4
-74.7685 164.595 1479.42
-73.4726 -83.4783 1364.92
167.852 -400.54 1110.15
-167.266 -454.131 1086.26
-70.0707 -225.075 1286.08
-74.5467 165.007 1478.76
-73.066 -82.6435 1363.91
169.823 -400.922 1115.39
-292.729 -446.764 1113.69
-70.634 -224.5 1283.92
-74.2442 165.356 1478.08
-71.7877 -82.1416 1362.87
169.091 -397.434 1120.93
-250.92 -450.329 1102.91
-74.2788 -231.789 1294.75
-73.7685 165.713 1477.77
-71.8209 -82.9212 1364.05
172.052 -397.035 1109.89
-304.205 -453.413 1115.9
-73.2324 -232.252 1291.96
-73.4282 165.475 1477.45
-71.7882 -84.2242 1364.88
173.732 -395.545 1104.72
-304.547 -452.096 1115.55
-73.7009 -233.203 1290.06
-73.1811 165.321 1477.09
-71.5693 -84.4588 1365.9
177.907 -394.77 1105.36
-234.309 -446.453 1107.95
-77.5664 -235.105 1289.05
-72.7416 165.165 1476.47
-72.0236 -84.1372 1366.78
178.381 -388.833 1093.69
-297.764 -445.072 1112.83
-76.4836 -234.839 1291.93
-72.3081 164.785 1476.28
-74.7168 -83.7103 1372.68
181.358 -375.241 1077.33
-244.914 -445.773 1105.75
-73.7916 -234.527 1297.82
-71.6539 163.884 1476.45
-73.5586 -86.5076 1388.37
185.581 -377.239 1018.23
-239.096 -442.333 1110.24
-71.8102 -233.494 1292.65
-70.8995 163.007 1477.26
-72.3205 -85.61 1379.7
181.385 -365.402 958.386
-164.993 -444.643 1088.39
-70.8018 -231.321 1288.3
-70.3924 163.026 1477.73
-71.1481 -85.705 1378.75
165.764 -341.685 882.907
-297.71 -444.12 1121.23
-68.4358 -223.282 1283.04
-70.0322 163.123 1478.52
-68.1051 -85.75 1377.08
117.557 -313.575 827.872
-304.233 -449.587 1113.67
-65.2782 -216.716 1279.52
-69.7862 163.144 1479.43
-62.688 -86.9145 1374.98
158.463 -259.778 846.202
-304.878 -449.207 1109.37
-66.9709 -216.273 1280.42
-69.6109 162.932 1480.69
-65.2078 -86.5371 1374.24
153.325 -224.945 823.873
-304.981 -447.763 1104.15
-68.8814 -215.495 1281.74
-69.5002 162.603 1481.94
-68.9901 -89.2048 1379.14
161.509 -174.373 805.115
-303.057 -421.793 1132.51
-65.2764 -212.59 1276.98
-69.581 162.295 1482.83
-67.5472 -91.099 1373.41
167.705 -168.71 796.94
-299.368 -435.197 1125.28
-62.8032 -218.466 1280.59
-69.5582 162.559 1484.03
-65.6701 -90.3582 1371.86
142.002 -86.1576 816.434
-303.588 -441.9 1130.09
-55.9063 -223.424 1272.83
-69.8399 162.431 1485.42
-54.7881 -91.0365 1352.41
121.49 -35.8748 856.93
-302.913 -442.827 1133.57
-53.6339 -225.799 1268.53
-70.5918 162.153 1486.27
-53.3721 -91.1785 1341.4
139.219 0.138106 869.267
-298.559 -447.93 1131.38
-53.3741 -227.604 1266.59
-71.4212 162.253 1486.95
-52.372 -91.9459 1334.65
148.236 36.775 864.305
-303.711 -449.305 1130.29
-52.196 -227.961 1265.99
-72.5582 162.512 1488.18
-49.6946 -91.1649 1332.43
144.516 65.7889 895.886
-278.043 -453.15 1128.57
-47.8538 -223.842 1268.61
-73.8048 163.288 1489.2
-40.2211 -82.1543 1337.58
150.483 98.4884 922.014
-305.629 -453.227 1128.26
-47.5104 -218.903 1276.1
-74.8647 164.494 1489.49
-38.7312 -83.3693 1346.14
140.785 122.458 945.177
-298.912 -443.21 1140.51
-49.4238 -208.342 1272.17
-75.4138 165.768 1489.6
-37.4905 -83.2965 1344.01
143.179 152.935 964.868
-302.329 -435.919 1129.8
-50.997 -197.09 1282.46
-75.9511 166.827 1489.88
-35.0406 -81.199 1348.68
141.393 163.822 994.526
-293.718 -422.783 1134.49
-41.0042 -184.669 1283.51
-75.6712 168.166 1490.52
-12.9542 -69.9295 1346.32
141.867 187.881 1019.72
-302.809 -422.306 1130.9
-32.6561 -194.441 1300.26
-74.5595 169.738 1491.7
-7.67541 -67.1778 1346.57
137.315 212.744 1055.3
-295.04 -406.2 1145.21
-36.4223 -192.848 1298.35
-73.8404 173.801 1493.49
-12.0484 -58.7466 1335.25
137.635 234.76 1077.04
-298.328 -394.411 1160.74
-43.6083 -193.637 1309.23
-72.7348 173.764 1492.97
-9.47613 -55.035 1332.15
132.336 242.895 1102.96
-300.142 -390.195 1161.62
-47.028 -178.578 1312.32
-71.5257 174.407 1492.16
-12.0403 -44.4909 1327.71
136.112 250.539 1132.59
-268.376 -419.632 1159.74
-50.3201 -176.902 1310.31
-70.1348 175.316 1491.29
-14.4686 -44.7077 1329.31
133.71 255.488 1151.45
-268.538 -404.737 1173.18
-54.8016 -168.305 1320.11
-69.6779 176.106 1490.29
-16.1309 -45.2507 1330.09
134.189 248.947 1176.74
-217.113 -339.483 1207.13
-64.2608 -179.82 1323.09
-68.1664 177.807 1488.01
-40.7376 -57.3326 1350.77
132.022 243.525 1193.61
-175.298 -443.726 1103.45
-62.8311 -215.268 1307.2
-63.3503 177.726 1480.99
-44.6213 -63.2379 1347.57
134.71 230.488 1214.42
-298.345 -395.702 1148.75
-56.6585 -221.71 1318.97
-64.5449 176.962 1482.62
-48.5126 -67.5073 1351.53
133.212 223.923 1207.01
-295.049 -418.957 1148.92
-59.126 -223.321 1321.08
-64.8837 177.297 1483.24
-53.4241 -68.7486 1356.51
131.666 213.277 1205.12
-225.051 -395.21 1157.73
-59.6208 -225.721 1321.39
-65.2232 177.182 1482.54
-54.308 -70.9184 1357.41
133.382 202.103 1196.61
-296.057 -418.656 1138.84
-61.9232 -224.59 1310.99
-65.0799 176.739 1482.42
-53.9314 -71.8176 1357.64
128.863 204.677 1180.66
-195.626 -356.696 1199.49
-59.5059 -218.613 1310.03
-64.1358 176.948 1481.6
-46.1479 -65.1625 1362.5
127.539 203.016 1167.26
-204.901 -365.377 1197.23
-54.3998 -201.967 1302.11
-63.9409 177.53 1481.89
-37.7601 -60.6224 1362.16
126.444 204.675 1148.6
-291.904 -382.588 1167.11
-53.2595 -182.053 1301.18
-62.9099 178.007 1481.92
-36.7506 -60.4472 1364.2
125.892 199.961 1125.73
-289.834 -406.097 1151.05
-53.4243 -191.332 1296.98
-62.9039 177.592 1481.59
-42.4605 -64.749 1362.87
126.967 193.17 1087.15
-289.985 -417.795 1152.63
-54.9892 -201.441 1293.47
-62.7226 177.205 1481.27
-49.9524 -77.1725 1362.4
123.803 180.194 1049.53
-281.294 -419.286 1154.43
-54.7034 -204.16 1290.48
-62.6846 176.975 1481.2
-50.8138 -74.8384 1361.34
125.336 171.539 1006.5
-275.401 -423.992 1158.79
-55.5943 -211.815 1288.06
-63.3526 176.701 1481.31
-55.8146 -84.9854 1357.76
124.216 141.865 965.132
-283.65 -425.823 1149.3
-54.7146 -216.81 1287.08
-64.6276 175.923 1481.34
-56.5538 -88.7155 1356.5
124.779 108.961 933.821
-284.665 -427.791 1155.63
-54.5524 -224.801 1286.81
-67.7327 174.438 1481.72
-59.522 -92.2078 1354.37
127.727 69.9479 905.645
-268.781 -425.452 1160.72
-50.77 -231.421 1276.03
-69.1089 173.078 1481.26
-55.1024 -97.2524 1331.49
139.94 30.6312 871.613
-286.229 -412.114 1157.54
-50.5975 -242.891 1260.4
-71.5777 169.874 1481.18
-53.2952 -103.519 1309.33
141.39 -4.71102 863.173
-287.178 -415.849 1149.01
-50.157 -237.944 1249.37
-71.7995 168.777 1480.83
-52.2163 -100.304 1305.99
134.523 -46.1704 859.844
-293.959 -408.286 1140.69
-52.1596 -234.965 1245.8
-72.3943 167.751 1481.25
-54.2294 -98.2988 1303.13
142.965 -88.6987 856.292
-301.624 -394.617 1142.44
-56.7499 -226.668 1253.19
-73.2154 166.946 1482.02
-58.2909 -90.6157 1314.56
141.937 -120.938 851.892
-305.735 -398.913 1138.52
-61.6109 -225.866 1259.82
-74.0293 166.078 1482.32
-63.914 -92.0695 1320.93
144.506 -160.722 821.905
-300.568 -401.225 1140.48
-60.2414 -228.251 1256.91
-74.2526 164.849 1482.28
-63.239 -92.7337 1315.91
141.207 -193.631 817.902
-223.654 -478.979 1076.74
-64.7246 -232.127 1261.54
-74.4933 163.577 1482.17
-66.2999 -92.8057 1320.23
138.929 -236.732 817.349
-174.994 -464.607 1059.23
-65.7118 -232.215 1264.57
-74.4509 162.627 1481.96
-66.3222 -90.4784 1325.44
155.279 -284.806 842.734
-171.217 -449.451 1061.98
-65.017 -233.526 1266.02
-74.0851 161.487 1481.5
-65.7322 -93.64 1327.48
151.289 -313.227 866.68
-166.548 -441.855 1067.52
-63.3962 -232.383 1265.07
-73.9461 160.719 1481.18
-64.6136 -95.3881 1328.54
162.53 -345.315 901.655
-309.662 -479.984 1065.17
-64.4882 -233.102 1264.49
-74.2664 160.295 1480.52
-63.7795 -95.6676 1328.37
166.142 -368.143 939.083
-234.335 -448.287 1074.67
-64.37 -233.434 1263.37
-74.5275 159.4 1479.74
-61.5881 -97.0217 1329.2
174.111 -381.094 991.538
-309.174 -446.717 1088.92
-64.787 -235.947 1265.11
-74.6245 159.105 1478.8
-61.2498 -98.4668 1331.12
177.982 -400.769 1023.12
-300.931 -443.232 1089.84
-67.8045 -235.422 1268.56
-74.8096 159.115 1477.97
-65.9339 -96.7898 1338.03
174.733 -408.79 1047.08
-301.583 -440.371 1097.92
-70.4208 -228.446 1268.38
-74.2786 159.161 1477.25
-71.4853 -92.4015 1345.99
167.676 -416.434 1061.11
-305.708 -437.505 1105.87
-73.0202 -226.235 1270.25
-73.775 159.137 1476.51
-74.4058 -89.3296 1354.52
187.098 -424.686 1066.34
-304.103 -435.908 1112.5
-72.7231 -223.335 1273.58
-73.6855 159.362 1475.57
-75.0762 -87.7836 1359.57
175.726 -404.046 1095.19
-283.426 -435.552 1119.8
-71.5351 -222.188 1280.09
-73.1085 159.688 1474.68
-75.1656 -85.846 1363.19
160.97 -406.665 1095.22
-303.404 -435.329 1115.44
-71.0064 -222.982 1282.69
-72.6176 160.104 1474.01
-74.8421 -85.4941 1362.55
159.677 -405.095 1099.08
-293.268 -423.715 1120.37
-69.541 -223.318 1288.14
-71.7948 160.431 1473.46
-73.9062 -84.3621 1363.99
159.198 -398.744 1104.71
-302.663 -436.708 1114.3
-69.1056 -223.716 1287.35
-71.0259 160.641 1473.43
-72.8675 -84.6114 1364.79
160.218 -400.668 1104.7
-278.528 -427.693 1113.13
-69.5175 -225.391 1285.56
-70.4979 160.686 1473.2
-72.6867 -85.5412 1365.41
167.764 -403.148 1101.68
-265.423 -432.728 1103.62
-69.899 -226.291 1285.25
-70.1111 160.234 1472.95
-73.1448 -86.3442 1366.52
164.904 -397.192 1104.74
-302.768 -438.202 1104.39
-72.0029 -225.469 1285.31
-69.5704 160.131 1472.52
-73.594 -86.9692 1367.5
167.741 -398.215 1104.47
-271.996 -446.391 1097.44
-71.0928 -222.511 1284.78
-69.2914 160.101 1471.95
-72.7256 -87.5142 1369.94
173.362 -388.661 1088.12
-287.112 -445.719 1105.74
-70.9045 -221.558 1283.49
-69.1325 160.539 1471.5
-73.1105 -87.3022 1370.74
180.924 -391.177 1054.29
-271.754 -449.585 1103.53
-70.4024 -223.736 1284.38
-69.1106 160.829 1471.4
-73.2206 -87.0026 1371.34
187.161 -377.719 1024.98
-274.098 -443.299 1108.09
-70.4068 -228.081 1278.57
-68.8934 160.608 1471.18
-72.8822 -93.7933 1363.49
187.093 -370.133 996.478
-270.51 -434.745 1125.57
-65.088 -233.459 1272.56
-68.9041 160.348 1470.57
-63.6733 -97.6087 1356.46
181.401 -345.201 962.917
-267.551 -444.165 1107.46
-63.7468 -236.619 1269.45
-69.1417 159.745 1469.98
-60.795 -99.5955 1351.89
186.28 -297.814 972.201
-273.769 -446.351 1106.65
-62.8192 -237.423 1269.45
-68.8508 159.334 1470.27
-59.8553 -99.1765 1351.47
165.935 -282.26 876.581
-303.708 -447.312 1113.51
-64.9304 -234.659 1274.01
-69.3205 159.327 1470.36
-64.0695 -95.6391 1359.4
187.051 -286.191 940.391
-303.317 -444.515 1116.49
-63.5544 -236.079 1274.02
-69.94 159.096 1470.94
-61.8897 -99.1807 1357.44
182.968 -256.262 908.301
-305.291 -449.428 1113.5
-62.7661 -237.209 1273.45
-70.0479 158.581 1471.73
-61.5991 -99.708 1356.25
166.47 -170.439 773.219
-277.753 -454.17 1108.09
-46.5537 -242.136 1274.26
-70.2741 158.281 1472.37
-53.3238 -100.065 1345.08
165.417 -143.783 778.996
-162.294 -459.569 1086.75
-43.3647 -228.532 1273.51
-70.7563 158.358 1473.75
-48.2537 -88.3243 1345.65
144.266 -90.7934 803.768
-298.117 -466.013 1117.17
-46.9049 -229.697 1268.22
-71.1302 158.355 1474.56
-50.9364 -86.2871 1332.73
133.214 -58.0874 842.951
-240.571 -454.955 1114.27
-53.7218 -232.226 1269.43
-71.7724 158.389 1475.17
-52.4877 -84.4133 1324.5
165.97 -31.0703 827.926
-298.644 -457.152 1120.54
-50.0002 -233.209 1267.01
-72.7854 157.891 1475.27
-50.8695 -85.9798 1321.79
162.729 3.87999 841.875
-273.895 -445.667 1118.54
-47.8839 -223.035 1265.17
-73.9274 157.665 1475.49
-48.0625 -82.2916 1321.61
165.114 38.3934 871.699
-301.857 -413.296 1142.84
-47.1727 -209.815 1261.55
-74.7911 159.013 1476.39
-46.2224 -78.7229 1325.34
157.21 74.1595 876.155
-299.234 -401.702 1160.27
-47.2282 -210.384 1262.57
-75.381 160.745 1477.04
-44.8862 -77.2676 1324.69
164.39 93.0669 916.886
-299.087 -391.814 1161.81
-45.3123 -207.728 1268.47
-75.6464 162.234 1476.94
-40.2111 -73.8411 1331.02
153.095 102.261 952.591
-297.241 -378.388 1168.64
-52.177 -213.134 1277.7
-75.7706 163.574 1476.51
-42.6073 -76.1201 1335.09
180.808 153.492 931.773
-297.412 -366.075 1164.25
-55.26 -217.289 1281.1
-76.3718 164.606 1475.43
-40.2788 -74.8489 1337.63
149.446 164.451 976.984
-295.687 -359.337 1165.46
-54.0732 -222.059 1290.43
-76.073 165.938 1475.83
-41.9538 -75.593 1340.83
146.302 185.757 1014.41
-295.735 -364.774 1146.34
-52.7738 -221.479 1295.09
-73.5268 173.231 1476.4
-41.1937 -75.1855 1345.97
144.76 203.537 1045.39
-298.617 -358.621 1147.94
-50.0299 -221.326 1298.45
-73.3882 171.236 1476.29
-37.5579 -75.5342 1348.25
140.434 221.106 1078.38
-296.226 -365.931 1138.46
-46.4877 -205.365 1303.81
-73.6564 172.36 1476.26
-34.7774 -62.1458 1353.45
139.799 243.816 1118.81
-295.412 -380.058 1127.2
-54.5093 -204.098 1310.76
-73.4524 173.174 1475.98
-34.8291 -57.5785 1355.01
137.644 248.497 1143.41
-295.195 -376.833 1134.71
-51.4343 -202.906 1309.31
-72.7927 174.351 1475.91
-24.8715 -49.4572 1349.34
142.712 252.034 1166.05
-298.942 -392.297 1131.93
-50.5355 -208.581 1311.41
-72.26 175.777 1475.39
-27.7938 -53.8877 1351.33
139.962 241.67 1194.64
-286.698 -416.49 1117.7
-49.534 -210.423 1306.58
-71.2634 177.478 1474.47
-34.8968 -51.223 1350.91
139.007 229.205 1217.31
-287.249 -418.054 1100.09
-42.5034 -252.106 1337.52
-70.4729 178.132 1473.69
-39.5014 -68.7451 1350.34
142.674 228.338 1193.19
-251.065 -427.027 1135.43
-46.1878 -255.887 1338.39
-67.1019 179.401 1469.49
-46.9775 -77.4957 1352
136.399 222.397 1209.72
-230.827 -395.894 1156.18
-46.973 -257.976 1337.87
-65.3987 178.51 1468.1
-48.7806 -82.0893 1349.72
148.588 87.9272 1124.57
-306.221 -448.749 1114.91
-46.8568 -257.98 1339.78
-65.7763 176.863 1467.65
-48.9363 -82.6701 1351.31
166.468 97.2228 1129.8
-261.559 -374.158 1160.37
-45.7186 -254.389 1344.92
-66.1678 176.388 1468.51
-47.662 -77.225 1358.23
142.932 213.179 1235.44
-305.795 -448.335 1113.71
-47.9836 -248.995 1343.37
-65.8679 177.658 1469.52
-47.9426 -72.6671 1359.95
143.095 218.028 1240.38
-306.543 -456.616 1106.81
-49.8796 -246.357 1339.36
-66.1296 177.942 1470.39
-48.9048 -73.9876 1358.5
142.943 209.758 1232.75
-307.034 -455.327 1108.2
-55.4837 -237.375 1344.18
-65.5879 177.904 1470.14
-49.1625 -75.575 1358.42
148.341 214.85 1236.44
-286.516 -402.68 1135.8
-72.5142 -227.536 1328.89
-65.153 177.576 1469.25
-47.5663 -76.9657 1359.58
138.111 180.799 1247.54
-289.712 -364.437 1116.05
-73.763 -225.44 1329.16
-64.1039 177.402 1468.25
-47.1514 -78.5499 1359.01
137.529 174.377 1227.22
-289.241 -367 1109.78
-59.8733 -211.45 1286.56
-62.2727 177.365 1466.78
-47.477 -86.191 1359.09
137.636 194.383 1127.78
-287.496 -382.963 1192.65
-59.6526 -200.327 1295.9
-60.9062 177.647 1467.18
-50.9226 -75.0402 1369.47
142.553 205.316 1112.41
-287.117 -378.547 1191.09
-50.4961 -200.492 1290.98
-60.6526 177.285 1467.59
-32.7719 -69.4481 1359.18
145.935 185.119 1089.45
-292.33 -335.133 1203.74
-42.1406 -200.626 1289.64
-60.5756 177.103 1468.24
-19.5731 -64.1518 1346.6
142.641 182.99 1059.6
-295.848 -346.411 1190.73
-49.1259 -207.031 1299.61
-60.0266 177.296 1468.74
-32.8913 -68.6401 1352.3
137.024 172.756 1030.21
-282.516 -309.958 1323.43
-46.4472 -205.99 1282.5
-59.3789 178.278 1469
-34.4851 -68.9675 1354.8
138.409 166.163 982.338
-287.343 -320.751 1354.56
-54.9822 -218.563 1269.27
-62.3161 178.172 1470.53
-45.3929 -79.5115 1346.4
139.968 124.635 954.838
-288.634 -308.864 1378.05
-52.4266 -222.408 1268.17
-62.8713 177.62 1469.62
-49.4914 -86.5705 1349.14
139.76 93.2806 919.687
-297.401 -310.16 1412.76
-53.4421 -223.539 1266.32
-63.8653 176.707 1468.9
-49.4021 -91.6129 1344.57
138.471 59.6246 890.974
-294.951 -316.949 1388.33
-53.0941 -223.813 1259.74
-65.3663 175.854 1468.9
-53.3977 -95.0694 1344.53
140.674 18.746 874.519
-301.448 -412.739 1137.36
-55.9359 -227.254 1262.01
-69.4241 173.448 1469.3
-57.4948 -96.8457 1342.76
151.793 -14.6335 844.215
-301.773 -414.773 1137.69
-52.7938 -225.532 1256.94
-69.2025 172.734 1469.72
-54.8476 -88.8878 1326.18
143.916 -46.6045 837.479
-301.237 -421.904 1134.18
-55.4591 -225.451 1245.72
-69.0946 171.162 1470.55
-56.8087 -88.4227 1303.68
145.223 -82.591 838.076
-305.392 -427.865 1121.61
-57.4545 -225.153 1244.23
-70.17 168.338 1472.45
-59.6315 -87.2964 1303.18
138.605 -117.141 817.298
-305.868 -426.859 1117.58
-58.5004 -225.934 1246
-69.5075 167.248 1471.97
-60.6554 -89.5737 1308.24
158.55 -154.831 803.54
-305.03 -421.117 1120.17
-62.334 -229.499 1260.11
-69.3619 165.591 1471.02
-67.7258 -95.4279 1335.52
192.654 -215.057 892.055
-299.883 -438.118 1116.68
-62.0226 -229.301 1266.94
-69.656 164.491 1470.66
-67.363 -95.1751 1348.84
116.074 -238.648 816.704
-306.311 -445.264 1111.9
-61.8529 -229.109 1269.65
-69.7677 163.636 1470.35
-66.0022 -94.5564 1354.05
154.105 -272.427 827.709
-299.464 -450.182 1112.37
-61.4595 -228.751 1270.59
-69.9898 162.805 1470.5
-63.7191 -94.225 1356.58
157.32 -306.511 858.772
-291.912 -448.419 1108.7
-61.4739 -228.493 1270.56
-69.8921 162.039 1470.9
-61.9483 -93.8542 1356.17
169.002 -335.929 894.48
-282.864 -442.987 1104.68
-60.95 -228.594 1269.49
-69.8457 161.483 1472.03
-59.4002 -93.8422 1352.76
176.557 -362.63 931.367
-305.649 -443.962 1106.74
-60.7101 -229.147 1266.53
-69.6378 161.321 1472.34
-57.6032 -94.489 1346.47
177.298 -376.341 961.953
-306.702 -445.065 1102.38
-61.5876 -230.76 1263.85
-69.7672 160.857 1471.98
-58.2784 -96.497 1341.56
181.769 -383.262 995.273
-299.559 -445.865 1097.88
-64.3393 -233.683 1258.1
-69.9382 160.52 1471.75
-63.93 -101.264 1330.25
175.529 -399.599 1027.27
-299.507 -440.308 1099.63
-65.5218 -236.136 1260.5
-69.8968 159.927 1471.05
-65.2506 -99.037 1329.18
176.665 -408.297 1048.15
-284.158 -438.987 1088.85
-67.9197 -238.342 1264.74
-70.6138 158.803 1470.37
-66.1986 -97.6628 1331.28
177.16 -416.083 1067.95
-259.333 -432.713 1082.64
-68.4332 -239.108 1271.44
-70.9878 158.81 1469.92
-69.1135 -96.7314 1345.47
174.937 -410.79 1093.08
-248.547 -430.484 1087.13
-71.1023 -236.071 1278.37
-71.1072 159.195 1469.44
-74.9802 -94.5496 1362.22
170.664 -417.795 1093.64
-303.919 -429.737 1108.56
-70.3878 -231.137 1278.91
-71.1265 159.822 1469.59
-74.2371 -94.3661 1363.71
167.825 -412.955 1098.15
-303.256 -427.605 1109.74
-66.6289 -219.465 1279.95
-70.7848 160.688 1469.67
-73.7982 -90.8008 1368.89
168.388 -409.901 1092.55
-292.583 -425.38 1125.72
-67.7836 -219.953 1280.77
-70.7197 161.579 1469.32
-73.4639 -87.237 1370.57
169.386 -406.461 1093.61
-295.443 -427.715 1124.05
-66.2903 -217.913 1285.22
-70.3236 162.406 1469.09
-71.9783 -81.5192 1374.21
169.995 -398.834 1090.6
-295.407 -434.436 1125.85
-66.1777 -218.658 1286.57
-69.6958 162.717 1468.98
-70.803 -82.6722 1373.55
171.4 -398.324 1086.3
-303.887 -439.133 1121.87
-65.4176 -216.141 1283.95
-69.2843 162.815 1468.85
-70.0151 -80.6555 1372.36
172.751 -395.905 1086.21
-298.176 -442.769 1120.62];