d33 = [-118.831 155.606 1500.91
-98.8841 -62.7863 1350.19
94.7195 -55.9017 800.677
-230.502 -147.154 836.077
-119.116 155.1 1502.25
-90.5149 -40.5927 1253.5
89.5814 -56.0848 829.237
-217.589 -94.9817 804.992
-119.436 153.693 1503.76
-90.2679 -47.2831 1247.78
83.7665 -44.67 844.038
-210.844 -61.1707 797.425
-120.008 152.728 1503.97
-88.2576 -57.9931 1236.41
79.0162 -44.5933 842.021
-204.01 -33.0745 803.359
-120.095 152.688 1504.35
-77.7723 -46.9337 1225.84
68.3353 -30.5594 844.433
-192.482 -5.94706 801.069
-119.537 152.629 1504.16
-78.326 -43.0534 1226.59
56.5088 -22.9526 844.471
-173.446 28.2669 798.045
-119.483 151.696 1496.69
-78.3373 -37.8751 1230.39
48.8402 -10.724 845.284
-80.3247 -42.6227 794.803
-120.095 151.686 1498.21
-77.8661 -32.6772 1227.3
-97.1148 -32.7732 852.759
-89.9216 -33.9673 812.992
-102.022 166.555 1477
-78.3813 -29.9837 1225.03
-174.54 5.14731 851.946
22.8214 53.4029 804.814
-99.4823 176.205 1475.85
-78.2041 -26.5443 1222.66
-201.239 -23.0582 967.842
-153.268 59.9765 815.957
-103.44 169.892 1477.69
-81.4387 -15.5946 1222.28
-201.416 -10.8282 978.677
-150.296 59.7184 815.89
-102.587 176.89 1482.24
-80.6667 -12.4835 1217.83
-204.96 -95.3788 977.426
-158.568 53.6929 811.928
-108.151 168.989 1488.04
-80.3082 -9.29269 1217.6
-212.878 -90.8894 976.347
-145.733 53.4999 812.508
-101.739 174.174 1483.44
-80.4916 -7.38048 1213.79
-193.455 -10.315 991.245
-118.579 47.8353 817.763
-97.7186 176.722 1479.62
-80.9624 -6.0435 1207.98
-191.941 -8.67408 998.531
-107.068 67.0111 803.264
-94.7952 179.323 1478.24
-81.0178 -4.46806 1205.28
-187.834 -8.4487 998.543
-14.0708 58.1883 795.198
-97.1705 177.401 1480.15
-81.1322 -2.78664 1203.02
-189.107 -17.5616 1009.9
-19.6653 57.7379 790.954
-94.0511 179.566 1479.5
-81.1788 -0.689019 1198.11
-186.12 -17.5139 1014.22
-16.215 54.3141 784.231
-94.6885 176.903 1479.64
-83.5614 3.12234 1177.56
-191.712 -9.18836 1008.86
-47.7804 4.32082 748.659
-96.9537 174.267 1481.48
-88.1987 -2.28449 1170.9
-193.278 -12.4467 1006.76
5.23226 47.7058 787.622
-96.868 174.477 1481.69
-87.5825 -2.30107 1170.59
-193.473 -12.5467 1008.76
13.0223 48.564 783.771
-94.3283 175.764 1481.21
-86.204 -0.995261 1177.11
-199.941 -6.54066 966.07
19.3284 32.2927 799.105
-95.28 173.67 1481.87
-84.5146 -1.25359 1185.03
-204.721 26.7125 847.191
28.5483 21.8132 808.248
-95.5253 172.781 1481.98
-82.9364 -1.69954 1191.98
-198.802 11.0743 847.396
41.8119 17.2182 820.824
-93.5854 171.569 1480.9
-81.6384 -1.88179 1197.83
-202.53 13.2349 838.622
44.2189 19.3013 818.186
-94.5933 168.578 1481.2
-79.8614 -2.78309 1203.46
-211.179 7.34669 830.258
50.2841 11.744 830.458
-97.0339 166.854 1482.11
-77.5345 -3.73434 1213.51
-211.257 -0.895876 821.662
52.6179 8.90224 839.724
-99.9202 163.095 1481.84
-75.8869 -4.71546 1221.89
-230.03 -24.2827 905.764
-102.174 -28.4403 886.576
-107.841 159.445 1489.58
-67.6413 13.63 1262.08
-231.391 -5.47534 933.202
34.6935 -11.1057 805.461
-107.141 160.672 1488.71
-66.6111 9.32697 1257.95
-240.161 -7.84222 843.604
-188.793 4.22428 795.535
-106.892 159.945 1487.71
-66.3996 -12.427 1249.98
-220.755 11.9545 834.917
11.8255 -1.46782 787.875
-109.721 158.382 1487.47
-68.4639 -21.2725 1249.28
-222.98 9.63244 848.28
51.8474 -13.7993 800.823
-107.666 160.026 1485.56
-62.4099 -17.5229 1253.41
-218.096 7.35175 831.28
60.161 -7.53576 802.828
-108.011 160.283 1485.32
-59.4161 -14.3276 1258.47
-222.985 2.95826 827.782
60.9052 -1.14591 805.384
-109.099 159.757 1486.55
-67.8086 -14.9991 1263.34
-219.716 9.64955 821.983
64.8316 -8.12506 809.405
-111.366 158.168 1486.7
-68.2631 -12.6856 1248
-216.632 0.980425 828.173
66.5969 -1.9639 804.339
-110.774 159.13 1485.84
-68.4243 -12.1785 1245.96
-215.757 -1.01936 830.626
65.19 -4.76638 806.318
-110.893 158.847 1485.79
-79.701 -7.03624 1204.54
-212.556 -1.26524 842.465
-237.731 -95.3203 1453.16
-111.617 156.909 1484.74
-78.7825 -4.45056 1203.69
-204.771 -8.56773 845.415
-139.186 -58.8148 1414.56
-112.961 155.493 1484.15
-78.2593 -4.31865 1205.63
-213.162 -3.34286 846.778
70.6376 9.78933 778.293
-114.198 155.009 1483.97
-77.5767 -8.12823 1227.48
-216.11 1.54806 835.294
68.3324 -34.6171 817.774
-115.579 154.561 1483.81
-72.2778 -20.5724 1231.71
-210.851 5.25162 839.259
65.2185 -44.1928 815.53
-116.923 153.17 1482.78
-69.0876 -25.7232 1232.41
-141.629 -1.60077 828.053
72.3717 -34.1222 811.599
-117.797 151.8 1481.9
-74.3001 -32.4113 1245.64
-210.868 13.5542 818.908
68.2089 -46.0174 825.913
-118.86 151.253 1481.71
-72.6275 -35.5186 1249.45
-217.621 16.783 811.103
74.5139 -44.7464 833.005
-119.754 151.2 1481.58
-74.4492 -27.034 1253.76
-217.347 9.27953 804.21
75.0978 -32.4753 839.509
-120.197 151.476 1481.4
-72.8926 -29.6847 1249.72
-221.067 11.9267 801.542
76.9577 -27.4382 837.16
-120.849 151.346 1481.4
-72.6258 -17.3367 1259.72
-207.668 31.9564 799.523
67.9984 -45.0068 838.29
-120.449 151.312 1483.06
-74.1758 -16.4729 1265.69
-155.57 31.5322 799.548
-232.884 -39.3522 833.592
-120.282 150.485 1482.07
-70.0256 -14.5469 1277.33
-100.086 11.488 792.116
-231.1 -23.8377 824.237
-120.043 150.925 1482.88
-67.464 -12.8038 1283.18
87.5921 50.0379 789.658
-223.069 -22.3304 829.664
-119.642 152.379 1481.81
-77.302 -17.3589 1291.13
93.2437 53.2976 793.632
-220.625 -26.1185 830.204
-119.78 153.373 1481.92
-80.2589 -22.9972 1297.36
102.944 64.1462 800.891
-220.31 -30.8475 824.586
-119.712 154.573 1481.51
-77.4633 -22.9443 1292.33
103.292 73.0339 797.572
-217.149 -32.2888 828.686
-118.036 158.555 1481.51
-79.6047 -24.3398 1295.02
91.5565 62.8313 792.86
-225.93 -23.6298 835.189
-117.313 160.135 1483.91
-81.2355 -24.9855 1294.9
94.1262 62.0378 806.808
-220.319 -17.4909 820.28
-117.898 159.887 1484.78
-82.9952 -22.7407 1292.34
94.1075 66.5171 811.312
-219.53 -21.1671 818.683
-118.87 160.404 1484.3
-83.3587 -22.7518 1290.24
98.1927 64.0006 809.403
-218.836 -20.0577 820.959
-118.773 165.234 1487.47
-82.0108 -21.2389 1286.92
100.519 61.8376 806.485
-216.278 -9.17366 819.608
-118.924 164.51 1487.57
-81.3034 -19.7951 1284.61
102.76 62.2102 802.643
-210.8 -9.30905 821.794
-118.338 167.208 1492.25
-81.5663 -19.9142 1284.25
102.757 68.2891 801.571
-210.867 -9.33063 821.385
-118.94 167.297 1495.2
-81.8439 -19.2449 1285.38
104.372 62.1306 797.897
-217.404 -9.81323 823.91
-118.455 166.312 1497.69
-80.9774 -23.603 1289.62
102.465 61.0715 799.633
-212.159 -12.1674 824.013
-118.173 164.74 1496.26
-82.7891 -26.9271 1296.07
112.958 70.0572 797.607
-221.109 -18.5337 822.3
-118.745 163.843 1495.12
-84.4012 -28.5658 1297.45
101.777 66.3734 800.892
-222.134 -26.4936 825.279
-118.717 163.424 1497
-80.8488 -28.3165 1284.43
101.706 67.9192 806.613
-223.641 -32.3361 817.629
-118.122 162.036 1495.74
-78.7193 -24.7264 1278.85
106.61 64.1768 806.357
-220.275 -29.3485 816.68
-117.516 155.167 1489.31
-81.0132 -24.4946 1282.97
109.686 65.3309 801.24
-218.047 -35.4673 822.745
-117.711 157.615 1489.94
-79.6677 -20.7501 1281.93
103.736 58.5894 800.802
-213.109 -31.7926 822.548
-119.58 152.568 1483.52
-75.0449 -15.7152 1266.49
92.0773 46.6957 808.426
-208.096 -25.6048 815.766
-119.375 154.646 1485.89
-73.4042 -16.2153 1260.46
84.8914 42.2775 815.385
-205.138 -23.6351 810.609
-118.929 155.309 1487.27
-74.5396 -18.722 1265.58
91.3202 46.2185 809.968
-207.707 -23.364 813.11
-118.287 156.119 1487.8
-75.6992 -21.5698 1267.66
88.1795 46.2472 809.257
-206.298 -23.3231 814.664
-117.68 156.637 1489.11
-80.805 -32.7388 1282.16
101.937 62.8047 799.514
-221.492 -29.6563 816.994
-118.126 153.689 1484.76
-84.5058 -37.2173 1291.35
103.778 64.871 799.827
-207.89 5.19096 797.455
-118.558 153.593 1482.64
-83.8565 -37.4235 1289
101.359 61.0354 803.593
-210.198 -12.0662 806.822
-118.857 152.87 1479.99
-86.4022 -37.8541 1294.46
102.446 64.0902 801.34
-233.028 -44.2725 828.364
-118.664 153.899 1480.53
-85.4852 -36.8139 1297.04
109.246 70.6017 794.183
-236.179 -48.1238 835.501
-118.604 154.547 1481.13
-84.8263 -35.2839 1297.55
112.87 79.0308 786.188
-236.727 -54.4695 841.613
-118.552 154.787 1481.75
-85.7852 -26.1902 1278.46
103.585 62.9784 784.779
-231.962 -47.2268 845.993
-118.738 154.455 1481.86
-85.1833 -22.7509 1269.9
97.8884 62.3506 793.416
-224.283 -47.1135 840.248
-119.303 153.669 1482.21
-77.499 -17.6216 1274.81
106.271 65.4422 791.955
-224.293 -47.6177 838.267
-119.321 153.299 1483.02
-74.5335 -18.3286 1272.19
109.113 66.2371 791.251
-231.402 -38.8384 833.864
-118.792 153.55 1482.75
-73.7496 -19.1595 1269.49
102.762 62.6549 792.936
-223.922 -43.0866 835.575
-119.088 152.917 1483.04
-75.0909 -24.2379 1268.92
107.915 67.2883 793.062
-160.438 -100.603 833.828
-120.124 152.311 1481.83
-78.6478 -8.27252 1270.33
108.934 63.7945 790.88
-150.344 -96.1863 830.822
-119.93 152.064 1482.06
-73.7985 -6.09151 1269.99
104.102 57.0794 795.395
-221.156 -39.764 834.773
-119.344 151.08 1482.59
-72.7657 -9.30042 1270.66
105.138 58.1752 802.322
-221.479 -45.9251 833.321
-118.968 150.333 1483.14
-68.1171 -16.9334 1278.42
110.683 58.8019 798.386
-225.805 -49.665 838.428
-118.966 149.118 1485.54
-68.742 -17.6619 1276.55
111.135 60.1429 790.109
-220.89 -44.7567 843.736
-119.115 149.443 1486.26
-73.2188 -7.82423 1280.98
98.4103 43.8476 796.843
-91.7248 -90.7154 835.647
-119.335 149.286 1486.66
-74.1683 -15.4578 1283.04
101.576 42.0709 799.606
-85.7216 -92.5181 830.39
-119.383 149.535 1486.93
-72.8427 -19.4047 1285.15
101.338 43.0257 799.396
-86.1611 -94.089 829.77
-119.055 149.284 1488.63
-68.8369 -19.8089 1281.17
108.306 41.6845 801.198
-24.0691 -90.3561 821.943
-119.22 148.892 1489.96
-68.9787 -21.5368 1279.73
110.543 40.5691 797.65
-9.55381 -89.7435 818.834
-118.758 148.743 1491.37
-68.917 -22.6965 1283.13
108.68 41.3915 792.297
-5.35587 -89.3306 841.354
-118.124 148.121 1491.29
-67.6031 -22.7126 1303.16
120.204 42.1903 791.799
1.22781 -95.0105 830.985
-118 147.737 1491.65
-69.259 -23.145 1301.07
128.206 36.2964 788.441
36.3294 -104.311 807.661
-118.012 147.745 1492.74
-66.4176 -34.7868 1298.36
134.344 38.4564 780.223
55.728 -120.725 801.101
-117.787 148.033 1493.65
-69.0941 -33.0161 1296.06
133.989 31.1449 783.308
68.2995 -127.443 795.112
-118.01 147.831 1494.37
-68.3822 -33.2566 1292.04
133.175 25.9536 780.871
72.6529 -127.838 787.378
-118.56 147.074 1494.58
-68.6367 -33.7162 1291.04
131.837 7.04616 784.196
75.3928 -133.393 785.447
-118.116 147.172 1495.44
-69.5649 -34.1835 1289.48
128.511 -2.79162 785.294
37.2928 -150.345 805.422
-117.41 147.251 1496.05
-68.6585 -35.1297 1284.17
124.13 -17.4678 786.929
-19.7556 -155.656 814.381
-116.904 147.62 1496.88
-67.4917 -38.1819 1278.86
125.095 -29.8227 787.238
-71.8166 -155.686 823.323
-115.785 148.069 1498.05
-66.9082 -40.3075 1274.53
126.1 -44.9326 783.225
-109.51 -156.816 804.64
-115.12 148.229 1499.23
-66.9248 -59.5504 1284.04
120.526 -73.4685 788.002
-201.618 -92.5324 792.401
-114.542 147.971 1500.89
-69.0669 -61.2103 1291.38
119.229 -80.3687 790.434
-202.834 -128.715 812.355
-113.61 148.044 1502.71
-68.3366 -52.2349 1313.53
119.4 -84.3995 799.198
-202.902 -153.381 810.323
-112.743 148.803 1505.55
-76.3283 -38.7885 1318.52
121.157 -103.526 815.478
-205.716 -173.492 805.205
-112.759 148.895 1507.32
-80.3266 -38.3364 1329.48
121.427 -108.256 795.416
-200.302 -175.579 793.001
-112.569 148.957 1507.19
-80.6324 -41.5176 1327.01
112.476 -129.212 796.956
-187.183 -203.844 794.317
-112.253 148.373 1506.76
-87.0153 -40.1018 1314.81
117.283 -143.343 795.258
-192.918 -236.677 825.336
-112.785 148.514 1506.53
-85.3724 -44.5856 1311.86
113.265 -163.87 803.613
-198.983 -274.336 850.706
-112.972 147.88 1506.09
-93.4671 -61.4222 1325.97
99.7898 -201.579 811.352
-202.692 -289.16 896.391
-113.059 147.224 1505.84
-100.373 -68.7368 1334.54
101.259 -217.572 821.505
-184.814 -293.836 820.259
-113.148 146.513 1505.08
-116.979 -81.9456 1326.49
90.9905 -240.176 815.867
-181.818 -301.108 810.474
-113.275 146.071 1504.31
-117.383 -82.9854 1325.91
91.3942 -256.256 820.232
-175.977 -318.403 811.705
-112.863 145.279 1503.74
-113.838 -81.5054 1331.24
91.1519 -271.582 826.806
-184.624 -325.322 810.62
-112.412 144.68 1503.15
-113.462 -81.9054 1334.79
92.3691 -287.366 834.263
-195.907 -317.406 806.903
-112.249 143.819 1502.81
-113.665 -82.4162 1335.97
90.4206 -289.938 835.164
-191.73 -313.67 811.98
-111.98 143.227 1502.83
-114.293 -84.1528 1336.61
84.8346 -292.396 832.533
-188.264 -319.658 810.36
-111.764 142.849 1501.87
-113.351 -86.1625 1339.59
89.2873 -288.268 830.721
-183.207 -312.951 813.352
-111.653 142.714 1501.16
-111.463 -85.6972 1341.7
89.9355 -285.955 833.187
-187.638 -310.557 809.27
-111.22 142.009 1500.07
-110.888 -85.1785 1340.4
89.8587 -284.503 835.168
-197.193 -307.892 793.173
-111.267 141.746 1499.44
-110.995 -84.2259 1341.52
94.9299 -283.833 834.593
-241.869 -327.475 1049.58
-111.715 140.976 1498.87
-111.381 -84.3365 1344.36
95.5118 -279.085 836.888
-193.158 -474.55 1119.26
-111.882 140.561 1498.46
-111.144 -87.3456 1362.88
93.769 -282.886 834.479
-254.513 -334.331 1025.74
-111.78 139.943 1498.87
-111.017 -88.8892 1372.54
92.5636 -282.398 837.298
-209.118 -294.406 826.579
-112.072 140.104 1499.29
-111.006 -89.9149 1377.36
93.5911 -280.417 838.386
-199.537 -298.862 828.249
-112.226 139.143 1499.24
-111.404 -90.8575 1379.15
95.3602 -278.854 839.058
-209.348 -301.627 826.235
-112.815 138.024 1498.64
-115.501 -104.45 1376.25
98.7945 -283.023 833.907
-214.456 -301.48 824.961
-112.975 137.629 1498.27
-115.656 -98.7747 1370.51
98.535 -272.504 828.694
-214.456 -316.953 828.503
-112.427 136.834 1498.11
-114.72 -96.692 1371.22
105.83 -265.239 828.481
-234.151 -327.613 828.152
-112.006 135.676 1497.87
-115.898 -100.559 1372.91
108.123 -259.383 830.465
-243.429 -339.023 837.541
-112.018 134.858 1497.77
-115.173 -100.521 1369.48
113.602 -248.909 832.056
-254.572 -349.348 849.776
-111.898 134.916 1497.04
-115.546 -102.304 1364.9
118.781 -236.985 837.975
-269.949 -353.34 876.46
-111.571 135 1496.42
-116.252 -105.598 1359.94
125.756 -227.588 843.306
-280.111 -360.582 886.3
-110.946 135.121 1496.46
-117.022 -110.254 1358.5
135.338 -224.349 850.95
-292.981 -363.789 895.711
-110.473 134.91 1496.5
-115.83 -115.237 1356.02
145.754 -218.036 850.803
-312.605 -368.003 909.409
-109.997 134.622 1496.79
-118.605 -121.8 1359.86
151.715 -215.334 856.585
-327.055 -371.227 927.402
-109.537 134.587 1496.12
-120.165 -125.415 1361.61
164.484 -213.498 853.451
-339.038 -376.448 942.503
-109.079 134.68 1495.67
-119.567 -120.268 1361.18
180.67 -204.041 855.277
-348.463 -381.406 956.363
-108.571 134.383 1495.85
-119.449 -117.773 1362.16
189.623 -195.256 852.774
-364.424 -389.249 981.327
-108.55 135.037 1495.68
-114.588 -96.4869 1361.73
207.356 -174.305 854.403
-378.447 -412.781 996.308
-108.667 134.991 1495.61
-117.948 -97.7166 1363.2
213.298 -166.894 857.525
-388.396 -415.593 1022.05
-108.934 135.469 1495.28
-120.115 -98.7936 1363.22
232.566 -161.873 857.491
-370.908 -456.148 975.921
-109.544 136.378 1494.91
-119.728 -96.0733 1361.14
240.063 -157.523 855.871
-397.944 -428.391 1072.2
-109.906 137.231 1494.33
-121.163 -97.0562 1358.91
246.484 -156.728 857.136
-398.97 -436.834 1090.77
-110.206 138.044 1493.47
-120.035 -99.7874 1358.53
253.17 -160.469 861.01
-397.462 -439.167 1107.35
-110.326 138.797 1492.69
-119.392 -101.525 1358.53
257.403 -163.669 869.246
-391.653 -448.042 1120.03
-110.335 139.665 1492.34
-119.955 -101.662 1356.63
254.576 -169.408 881.064
-395.897 -449.637 1124.22
-110.517 140.693 1492.22
-120.238 -102.439 1355.87
263.159 -165.234 883.215
-392.763 -455.021 1127.38
-110.88 141.235 1491.79
-119.912 -102.759 1356.17
271.363 -175.948 888.732
-373.724 -466.543 1134.14
-111.259 141.875 1491.2
-119.837 -105.945 1357.18
274.265 -179.373 892.282
-394.557 -459.309 1132.77
-111.493 142.403 1490.23
-123.751 -116.031 1363.83
282.565 -184.317 900.318
-397.922 -458.985 1131.52
-111.607 142.937 1488.89
-123.372 -122.892 1371.41
287.819 -185.12 895.772
-401.116 -453.231 1134.12
-111.909 143.882 1487.34
-124.366 -130.774 1360.87
293.559 -176.345 910.489
-409.476 -463.62 1127.01
-112.088 144.633 1486.13
-124.559 -131.919 1365.86
303.97 -180.32 908.428
-416.301 -462.695 1126.69
-111.847 144.945 1486.06
-123.037 -129.357 1366.97
305.09 -185.27 919.322
-419.898 -453.267 1132.59
-111.938 144.998 1485.69
-118.225 -125.107 1360.65
321.004 -190.951 902.978
-426.726 -450.273 1135.66
-111.597 144.976 1485
-119.101 -126.219 1362.65
324.45 -194.1 902.869
-432.188 -449.429 1134.49
-111.825 145.111 1484.63
-118.726 -127.659 1362.32
329.605 -196.136 912.989
-437.525 -448.39 1133.9
-111.865 145.365 1484.16
-119.571 -129.501 1361.33
332.597 -201.936 916.979
-441.053 -447.086 1130.19
-111.546 145.478 1483.3
-120.041 -129.2 1363.45
337.175 -204.479 919.577
-442.267 -444.908 1129.05
-111.643 145.49 1482.27
-118.753 -129.377 1367.13
343.412 -211.791 917.933
-443.905 -446.045 1125.26
-111.355 145.74 1481.88
-118.989 -129.234 1367.1
349.161 -220.308 915.75
-442 -443.947 1126.55
-111.495 145.746 1480.92
-117.514 -130.389 1366.61
336.204 -227.764 950.478
-442.11 -442.038 1124.12
-111.878 145.133 1479.66
-113.116 -132.41 1354.03
329.873 -237.803 963.669
-435.449 -428.779 1138.43
-112.199 144.264 1479.12
-114.553 -130.512 1359.12
306.943 -243.133 1002.14
-431.619 -432.604 1133.82
-112.44 143.319 1478.98
-114.852 -129.205 1359.69
335.115 -229.472 961.323
-428.738 -435.28 1130.2
-113.029 142.86 1478.68
-115.763 -128.684 1361.35
336.196 -232.522 959.779
-424.714 -436.115 1127.37
-112.742 142.821 1478.63
-115.962 -128.213 1362.35
336.189 -232.394 961.622
-420.893 -433.635 1128.98
-112.431 143.54 1478.04
-115.105 -124.852 1361.06
292.571 -240.139 1056.38
-418.475 -434.063 1126.25
-112.186 144.307 1478.11
-110.573 -115.994 1355.44
338.447 -228.154 953.676
-416.473 -436.118 1124.86
-111.926 144.496 1478.21
-110.948 -116.171 1357.39
343.973 -213.069 913.845
-415.443 -434.867 1116.39
-112.056 144.114 1478.41
-111.03 -118.906 1359.22
323.708 -230.112 966.976
-415.251 -435.368 1109.33
-111.927 143.759 1478.22
-111.385 -119.563 1360.69
333.726 -206.109 898.766
-414.385 -431.395 1101.96
-111.473 143.305 1478.1
-111.634 -119.27 1360.43
353.905 -207.473 913.303
-413.207 -427.29 1097.16
-111.211 142.962 1477.92
-112.251 -120.329 1360.63
318.619 -224.499 945.609
-410.182 -422.36 1094.8
-110.636 142.931 1478.41
-112.85 -120.486 1359.77
315.129 -217.728 935.43
-410.673 -420.5 1088.81
-110.407 143.264 1478.4
-112.955 -120.655 1358.23
303.264 -223.277 953.428
-408.518 -413.503 1092.19
-110.089 143.472 1478.53
-113.114 -120.381 1358.56
298.17 -219.616 953.325
-407.413 -412.956 1083.62
-109.286 143.741 1478.28
-113.236 -120.925 1359.77
297.915 -215.067 942.486
-405.316 -410.547 1077.25
-108.69 143.681 1478.29
-112.539 -121.293 1360.61
291.532 -209.144 919.99
-403.511 -405.692 1070.08
-108.275 143.324 1478.29
-112.631 -122.134 1360
295.265 -208.493 894.144
-392.09 -411.787 1153.55
-107.719 143.114 1478.49
-114.18 -123.926 1357.58
290.484 -213.206 887.41
-390.246 -410.353 1152.19
-107.625 142.15 1478.87
-114.884 -123.442 1355.78
275.376 -206.12 880.411
-390.263 -413.51 1151.73
-107.155 141.986 1478.85
-115.599 -122.782 1355.12
266.59 -205.97 877.4
-390.356 -417.33 1153.7
-106.726 141.694 1479.18
-116.514 -122.179 1357.07
252.812 -207.104 869.357
-389.059 -418.184 1141.29
-106.336 141.747 1479.18
-118.116 -121.998 1357.29
238.454 -207.785 856.104
-388.134 -413.995 1137.57
-106.139 141.468 1479.96
-119.094 -121.882 1355.98
225.053 -208.343 851.798
-369.808 -374.493 967.858
-105.878 141.333 1480.86
-118.091 -120.7 1355.24
214.548 -213.892 850.08
-359.203 -368.646 937.022
-105.284 141.48 1481.39
-116.589 -118.118 1353.53
204.659 -215.524 849.806
-346.074 -350.107 921.318
-104.998 141.458 1482.12
-115.85 -116.523 1351.79
198.256 -202.847 846.748
-325.976 -332.723 888.897
-104.661 140.951 1482.93
-115.979 -112.489 1351.92
179.385 -193.596 837.368
-301.722 -316.551 836.262
-104.586 140.918 1483.44
-111.909 -110.582 1350
169.369 -172.816 839.029
-279.33 -282.48 818.368
-104.385 141.327 1483.69
-110.613 -107.644 1345.55
157.958 -146.548 830.515
-310.293 -333.644 880.657
-104.392 141.554 1484.13
-110.592 -103.004 1341.12
131.409 -115.06 837.107
-267.573 -204.657 799.007
-104.978 141.178 1484.84
-110.236 -102.902 1339.86
103.947 -77.6431 825.953
-216.915 -167.254 846.262
-104.955 140.429 1485.96
-105.133 -102.28 1356.04
119.91 -61.097 873.55
-230.535 -142.293 846.938
-105.577 139.687 1486.34
-98.9591 -98.543 1353.27
133.229 -20.4571 855.525
-228.099 -104.582 852.059
-105.599 138.803 1486.24
-93.3249 -90.7957 1340.02
129.99 13.1966 858.914
-215.457 -62.3001 867.54
-105.764 139.127 1486.79
-93.189 -84.9848 1334.11
126.542 45.696 869.161
-213.575 -21.2012 864.305
-105.027 138.743 1485.86
-94.5875 -76.51 1331.96
125.899 93.4484 870.746
-208.012 12.744 868.381
-105.617 136.904 1489.22
-95.8506 -66.2653 1332.76
129.234 139.91 876.127
-220.493 43.043 869.032
6.24888 159.723 1196.4
-96.3451 -63.7057 1337.35
129.483 173.822 890.804
-218.726 73.3242 881.928
1.17391 164.816 1209.73
-103.873 -86.5081 1356.98
114.121 186.345 911.303
-220.328 117.822 887.356
-53.2248 205.59 1369.5
-99.1372 -95.9952 1366.11
109.615 203.126 924.728
-222.885 152.6 900.542
-72.3333 207.764 1396.49
-102.274 -100.302 1369.04
112.145 219.641 943.711
-225.043 175.844 906.872
-97.9135 197.212 1424.88
-104.551 -92.0076 1377.87
107.812 247.637 966.181
-233.14 189.495 903.09
-101.997 173.523 1434.23
-104.341 -96.1856 1379.39
117.74 259.786 962.098
-233.697 209.637 923.527
-107.29 172.003 1441.81
-104.934 -98.6618 1382.13
114.084 266.638 958.278
-234.297 207.686 939.848
-109.949 169.258 1444.14
-105.521 -99.5818 1380.23
110.396 271.197 961.468
-231.477 211.258 942.016
-85.9963 178.514 1403.48
-107.528 -98.7292 1383
113.125 267.632 961.269
-234.53 204.793 939.698
-90.7956 168.355 1417.49
-107.019 -99.4787 1383.4
116.676 265.047 958.55
-228.382 200.708 934.551
-98.9023 146.08 1413.21
-105.104 -100.746 1382.04
127.781 259.737 954.58
-233.023 203.453 926.194
-97.4305 147.754 1420.05
-103.824 -102.479 1382.71
126.253 246.965 949.887
-227.146 196.225 918.19
-95.9625 149.185 1426.11
-104.197 -103.116 1385.15
130.009 237.775 943.005
-226.216 184.867 911.063
-95.3785 137.391 1424.48
-104.162 -103.57 1384.72
133.553 227.43 935.866
-230.235 183.537 903.27
-100.347 132.997 1422.35
-106.24 -103.127 1392.17
132.665 219.582 932.083
-230.882 174.174 892.823
-113.152 156.54 1396.21
-105.379 -102.231 1388.1
142.346 201.215 928.007
-235.696 165.53 886.796
-128.129 191.799 1270.87
-105.701 -102.185 1387.7
134.732 178.654 920.48
-233.675 155.167 882.128
-116.359 194.83 1318.94
-107.629 -99.1246 1383.52
135.217 156.699 908.701
-242.789 130.207 874.935
-117.087 192.346 1334.84
-97.5307 -101.924 1371.2
127.879 130.295 899.527
-238.755 111.132 862.798
-105.794 173.169 1383.44
-90.2093 -100.869 1365.49
121.392 86.775 886.135
-238.21 83.3749 848.467
-100.521 159.401 1407.13
-86.6168 -98.342 1362.14
121.825 42.5025 870.018
-228.573 46.6107 836.219
-115.017 150.685 1446.65
-68.5509 -59.7463 1318.64
122.053 7.18766 845.096
-232.172 -47.7092 845.495
-115.401 146.255 1467.65
-76.0416 -63.5203 1317.73
119.397 -64.1485 842.735
-223.995 -105.661 833.449
-113.679 144.504 1479.97
-79.3365 -69.7246 1344.07
98.2774 -141.833 838.469
-208.259 -126.261 828.032
-111.741 143.161 1486.14
-83.5371 -74.1298 1342.91
92.6226 -179.229 835.493
-205.842 -189.916 825.247
-110.786 140.187 1489.01
-86.5384 -81.719 1346.18
75.2418 -199.768 815.935
-197.234 -240.467 819.437
-109.213 138.809 1490.01
-89.8961 -85.2546 1346.71
71.4647 -252.169 843.144
-223.76 -343.125 962.287
-107.932 138.881 1489.84
-102.494 -99.777 1360.43
88.0656 -277.688 989.13
-200.761 -334.107 876.781
-107.219 140.099 1489.17
-110.83 -104.212 1365.86
48.6245 -318.056 897.657
-199.253 -374.478 880.971
-106.784 140.309 1488.49
-114.02 -105.728 1368.78
64.7295 -344.127 1008.48
-212.045 -399.336 920.771
-106.478 140.844 1487.81
-117.151 -106.04 1370.64
74.9988 -252.285 1059.29
-222.323 -411.255 956.163
-106.346 140.805 1487.52
-119.167 -107.155 1372.91
45.8754 -380.911 1024.05
-222.085 -432.942 979.163
-106.198 140.771 1487.07
-120.706 -109.497 1371.07
46.1596 -386.13 1046.49
-223.473 -445.329 998.852
-106.424 140.551 1486.31
-121.23 -112.473 1371.8
41.4453 -396.402 1054.13
-223.967 -455.748 1020.89
-106.455 140.046 1485.71
-118.773 -114.625 1370.77
42.0429 -406.392 1066.29
-164.86 -479.99 1059.88
-106.299 140.44 1485
-118.838 -117.171 1372.27
29.7112 -422.059 1049.34
-222.833 -469.186 1043.94
-106.13 140.804 1484.18
-118.606 -119.555 1371.46
22.2757 -436.325 1044.75
-220.608 -470.774 1046.86
-105.668 141.162 1483.3
-118.32 -118.863 1369.21
20.778 -445.989 1044.42
-237.263 -457.555 1062.83
-105.23 141.49 1482.44
-119.545 -120.517 1370.53
21.3374 -439.834 1046.26
-236.879 -460.469 1065.85
-104.546 141.99 1481.44
-120.291 -121.624 1370.3
27.8874 -434.654 1052.74
-237.926 -458.444 1070.85
-103.941 143.043 1480.22
-120.088 -121.98 1370.68
45.5863 -421.051 1080.09
-236.959 -457.79 1067.94
-103.789 143.514 1479.16
-120.024 -121.789 1370.92
21.9032 -379.08 1171.09
-239.118 -455.206 1070.82
-103.639 144.501 1478.67
-119.833 -121.273 1370.27
90.3331 -369.628 1151.11
-199.53 -465.045 1079.97
-103.806 145.025 1477.6
-120.117 -123.084 1369.3
106.449 -344.797 1173.15
-237.379 -454.052 1070.72
-103.83 145.903 1476.56
-119.473 -122.654 1368.39
112.597 -360.42 1162.41
-239.375 -448.112 1067.77
-103.257 146.747 1475.52
-119.326 -122.181 1368.13
117.223 -357.353 1162.13
-245.072 -442.736 1069.21
-103.291 147.572 1474.81
-119.441 -121.845 1368.6
117.734 -315.02 1236.81
-168.716 -470.473 1079.27
-103.075 148.531 1473.59
-119.31 -121.469 1368.37
99.9323 -233.266 1353.42
-235.426 -440.468 1058.54
-103.203 150.731 1470.39
-119.651 -120.956 1368.53
116.734 -283.603 1249.36
-232.155 -437.573 1057.03
-103.429 150.884 1469.66
-119.981 -120.851 1369.33
96.686 -303.156 972.985
-233.159 -432.53 1055.8
-103.686 151.339 1468.65
-120.326 -120.416 1369.87
144.374 -262.923 971.667
-229.784 -431.028 1054.83
-104.585 152.428 1467.7
-121.635 -115.911 1385.29
172.064 -228.357 982.059
-225.724 -421.444 1055.82
-105.005 153.693 1467.17
-121.681 -117.064 1378.92
183.829 -238.879 1035.96
-305.099 -330.194 1197.91
-105.142 153.847 1466.91
-121.593 -117.732 1375.37
250.207 -180.742 1023.43
-359.335 -347.47 1226.24
-105.026 153.751 1466.56
-121.253 -118.113 1374.12
288.08 -173.44 1045.01
-355.559 -347.804 1221.04
-105.481 153.719 1466.09
-121.374 -118.459 1374.62
325.178 -151.693 1048.06
-302.562 -357.447 1206.92
-105.869 153.969 1465.09
-121.929 -117.766 1379.63
365.94 -140.692 1049.48
-261.221 -367.573 1086.5
-106.452 154.448 1463.74
-121.073 -116.307 1381.13
383.753 -130.871 1061.68
-340.164 -349.049 1155.69
-107.224 155.467 1462.69
-114.377 -111.907 1376.44
412.804 -126.85 1057.68
-190.375 -470.752 1104.27
-107.749 156.191 1461.96
-117.39 -113.009 1376.69
422.674 -115.422 1065.02
-210.332 -364.806 1070.11
-108.405 157.101 1461.38
-116.786 -109.808 1376.35
444.019 -117.038 1048.77
-172.765 -354.353 1042.27
-108.879 156.964 1460.35
-119.46 -112.1 1373.26
423.057 -88.417 1046.51
-161.115 -352.663 1043.58
-109.507 157.194 1460.01
-119.593 -119.166 1359.72
411.946 -54.5758 1042.51
-151.76 -363.433 1035.52
-110.438 156.659 1459.52
-114.339 -127.826 1346.02
400.74 -36.5476 1029.64
-147.597 -362.276 1032.46
-110.967 155.894 1459.1
-112.26 -132.393 1340.69
377.316 -0.33252 993.797
-135.026 -371.894 1053.2
-111.145 154.955 1458.47
-114.02 -130.84 1340.97
352.161 21.7112 976.285
-135.269 -373.606 1049.88
-111.178 154.227 1458.27
-115.466 -130.446 1344.39
314.684 43.495 960.012
-115.542 -373.467 1045.44
-111.513 154.558 1458.04
-116.078 -122.787 1348.72
275.913 58.1819 941.871
-117.89 -372.601 1042.6
-111.729 154.993 1457.96
-114.754 -118.635 1351.44
236.991 61.5819 918.8
-113.376 -370.487 1042.87
-112.113 155.335 1457.81
-111.296 -110.054 1353.01
186.404 61.1965 900.87
-111.382 -363.59 1045.95
-111.729 155.518 1458.14
-95.0869 -99.1193 1350.05
130.02 59.5254 900.991
-115.385 -351.661 1045.74
-111.177 156.884 1459.06
-96.7562 -95.3943 1353.78
70.2267 53.4823 891.172
-118.785 -345.556 1053.85
-111.595 158.236 1460.46
-95.5746 -86.4347 1349.3
47.3155 9.29849 915.319
-111.154 -339.914 1055.14
-113.002 159.956 1461.8
-94.5465 -77.7288 1343.19
-22.098 40.6034 868.625
-114.449 -330.844 1052.92
-113.068 160.394 1461.43
-96.9505 -80.7386 1340.88
-68.605 25.4121 873.227
-123.48 -330.022 1050.38
-111.621 161.33 1460.29
-96.3171 -83.0494 1342.69
-77.1019 -37.9949 931.629
-115.235 -337.49 1039.43
-109.885 162.635 1459.53
-96.329 -88.0428 1348.79
-130.239 -17.399 909.565
-117.479 -331.678 1036.05
-109.116 163.864 1458.95
-94.7693 -92.195 1362.18
-166.199 -13.6335 915.214
-130.342 -348.012 1043.64
-108.331 164.551 1458.62
-85.2614 -80.0495 1379.57
-113.283 -48.5911 994.631
-130.504 -359.231 1045.09
-107.748 164.393 1458.33
-82.3328 -69.3949 1396.1
-109.366 -37.3341 1013.13
-137.611 -385.252 1030.05
-106.813 163.766 1458.16
-81.0736 -65.3471 1407.44
-199.811 4.78656 979.062
-142.119 -386.256 1033.43
-106.19 163.645 1458.13
-80.1127 -62.0306 1410.19
-199.838 1.59444 985.517
-147.436 -380.456 1032.75
-105.64 163.68 1458.05
-81.5252 -60.3511 1411.9
-136.328 -24.4513 1017.89
-153.869 -385.504 1033.58
-105.816 163.191 1458.22
-81.6405 -57.9316 1409.53
-191.504 10.5791 993.462
-157.088 -382.436 1030.27
-105.985 162.63 1457.7
-81.2919 -59.1158 1409.9
-135.453 -24.872 987.017
-158.537 -382.118 1029.56
-105.507 162.781 1456.83
-81.0236 -59.2439 1408.68
-123.866 -14.3513 993.599
-157.978 -380.752 1024.55
-105.266 162.032 1456.35
-81.8155 -60.9756 1409.77
-106.106 -6.20983 998.799
-157.391 -385.135 1025.33
-105.514 161.979 1456.13
-97.2165 -98.4165 1372.48
-98.5645 -39.5627 972.756
-136.265 -341.736 1051.49
-105.599 162.117 1456.04
-98.8564 -94.9252 1360.7
-95.2476 21.3654 919.282
-136.077 -338.319 1051.81
-105.989 162.88 1457.38
-107.385 -87.7839 1350.35
-39.6777 25.8901 913.373
-139.957 -332.919 1055.66
-106.828 162.988 1457.34
-109.552 -82.9302 1349.55
8.19398 42.2386 911.695
-142.194 -334.23 1045.85
-107.791 163.333 1457.28
-112.146 -81.4638 1349.61
65.1033 51.1427 921.179
-142.719 -365.513 1047.33
-109.35 163.366 1457.08
-112.461 -85.4549 1351.77
123.657 40.1265 921.211
-142.494 -350.285 1047.21
-110.991 162.839 1456.5
-117.528 -93.6446 1354.03
174.526 46.7208 938.59
-149.576 -370.459 1042.77
-111.407 163.224 1456.53
-119.428 -97.1135 1354.85
219.323 29.7603 949.724
-150.653 -373.026 1038.93
-113.082 162.389 1456.03
-119.237 -99.4282 1354.86
259.706 7.58409 959.79
-157.87 -382.046 1036.57
-113.347 162.283 1455.42
-117.787 -100.997 1353.88
302.915 -30.1181 970.054
-171.439 -383.712 1032.21
-114.206 162.177 1454.5
-117.751 -104.118 1353.55
338.792 -64.0761 980.119
-187.566 -400.595 1031.52
-115.062 161.716 1453.72
-118.595 -111.496 1356.04
364.144 -99.3122 1014.54
-207.606 -407.451 1008.93
-117.358 162.654 1452.22
-117.719 -108.305 1355.36
383.285 -153.545 1010.1
-235.628 -403.285 1038.27
-117.645 162.858 1450.94
-122.898 -104.892 1357.86
399.375 -188.619 1029.84
-262.011 -417.989 1052
-117.74 163.199 1449.99
-122.382 -106.389 1357.11
401.503 -221.339 1057.93
-291.852 -426.071 1067.28
-117.728 163.316 1448.84
-121.796 -109.223 1349.4
407.823 -254.253 1066.94
-319.265 -430.246 1092.41
-117.933 163.478 1447.97
-121.39 -109.615 1347.92
405.625 -284.284 1082.59
-331.827 -439.339 1101.42
-117.287 163.688 1446.66
-120.786 -108.612 1347.31
401.901 -306.133 1092.19
-340 -447.268 1141.4
-116.681 164.119 1445.65
-120.29 -106.509 1353.24
239.624 -377.013 1237.16
-362.246 -436.836 1141.13
-115.887 164.108 1445.45
-119.277 -103.951 1355.32
326.307 -350.895 1162.91
-354.001 -444.476 1162.64
-115.496 164.281 1444.73
-119.075 -102.824 1357.85
359.952 -342.028 1123.53
-375.491 -449.517 1142.15
-114.68 164.423 1444
-118.691 -102.312 1358.7
323.53 -365.678 1178.48
-356.676 -465.14 1147.73
-113.755 163.978 1442.59
-119.113 -102.216 1357.03
323.175 -369.507 1187.2
-374.079 -469.902 1138.14
-112.716 164.225 1442.24
-119.813 -101.531 1358.66
324.035 -372.498 1196.69
-400.635 -464.889 1139.02
-111.507 164.53 1441.94
-119.613 -101.432 1356.75
243.195 -383.972 1248.77
-378.725 -471.085 1141.32
-110.378 164.834 1441.3
-119.004 -100.375 1355.72
242.68 -382.702 1249.48
-411.405 -463.803 1139.45
-109.782 165.394 1440.73
-118.401 -97.7059 1355
244.711 -382.924 1243.21
-417.382 -458.789 1144.76
-109.091 166.451 1440.17
-117.535 -95.0085 1354.28
267.149 -387.856 1232.07
-424.277 -459.262 1142.79
-107.966 167.227 1438.96
-118.006 -94.186 1353.47
276.34 -389.455 1227
-430.906 -458.602 1140.08
-106.862 167.785 1438.06
-118.097 -93.8412 1352.56
280.25 -387.485 1225.65
-437.443 -458.605 1138.45
-105.635 168.008 1437.37
-118.386 -93.3063 1351.91
353.43 -387.576 1235.35
-445.451 -455.719 1141.07
-104.919 168.116 1436.68
-118.337 -93.2032 1351.44
358.69 -387.991 1236.4
-453.659 -454.899 1138.89
-104.782 168.59 1436.42
-117.689 -92.7549 1351.63
365.395 -390.468 1236.36
-463.846 -457.158 1137.98
-104.324 169.079 1436.07
-117.015 -91.9242 1352.32
371.971 -392.759 1236.82
-469.102 -454.254 1143.21
-104.247 169.316 1435.93
-116.932 -91.4851 1353.16
367.839 -392.192 1240.59
-474.455 -453.052 1148.46
-104.444 169.361 1436.12
-117.256 -92.3948 1353.27
361.264 -393.522 1241.99
-476.97 -452.12 1156.08
-104.92 169.525 1436.03
-117.434 -94.0415 1356.1
359.173 -396.569 1242.26
-476.892 -449.089 1162.52
-105.013 168.93 1435.98
-117.019 -96.2052 1357.04
305.149 -377.3 1242.82
-476.793 -446.664 1167.02
-104.834 168.777 1435.48
-116.934 -95.9182 1354.96
350.424 -398.784 1242.66
-476.793 -450.309 1169.36
-104.571 169.062 1435.3
-117.3 -95.5468 1354.46
343.256 -399.503 1242.38
-472.083 -450.612 1175.19
-104.372 169.499 1435.28
-117.178 -95.5235 1354.54
333.726 -398.836 1246.52
-471.656 -457.215 1173.39
-103.644 170.253 1435.02
-117.744 -90.8072 1355.67
333.451 -396.315 1240.88
-466.378 -460.919 1178.02
-103.431 170.262 1435.61
-117.153 -91.7758 1354.69
327.469 -399.579 1240.44
-462.505 -461.488 1180.4
-103.706 170.228 1436.21
-117.074 -91.7061 1353.68
327.304 -399.741 1236.82
-461.801 -465.5 1177.07
-104.384 170.213 1436.16
-117.336 -91.6285 1353.25
322.79 -397.868 1243.37
-460.556 -467.799 1177.91
-104.86 169.822 1436.27
-117.332 -91.6306 1353.22
325.212 -395.87 1243.2
-467.604 -473.709 1173.46
-105.497 169.552 1436.66
-117.944 -91.1075 1352.98
333.826 -394.567 1245.95
-467.017 -471.096 1181.11
-105.861 169.286 1437.17
-119.262 -91.0224 1352.59
339.031 -393.44 1245.24
-473.335 -471.629 1182.13
-106.019 168.41 1438.12
-119.355 -90.791 1351.5
348.439 -389.566 1244.99
-481.757 -472.836 1183.06
-106.658 167.253 1439.06
-119.272 -88.7884 1350.1
297.086 -375.026 1244.38
-490.019 -472.665 1184.84
-106.863 167.294 1439.82
-119.16 -87.2467 1348.71
298.705 -372.995 1244.97
-501.18 -474.779 1187.82
-107.357 167.962 1439.93
-118.986 -86.8305 1348.06
376.23 -381.195 1254.29
-512.657 -474.365 1189.25
-107.756 168.731 1440.09
-119.065 -87.4775 1348.5
377.013 -377.076 1264.88
-525.76 -472.992 1190.18
-108.238 169.07 1440.04
-119.054 -86.7063 1346.98
318.066 -355.19 1259.85
-536.889 -469.608 1192.86
-108.903 168.752 1440.06
-118.98 -85.2634 1344.65
457.688 -399.854 1223.17
-549.864 -470.006 1196.6
-109.651 168.42 1440.13
-118.71 -87.1466 1345.99
392.617 -368.007 1278.79
-560.852 -468.305 1202.06
-110.502 168.573 1439.55
-118.219 -88.3762 1347.31
474.177 -401.576 1231.87
-568.321 -460.557 1204.78
-110.801 168.699 1439.57
-117.888 -89.4598 1347.98
398.879 -366.901 1285.35
-572.857 -453.717 1212.71
-111.298 169.008 1439.95
-117.733 -90.5116 1349.07
482.026 -404.476 1238.45
-582.847 -447.93 1216.21
-111.917 168.773 1440.71
-118.354 -91.0799 1349.25
343.681 -334.857 1266.92
-590.004 -444.962 1222.31
-112.112 168.647 1441.68
-119.627 -90.8133 1348.85
410.296 -368.312 1292.58
-616.335 -454.783 1215.19
-112.216 168.817 1442.04
-119.961 -92.1807 1348.37
411.578 -365.721 1296.77
-632.247 -457.127 1215.7
-112.06 168.929 1442.67
-119.759 -93.7765 1348.09
343.423 -332.477 1269.68
-638.19 -453.197 1221.42
-111.53 169.168 1442.66
-119.926 -97.1794 1359.32
344.765 -332.174 1269.53
-645.877 -448.848 1227.49
-111.138 169.417 1442.07
-120.042 -97.5923 1354.82
415.087 -361.315 1301.34
-645.155 -434.677 1230.63
-110.881 169.184 1442.4
-120.264 -96.7069 1352.18
509.431 -405.876 1260.57
-650.624 -429.42 1235.1
-110.608 168.904 1443.28
-120.548 -96.4929 1351.18
512.148 -403.232 1263.5
-653.611 -424.245 1238.98
-110.208 168.543 1443.45
-120.481 -97.0725 1350.68
514.327 -394.703 1264.37
-655.15 -413.061 1238.03
-110.01 168.654 1443.57
-120.022 -97.4833 1350.29
442.414 -361.968 1309.66
-653.574 -404.757 1235.72
-109.89 168.369 1443.94
-119.525 -98.0138 1350.23
446.932 -357.754 1310.13
-651.729 -399.841 1241.35
-109.67 167.96 1443.98
-119.058 -98.422 1350.73
519.657 -388.061 1264.77
-654.637 -394.74 1244.86
-109.887 167.81 1444.38
-118.097 -98.0627 1351.57
524.889 -379.114 1260.43
-657.053 -390.321 1245.34
-109.704 167.765 1445.49
-117.846 -97.3078 1353.85
526.968 -376.902 1258.36
-656.393 -387.196 1248.08
-109.576 167.48 1446.16
-117.489 -94.9272 1365.98
536.245 -382.382 1257.46
-655.884 -377.398 1247.38
-109.436 166.788 1446.97
-117.311 -96.2175 1364.03
536.931 -377.579 1257.55
-655.681 -377.993 1247.96
-108.998 165.881 1447.57
-118.345 -96.1829 1363.58
547.921 -373.194 1259.16
-656.694 -379.785 1245.03
-108.749 165.446 1448.21
-119.528 -95.659 1364.42
538.967 -371.523 1270.42
-651.623 -379.27 1245.76
-108.889 165.302 1449
-120.731 -94.9667 1363.72
550.302 -370.986 1263.51
-652.133 -382.619 1247.26
-109.176 165.426 1448.54
-120.585 -94.2163 1364.01
542.612 -370.885 1268.53
-653.218 -387.444 1246.29
-109.606 165.894 1448.33
-118.136 -91.2104 1357.47
546.623 -371.533 1264.61
-653.695 -388.266 1243.58
-110.015 166.86 1448.82
-115.518 -86.8818 1352.28
491.314 -349.681 1291.41
-653.207 -392.947 1246.57
-110.431 167.369 1448.26
-117.629 -88.7961 1356.52
488.871 -350.033 1295.11
-654.021 -394.473 1244.03
-110.479 167.234 1447.65
-118.212 -89.8046 1358.47
495.44 -351.956 1294.64
-650.299 -396.37 1243.96
-111.158 167.258 1446.84
-119.193 -90.5158 1356.6
500.101 -353.206 1294.69
-649.327 -397.028 1242.28
-111.942 167.713 1446.21
-119.543 -91.0688 1357.36
506.419 -354.582 1287.79
-652.711 -401.98 1246.34
-112.309 168.208 1446.08
-120.303 -91.3463 1357.51
508.482 -355.55 1290.85
-650.812 -398.584 1244.98
-112.531 168.039 1446.53
-120.77 -92.2626 1357.47
558.794 -368.943 1261.28
-648.96 -402.087 1240.51
-112.581 167.891 1446.76
-121.355 -93.8436 1356.2
508.747 -354.884 1292.51
-649.035 -402.868 1240.31
-112.672 167.223 1446.53
-121.553 -94.8691 1356.04
510.498 -355.552 1292.64
-648.643 -403.177 1240.08
-113.024 167.244 1446.19
-121.337 -95.4398 1356.3
545.409 -371.698 1274.97
-646.368 -402.701 1232.28
-113.085 167.283 1446.21
-121.436 -94.8585 1357.12
496.966 -354.756 1303.5
-648.056 -402.931 1229.01
-113.697 167.947 1446.75
-121.852 -93.8455 1357.29
546.433 -374.153 1278.55
-648.897 -405.532 1229.82
-114.176 168.489 1446.95
-122.576 -93.216 1357.25
555.906 -374.08 1266.47
-649.846 -409.104 1231.51
-114.911 168.166 1447.55
-122.057 -94.8658 1355.19
551.41 -373.892 1257.45
-650.597 -415.102 1231.46
-115.517 168.035 1448.11
-121.519 -95.716 1353.51
405.466 -312.395 1298.52
-647.31 -417.674 1233
-115.998 167.877 1448.03
-121.285 -98.1489 1352.53
543.595 -370.342 1243.22
-645.258 -420.455 1225.03
-115.859 167.443 1448.35
-120.986 -99.3449 1353.39
520.563 -370.743 1254.77
-643.741 -425.692 1218.36
-116.209 167.077 1448.58
-121.269 -98.8747 1353.24
457.744 -349.979 1284.76
-637.901 -433.547 1214.2
-117.077 167.079 1448.55
-124.103 -103.407 1354.65
505.18 -373.788 1213.53
-634.948 -443.972 1203.12
-117.613 167.452 1448.77
-123.12 -100.065 1352.35
474.796 -380.418 1209.35
-627.711 -457.066 1191.62
-118.075 168.434 1448.51
-123.23 -99.5351 1351.97
406.665 -366.9 1238.87
-603.036 -458.755 1185.3
-118.353 168.656 1447.99
-123.41 -98.9693 1351.13
374.521 -372.528 1229.89
-576.985 -465.742 1186.71
-118.312 168.674 1447.41
-124.073 -98.7199 1351.39
337.286 -382.291 1236.36
-548.671 -471.198 1175.54
-118.474 168.993 1447.06
-125.454 -95.3674 1351.71
300.317 -388.724 1240.17
-519.066 -477.218 1178.28
-118.282 169.275 1446.44
-126.699 -93.3514 1352.77
270.445 -398.492 1237.83
-480.733 -473.889 1181.48
-118.729 169.3 1445.63
-127.626 -95.5973 1354.47
238.349 -399.962 1247.66
-452.469 -477.066 1180.66
-119.546 169.143 1445.11
-130.393 -95.6875 1356.46
203.618 -411.322 1246.79
-421.675 -471.834 1186.04
-120.07 168.942 1444.92
-133.546 -94.4384 1371.77
176.12 -424.132 1240.86
-365.432 -479.047 1183.34
-121.029 168.773 1444.73
-134.097 -95.7749 1369.26
147.199 -437.608 1240.98
-358.399 -483.031 1175.96
-121.908 168.661 1445.13
-131.856 -96.3101 1364.73
126.749 -450.573 1235.37
-353.147 -483.994 1171.41
-122.794 168.187 1445.54
-131.653 -98.2714 1367.43
119.368 -447.818 1241.72
-342.12 -483.836 1167.21
-123.749 167.133 1445.71
-132.087 -99.5788 1369.61
108.762 -441.294 1244.88
-319.667 -458.234 1176.85
-124.476 166.863 1446.38
-132.291 -100.715 1371.13
112.909 -439.967 1240.85
-341.992 -471.486 1164.06
-124.987 166.186 1446.92
-132.39 -101.796 1371.98
118.103 -441.343 1227.1
-320.257 -458.783 1171.35
-125.721 166.018 1447.36
-132.502 -101.309 1369.84
112.796 -436.284 1217.52
-321.884 -457.37 1164.24
-127.054 166.051 1447.79
-132.719 -101.452 1370.26
127.616 -437.006 1211.6
-331.457 -473.645 1143.29
-128.479 165.536 1448.63
-133.425 -101.798 1370.16
134.723 -433.962 1204.71
-342.306 -464.862 1140.93
-130.262 165.302 1449.28
-134.544 -101.974 1370.29
141.385 -432.853 1201.66
-341.124 -464.217 1143.72
-133.707 164.342 1450.66
-135.126 -102.281 1370.76
143.987 -429.37 1201.35
-340.803 -464.191 1150.79
-134.817 164.638 1450.75
-136.098 -102.253 1371.22
143.373 -430.387 1199.7
-367.02 -456.845 1130.24
-136.629 165.313 1450.68
-138.448 -103.347 1370.35
143.967 -431.207 1200.53
-356.885 -462.373 1143.08
-138.56 165.599 1450.32
-140.423 -103.474 1368.93
142.727 -430.541 1199.59
-378.586 -450.106 1130.8
-141.517 165.652 1450.27
-142.127 -102.965 1368.47
141.431 -431.689 1199.93
-363.477 -461.622 1148.4
-143.621 165.965 1450.21
-145.33 -100.454 1363.02
139.26 -431.512 1198.16
-371.401 -464.183 1151.42
-145.03 166.303 1449.31
-146.421 -96.7626 1361.06
136.02 -428.297 1201.64
-374.451 -468.093 1156.41
-146.715 166.358 1448.78
-146.153 -97.1962 1361.82
133.338 -431.288 1200.32
-377.177 -469.557 1152.26
-148.143 166.468 1448.51
-145.718 -90.9511 1358.98
129.724 -429.011 1201.13
-377.658 -475.979 1158.25
-149.85 166.409 1448.39
-147.608 -89.4429 1357.97
123.633 -432.885 1205.51
-410.107 -468.878 1142.89
-151.032 166.476 1448.65
-148.98 -88.6546 1357.94
119.836 -431.78 1204.45
-382.569 -475.821 1158.6
-152.101 166.353 1449.46
-150.082 -89.3429 1357.28
114.138 -435.554 1204.79
-383.381 -475.568 1162.84
-153.492 166.186 1449.74
-151.533 -89.2512 1357.06
110.74 -434.097 1202.45
-408.771 -471.858 1155.69
-154.786 166.234 1449.88
-152.939 -88.1435 1357.86
106.754 -435.579 1199.99
-387.172 -481.306 1164.95
-155.837 166.379 1450.1
-154.189 -87.844 1358.53
104.866 -437.53 1198.49
-377.166 -479.814 1164.77
-157.217 166.413 1449.83
-155.623 -87.3328 1359.63
104.719 -438.073 1194.77
-379.706 -478.397 1163.2
-158.637 166.514 1449.19
-157.815 -87.8941 1360.84
104.296 -437.348 1195.66
-361.697 -479.42 1152.34
-159.556 167.009 1448.97
-158.986 -87.8869 1361.96
103.987 -437.55 1194.57
-376.601 -477.17 1156.93
-160.179 166.841 1448.42
-161.092 -89.1359 1364
104.72 -438.253 1194.57
-375.522 -475.054 1152.53
-161.117 167.005 1447.82
-160.638 -89.9049 1364.07
103.111 -439.431 1191.82
-373.825 -473.366 1150.71
-162.001 166.983 1446.96
-162.33 -90.2091 1364.3
103.849 -439.259 1187.7
-397.121 -469.407 1140.38
-162.824 167.405 1446.45
-161.844 -90.474 1363
103.949 -440.168 1187.95
-373.321 -469.709 1145.25
-163.447 167.887 1446.84
-162.228 -90.3965 1362.26
104.448 -438.295 1185.71
-399.395 -460.812 1136.27
-163.847 168.417 1447.41
-163.713 -89.5758 1362.16
106.388 -437.41 1184.6
-375.524 -467.602 1138.56
-164.14 169.11 1447.62
-164.565 -89.1896 1361.38
105.268 -432.955 1184.96
-375.306 -467.782 1134.35
-164.745 169.953 1447.95
-164.793 -88.8272 1361.33
107.272 -430.543 1183.08
-373.515 -456.259 1129.27
-164.976 170.376 1448.3
-165.22 -87.9714 1360.66
107.528 -430.423 1182.57
-374.631 -463.324 1130.22
-165.439 170.95 1448.51
-165.691 -86.4251 1360.08
108.13 -430.337 1180.66
-374.519 -463.359 1123.37
-165.82 171.749 1448.46
-165.298 -84.4697 1360.04
109.492 -428.822 1179.09
-375.451 -462.153 1120.81
-165.981 172.678 1448.44
-165.152 -83.7095 1359.82
110.499 -428.37 1178.85
-377.474 -467.242 1118.58
-166.304 173.409 1448.33
-164.989 -83.3908 1360.05
111.934 -428.702 1177.82
-373.976 -461.854 1115.66
-166.421 174.097 1448.75
-164.847 -82.8297 1360.01
112.256 -427.354 1175.98
-374.537 -463.049 1116.75
-166.326 175.068 1449.71
-164.346 -81.8511 1360.45
112.82 -427.011 1173.71
-396.593 -452.839 1101.91
-165.999 175.753 1450.38
-164.497 -81.56 1361.39
112.164 -427.975 1175.73
-374.596 -463.398 1115.62
-165.72 175.952 1449.75
-164.721 -81.8815 1361.74
112.743 -428.405 1174.49
-374.916 -464.077 1118.84
-165.928 176.401 1449.05
-165.891 -83.1509 1362.03
112.376 -429.541 1175.03
-372.232 -465.961 1117.05
-165.744 176.952 1448.55
-164.341 -81.6086 1361.84
114.92 -428.579 1177.32
-371.645 -468.276 1119.32
-165.552 177.713 1448.16
-163.665 -80.2787 1361.49
113.923 -428.74 1176.01
-371.222 -469.246 1120.94
-165.403 177.969 1448.03
-162.791 -80.1243 1361.34
113.975 -427.118 1176.75
-371.004 -464.759 1128.6
-165.136 178.672 1447.74
-161.855 -79.6995 1360.65
112.953 -428.917 1176.6
-393.351 -452.897 1125.37
-164.641 179.129 1447.71
-161.241 -78.9973 1359.83
114.013 -428.429 1176.41
-391.324 -454.728 1123.39
-164.302 179.441 1447.69
-160.469 -78.7814 1359.39
114.918 -430.026 1177.25
-368.085 -466.77 1132.71
-164.296 178.915 1447.46
-160.226 -78.6235 1359.22
114.373 -429.586 1178.22
-366.126 -464.363 1135
-163.972 178.413 1447.07
-160.108 -79.2389 1359.59
116.937 -430.813 1178.54
-365.604 -463.638 1135.08
-164.022 178.103 1446.65
-160.019 -80.0479 1360.2
116.856 -431.027 1178.19
-365.993 -466.398 1133.6
-164.009 177.972 1446.33
-159.207 -80.385 1360.37
116.172 -428.788 1180.54
-366.355 -469.386 1131.85
-163.176 178.184 1446.31
-157.148 -80.1745 1359.86
116.879 -429.961 1183.56
-365.75 -469.135 1131.61
-162.437 178.405 1446.76
-156.957 -80.0286 1359.97
115.89 -428.81 1183.96
-386.666 -461.041 1120.67
-161.268 178.924 1447.01
-156.51 -79.4981 1360.5
118.114 -427.91 1183.94
-362.344 -470.602 1129.82
-160.596 178.999 1447.47
-154.792 -78.5913 1360.53
119.268 -430.805 1180.86
-360.841 -467.306 1136.94
-159.861 178.559 1447.73
-153.053 -78.5826 1361.37
117.372 -430.9 1183.75
-360.955 -466.241 1135.7
-158.614 178.318 1447.86
-151.837 -77.8952 1361.96
122.92 -436.292 1179.65
-359.314 -467.022 1137.14
-157.566 178.807 1447.99
-149.14 -76.2441 1362.77
123.028 -434.352 1182.9
-358.502 -470.291 1137.39
-156.805 179.257 1448.41
-148.804 -75.9277 1362.4
123.553 -429.979 1185.26
-357.949 -469.221 1136.42
-156.578 179.954 1448.96
-146.547 -73.9186 1361.75
126.005 -427.467 1189.04
-361.048 -474.484 1134.87
-156.416 180.631 1449.59
-140.323 -68.0227 1355.23
126.316 -424.67 1185.93
-357.78 -476.969 1143.17
-155.991 180.819 1450.66
-139.305 -69.4981 1356.59
128.521 -424.621 1186.56
-358.363 -476.178 1143.47
-155.139 181.26 1451.39
-138.773 -70.7478 1356.69
129.271 -425.438 1188.06
-356.249 -476.012 1144.67
-154.134 181.586 1451.55
-135.239 -68.9933 1353.91
130.562 -421.659 1190.68
-352.868 -479.548 1147.86
-153.276 181.557 1451.74
-135.781 -70.7361 1356.44
130.451 -424.139 1188.21
-352.428 -478.99 1149.74
-152.136 181.26 1452.18
-141.277 -83.8662 1363.27
131.258 -433.311 1192.75
-350.88 -472.826 1147.27
-150.822 180.748 1452.4
-141.383 -83.6712 1363.82
131.498 -433.563 1193.27
-347.134 -471.921 1149.05
-149.233 180.61 1453.39
-139.701 -77.8616 1366.74
132.329 -433.336 1192.22
-346.769 -473.475 1148.3
-147.873 180.553 1454.04
-138.755 -80.2524 1368.44
129.519 -427.715 1197.72
-365.432 -466.707 1139.15
-146.735 180.31 1454.55
-137.93 -81.4237 1368.96
132.863 -431.13 1195.12
-365.092 -469.005 1138.87
-145.557 180.916 1454.45
-137.147 -80.8271 1369.33
133.982 -431.362 1194.55
-365.064 -470.207 1138.27
-144.24 180.792 1454.75
-140.164 -94.0468 1364.61
133.578 -442.278 1190.7
-359.544 -458.601 1141.98
-142.913 180.562 1455.27
-137.582 -88.3548 1366.25
135.058 -439.197 1195.18
-340.884 -472.274 1150.49
-142.115 180.433 1456.35
-135.895 -85.711 1367.38
133.814 -436.935 1190.67
-338.285 -473.264 1149.68
-141.472 180.774 1456.93
-134.316 -85.4928 1365.77
133.446 -435.309 1195.07
-341.371 -474.002 1149.21
-141.086 180.192 1457.18
-132.319 -87.6221 1366.1
134.977 -435.823 1197.51
-363.389 -465.196 1139.25
-140.421 179.524 1457.81
-132.411 -87.8306 1368.11
134.515 -440.53 1194.04
-342.298 -470.427 1150.01
-139.717 179.267 1458.07
-132.558 -86.6482 1370.26
132.942 -437.944 1194.58
-339.871 -473.125 1151.72
-139.387 179.333 1458.91
-132.989 -85.4314 1372.19
131.807 -439.678 1192.03
-362.112 -465.883 1139.22
-138.767 179.215 1459.79
-133.365 -84.023 1373.75
133.203 -440.403 1192.38
-362.379 -466.365 1136.77
-138.345 179.48 1460.46
-136.536 -78.5654 1378.19
130.803 -442.569 1188.86
-342.307 -470.548 1150.12
-137.72 179.615 1461.43
-135.329 -79.2163 1375.79
129.177 -440.439 1194.64
-339.902 -472.326 1152.98
-137.495 179.876 1461.98
-132.524 -73.8012 1371.13
128.227 -434.381 1194.67
-344.949 -474.874 1155.13
-137.28 180.08 1462.15
-130.72 -70.9374 1367.7
129.882 -431.676 1194.42
-343.556 -479.568 1151.07
-137.214 180.399 1462.13
-127.803 -63.94 1351.7
133.902 -431.014 1185.36
-344.142 -482.176 1159.65
-137.278 180.339 1462.44
-126.438 -61.6184 1344.72
132.569 -428.081 1184.49
-347.083 -484.084 1164.09
-137.692 180.236 1463.17
-127.601 -63.5481 1351.48
132.979 -432.355 1187.45
-346.795 -482.848 1164.16
-137.876 180.179 1463.64
-126.855 -64.0346 1350.88
132.904 -433.255 1185.19
-357.45 -474.556 1163.17
-138.325 180.024 1463.93
-126.696 -65.0499 1354.59
130.459 -433.203 1184.76
-350.956 -478.421 1160.69
-139.032 180.007 1464.49
-125.039 -65.0341 1353.64
131.612 -431.057 1188.98
-346.101 -479.231 1165.38
-139.208 180.655 1465
-125.112 -66.0351 1355.81
131.796 -430.754 1188.37
-347.224 -476.06 1164.39
-139.18 181.336 1465.34
-125.081 -66.8662 1357.38
132.395 -434.26 1186.88
-345.858 -477.376 1162.44
-139.526 181.565 1464.87
-125.709 -67.5673 1358.1
130.648 -431.147 1189.27
-344.577 -474.374 1166.45
-139.51 181.342 1465.03
-126.258 -68.4048 1358.68
130.635 -432.213 1189.66
-366.781 -465.65 1155.97];