d61 = [70.2002 184.22 1468.82
72.9692 -86.2164 1398
311.906 -438.952 1202.68
-69.038 -397.554 1020.56
70.073 183.195 1469.71
70.522 -88.3891 1397.09
312.242 -443.191 1199.48
-103.419 -424.32 1075.41
70.4786 182.576 1470.77
71.6483 -86.2419 1398.08
312.704 -442.067 1195.46
-113.533 -442.644 1141.47
70.7505 182.329 1471.34
71.5914 -83.9185 1399.7
242.938 -466.814 1208.31
-139.899 -459.097 1178.67
71.1347 181.556 1471.98
70.4055 -83.0109 1400.31
307.713 -441.01 1197.41
-148.879 -476.037 1187.77
71.9849 180.397 1472.72
67.9987 -84.5245 1399.79
311.404 -443.281 1185.12
-183.357 -467.606 1190.24
72.9356 179.283 1473.79
65.9969 -86.0385 1400.49
303.192 -444.593 1189.49
-159.042 -482.048 1203.02
73.6005 178.423 1474.21
64.3096 -86.9998 1400.04
241.075 -469.324 1199.2
-170.653 -484.769 1209.34
74.5247 177.923 1475.1
64.5336 -86.4985 1400.98
309.357 -444.952 1178.35
-201.12 -484.854 1213.27
75.0517 177.717 1475.44
62.7354 -86.8582 1402.92
309.971 -442.671 1179.78
-182.367 -491.064 1215.65
75.3427 177.451 1475.97
63.3463 -86.2136 1403.6
248.309 -461.935 1196.22
-194.56 -486.032 1221.83
75.6104 177.509 1477.26
63.5 -85.6509 1403.05
299.933 -446.944 1179.5
-206.04 -478.455 1228.29
75.5368 177.875 1478.13
63.3486 -83.7347 1402.12
307.059 -444.194 1173.17
-205.169 -475.879 1229.59
75.8587 178.478 1479.03
63.4143 -82.4091 1402
304.114 -448.24 1175.17
-203.821 -472.677 1227.58
76.078 179.543 1479.55
63.0363 -80.457 1402.79
307.023 -442.593 1174.76
-198.29 -471.779 1225.39
76.3617 180.748 1479.7
63.3096 -77.5169 1402.2
309.079 -440.734 1174.3
-195.919 -470.929 1217.65
77.0052 181.649 1480.55
63.6858 -75.9727 1401.63
238.629 -461.916 1192.9
-198.376 -466.436 1211.37
77.6512 182.513 1481.05
63.7188 -76.2435 1401.87
237.495 -464.562 1191.78
-198.855 -462.361 1203.3
77.849 183.538 1481.79
64.4445 -75.9364 1401.76
239.137 -466.368 1193.37
-187.854 -467.827 1191.27
78.1022 183.95 1482.87
65.4805 -75.9082 1401.9
237.405 -463.31 1189.62
-176.987 -469.627 1182.13
78.3984 184.397 1483.96
65.7217 -75.4627 1402.38
330.893 -404.404 1212.44
-97.0913 -508.756 1213
78.6066 185.119 1485.01
66.0998 -73.9032 1402.5
335.723 -395.114 1211.81
-99.1652 -515.263 1214.44
78.6003 185.527 1485.93
66.4614 -71.4993 1401.32
342.327 -378.771 1198.34
-214.588 -425.504 1136.35
78.7878 186.026 1488.27
66.6874 -69.9999 1401.18
350.111 -366.252 1177.69
-96.3492 -514.136 1206.73
78.9356 186.389 1489.69
67.2766 -68.7221 1400.68
346.599 -346.488 1133.02
-94.3335 -519.44 1198.22
78.9356 186.532 1491.25
67.0497 -68.2924 1401.13
338.552 -260.505 952.611
-220.126 -439.902 1221.95
79.2453 186.695 1492.71
67.1436 -69.5024 1401.2
365.17 -296.957 1111.2
-273.416 -389.045 1072.62
79.4201 187.058 1493.92
64.7638 -76.0767 1401.22
371.516 -191.135 981.989
-258.125 -287.681 1005.75
79.2093 187.045 1495.48
64.0235 -71.6794 1386.11
384.993 -131.335 962.683
-265.955 -240.722 978.409
79.5536 186.842 1499.38
63.2229 -74.8591 1376.35
406.751 -68.3203 910.651
-276.26 -180.104 936.209
79.2477 185.786 1503.87
64.9975 -78.3419 1370.09
412.865 -9.19229 914.152
-283.106 -120.164 940.355
78.759 184.814 1507.18
66.3937 -82.2548 1363.49
420.047 33.1451 912.997
-291.005 -69.1653 944.431
77.8643 183.219 1512.02
70.4645 -86.9627 1356.5
418.076 71.7689 924.292
-302.249 -25.3933 944.944
76.2937 181.908 1515.27
71.7848 -86.48 1352.19
413.455 108.06 923.508
-329.26 12.0711 926.379
75.1324 181.372 1517.77
67.7567 -82.2427 1356.79
405.532 138.106 917.625
-348.379 40.9211 935.361
74.4009 181.216 1519.74
69.6388 -80.9989 1369.45
391.252 162.686 919.724
-369.763 54.7058 944.569
75.1335 181.15 1519.31
70.089 -80.2687 1371.02
375.376 180.895 914.881
-393.723 72.1225 956.78
76.0808 181.259 1519.46
68.9935 -79.1483 1369.28
383.959 139.201 913.674
-418.179 85.9898 973.702
76.5021 179.842 1524.52
62.9503 -84.4623 1368.69
330.864 206.353 913.453
-451.994 87.7704 977.418
77.484 179.276 1527.57
59.3207 -86.7869 1375.92
307.105 217.158 912.409
-476.654 93.371 993.272
78.737 179.486 1526.65
49.5436 -76.5905 1380.4
319.69 178.857 937.988
-496.937 75.204 1000.71
81.1445 181.812 1530.91
48.37 -76.3538 1386.67
254.381 220.291 932.519
-526.56 67.7013 1014.78
82.4797 182.717 1531.24
43.028 -74.5126 1391.1
225.424 233.843 939.757
-542.121 60.3896 1037.09
98.6609 195.091 1521.55
41.2141 -72.8531 1391.91
243.009 161.522 1002.35
-560.351 46.4468 1057.87
104.095 203.442 1507.79
39.1324 -72.8534 1395.37
218.703 169.093 996.538
-573.227 33.1874 1085.79
98.6194 198.016 1515.3
35.0277 -72.5315 1397.15
120.633 267.35 893.148
-588.814 17.4829 1102.11
93.0293 193.563 1519.06
34.6731 -72.3567 1395.89
128.444 232.104 960.706
-605.126 13.4806 1126.82
97.5703 198.965 1515.32
69.1182 -59.3391 1436.28
112.016 215.849 968.16
-614.859 11.7761 1135.37
98.4471 204.276 1509.7
65.6542 -60.3079 1419.27
101.294 195.399 976.185
-625.235 1.30744 1167.33
99.2852 199.326 1456.55
63.9505 -60.5478 1409.33
66.4691 206.277 961.932
-632.57 -1.53968 1197.36
83.8486 209.234 1402.16
58.5923 -53.3637 1399.97
39.9514 213.325 960.845
-643.493 -19.5427 1222.49
62.1593 228.852 1382.42
53.9519 -47.1103 1399.15
14.7546 222.477 969.086
-653.992 -33.6119 1242.27
53.0339 238.108 1370.57
54.7709 -47.2881 1399.25
1.99488 211.663 982.949
-663.048 -40.1139 1260.29
47.1622 238.912 1363.13
50.422 -44.3612 1401.13
-19.7295 210.581 995.343
-669.145 -47.2809 1278.76
41.1803 238.015 1357.6
46.7239 -46.7492 1400.63
-41.5929 208.721 1003.98
-681.076 -49.0941 1297.95
56.7026 223.027 1399.35
44.2369 -46.7863 1388.25
-81.7818 220.687 1013.37
-690.783 -60.6681 1312.11
54.2403 221 1415.6
43.3015 -46.2366 1381.4
-100.701 214.111 1022.28
-697.161 -65.0575 1328.26
45.7572 227.163 1420.7
42.6485 -47.6943 1382.98
-125.553 217.604 1033.55
-703.107 -79.9871 1343.52
38.1584 220.778 1442.86
44.7701 -46.458 1382.79
-146.43 216.862 1050.27
-720.362 -82.0064 1362.11
35.5708 222.652 1437.37
43.1025 -44.4753 1378.67
-170.572 214.683 1059.29
-724.538 -86.2758 1381.32
28.6404 218.318 1397.67
40.4473 -43.6708 1385.7
-184.505 210.604 1078.4
-726.178 -93.943 1397.46
31.464 219.466 1407.53
39.4164 -42.4705 1388.57
-199.967 204.054 1092.86
-727.668 -105.806 1420.01
35.6843 217.721 1414.86
37.2151 -32.9351 1404.45
-216.391 184.425 1103.65
-721.637 -89.5679 1443.62
39.7582 217.464 1422.12
38.0075 -28.3818 1415.37
-226.41 168.74 1116.33
-718.722 -90.2897 1458.46
55.2477 215.919 1442.62
38.9123 -30.0887 1411.09
-229.63 162.734 1134.42
-702.688 -97.115 1471.28
52.2735 213.367 1439.66
39.405 -39.2159 1393.58
-227.963 167.906 1159.69
-693.514 -114.564 1482.51
61.8869 210.099 1449.42
40.9516 -34.3349 1379.36
-205.612 148.912 1172.88
-681.947 -119.368 1489.88
69.9503 208.059 1462.23
41.5804 -35.3723 1375.85
-206.592 143.495 1185.13
-686.342 -119.652 1507.39
71.3113 207.62 1464.19
40.8769 -36.4937 1376.09
-208.941 135.778 1198.62
-675.479 -122.698 1520.41
73.1289 207.679 1470.45
40.6816 -27.1695 1381.92
-178.977 117.699 1198.19
-673.031 -116.482 1538.14
74.5522 212.573 1481.83
40.0247 -29.1563 1380.38
-175.069 113.625 1206.8
-679.43 -123.588 1553.8
74.2546 212.459 1482.48
38.9426 -35.3522 1385.6
-171.78 112.885 1211.99
-679.906 -131.704 1569.37
71.6083 213.229 1479.98
42.8411 -38.037 1395.63
-186.606 108.888 1217.21
-668.239 -137.79 1579.78
69.928 216.406 1485.75
41.5532 -38.9261 1418.9
-37.7977 106.107 1221.64
-648.657 -142.759 1586.18
69.2028 215.993 1485.23
43.0727 -38.458 1414.81
-153.853 100.937 1210.26
-644.26 -154.992 1591.69
67.2813 217.763 1490.06
42.6819 -39.4524 1406.07
-140.064 100.578 1215.14
-643.738 -168.759 1597.14
66.9198 217.481 1489.43
48.0396 -44.3079 1398.43
-202.119 81.3755 1236.89
-636.597 -166.143 1597.42
66.1213 217.909 1492.5
47.257 -43.0239 1398.69
-46.7654 99.6627 1209.07
-635.59 -171.187 1597.82
64.781 217.936 1493.61
47.1601 -43.1785 1400.83
-50.3949 99.6676 1201.02
-501.553 -210.29 1607.26
64.3735 216.871 1491.11
46.3374 -43.0495 1400.29
-67.6768 96.7434 1180.72
-613.509 -190.171 1560.19
62.5734 216.855 1493
45.1694 -41.9969 1399.07
-74.7765 95.4705 1177.61
-644.415 -190.965 1560.12
57.9459 217.178 1496.34
44.9444 -40.5761 1399.98
-182.938 66.1978 1190.22
-669.405 -198.023 1556.52
56.557 216.841 1498.07
44.8684 -41.8182 1398.8
-176.453 70.2584 1176.02
-684.31 -208.387 1538.85
55.3477 216.492 1499.82
45.0288 -42.2837 1399.34
-247.865 55.7179 1173.4
-670.223 -203.483 1508.95
52.5308 214.783 1500.2
45.218 -43.3789 1399.69
-106.499 73.8119 1142.06
-694.241 -200.608 1492.84
44.6295 210.148 1503.84
45.0026 -45.2254 1397.87
-108.678 87.9637 1110.4
-699.163 -206.233 1462.4
46.5788 210.667 1501.84
46.8204 -44.8091 1398.39
-152.577 79.8256 1118.94
-703.926 -194.682 1441.3
45.7344 209.425 1500.03
46.7804 -45.3346 1396.61
-110.184 86.7454 1112.07
-680.543 -188.146 1407.7
42.9858 205.181 1501.43
46.4439 -44.4917 1397.09
-246.348 100.271 1112.44
-672.88 -180.409 1381.79
45.5225 205.764 1500.6
44.9868 -47.4886 1396.23
-239.806 115.3 1097.83
-571.283 -188.724 1349.57
45.7662 206.363 1499.44
44.2514 -47.6269 1395.81
-237.016 121.463 1081.88
-665.102 -175.306 1317.11
42.9799 204.222 1495.56
41.7171 -52.1249 1393.28
-224.542 123.936 1066.27
-631.51 -163.993 1299.42
41.0823 202.665 1492.66
38.4744 -64.9935 1393.11
-220.159 144.374 1055.31
-675.265 -161.925 1274.06
39.8218 200.812 1489.5
37.8708 -66.2328 1393.27
-203.131 147.426 1036.67
-683.829 -148.814 1247.7
39.9442 198.609 1483.2
36.4537 -61.456 1389.72
-194.296 149.397 1021.04
-672.065 -130.05 1225.39
41.0021 198.028 1442.28
35.8348 -48.6146 1374.35
-176.047 149.695 1003.26
-665.31 -102.562 1203.47
40.0589 198.385 1457.79
33.6447 -42.7282 1362.43
-156.438 153.73 985.757
-656.573 -77.7574 1183.44
39.2904 203.031 1411.57
30.965 -36.6421 1351.58
-137.396 153.735 973.54
-646.232 -54.8842 1158.6
4.43974 221.001 1370.81
21.4021 -24.2414 1358.62
-104.808 149.078 956.978
-633.985 -34.2697 1135.82
3.46383 224.495 1361.68
13.9666 -11.0554 1371.9
-66.7447 143.988 940.429
-624.174 -2.34914 1119.33
3.57343 230.414 1358.44
13.4447 -7.6873 1374.34
-33.6665 145.488 931.591
-610.26 17.9042 1095.51
5.43515 234.797 1355.43
27.3261 -6.82477 1381.1
-10.6004 146.788 919.528
-595.735 42.1095 1076.2
7.47788 238.359 1352.41
34.4954 -28.8561 1379.03
8.62718 174.423 916.315
-568.077 37.9093 1047.84
9.00475 241.03 1347.95
40.7206 -49.0767 1378.73
29.0645 201.412 912.551
-547.7 37.369 1023.48
15.1252 239.074 1340.78
35.4035 -53.378 1371.21
57.6832 218.814 905.925
-529.836 41.6844 1002.58
68.7886 262.533 1442.35
33.8452 -52.8575 1362.53
88.624 227.241 900.07
-512.105 52.149 984.687
81.4113 255.227 1425.68
42.063 -51.2901 1338.25
111.68 226.002 882.214
-498.879 73.1278 969.71
84.34 251.53 1395.52
46.7977 -48.2389 1338.74
143.312 236.866 886.564
-478.016 88.0701 945.233
74.4411 223.528 1428.93
50.5465 -45.7403 1337.29
179.371 237.14 887.335
-454.75 107.188 926.875
75.0453 212.554 1465.21
52.652 -43.8418 1336.07
207.76 235.83 884.72
-431.569 127.202 909.729
71.0328 206.881 1486.05
53.6903 -40.6655 1337.54
238.672 243.617 889.194
-389.21 142.768 899.215
60.4076 206.815 1504.83
52.9245 -37.5853 1339.26
271.416 246.019 894.689
-355.14 159.097 892.714
58.3068 206.159 1506.5
51.3443 -36.3065 1338.13
304.53 246.976 902.409
-323.271 175.37 882.486
54.2719 207.008 1510.26
51.2645 -37.6443 1336.8
338.725 250.253 913.425
-299.511 185.195 864.169
52.0181 206.124 1514.3
51.8556 -37.4543 1339.17
370.404 241.496 919.195
-265.985 203.999 855.713
50.9242 204.449 1515.96
62.264 -48.0557 1358.55
391.513 232.092 931.075
-225.542 221.25 847.35
51.7742 204.939 1513.67
68.1224 -34.1596 1374.03
422.937 241.333 962.756
-182.373 207.461 835.261
51.7235 207.486 1514.24
72.4254 -27.2405 1382.16
453.97 239.995 982.07
-137.31 203.126 836.973
53.2013 212.577 1513.33
75.2423 -5.12482 1321.87
492.537 252.485 973.978
-113.605 183.943 857.931
54.8324 213.824 1512.06
75.9945 -5.3894 1338.78
506.166 242.471 982.836
-73.3257 181.754 856.753
56.361 215.558 1509.99
76.3497 -8.17318 1341.41
530.065 223.345 1002.9
-41.7276 181.543 850.704
59.4743 224.012 1504.58
74.9364 -13.4761 1345.05
550.43 231.249 1015.19
-10.9432 187.414 843.996
62.4603 224.275 1472.08
75.0955 -16.8526 1347.5
566.941 226.337 1020.67
15.7706 173.283 840.364
65.1756 258.865 1376.75
75.5938 -14.9326 1346.04
589.108 203.684 1046.65
48.8944 170.87 844.404
61.598 255.454 1371.21
77.986 -20.4833 1344.49
610.291 197.79 1060.22
76.5045 139.754 883.275
62.6379 253.41 1369.94
83.631 -26.6854 1341.4
627.275 190.374 1071.6
103.953 176.629 846.975
81.9683 254.448 1342.43
88.6216 -29.2875 1342.78
647.601 156.484 1106.27
-80.0993 -40.9793 1270.58
108.532 259.058 1305.22
90.8759 -27.9657 1349.95
665.965 96.0152 1199.19
-89.5973 -31.4655 1265.69
111.923 258.591 1300.32
93.7767 -26.5195 1359.32
683.405 124.736 1167.5
-93.6443 -16.4407 1279.05
115.753 257.437 1294.06
98.9444 -26.7568 1363.12
710.286 159.9 1156.15
-71.3367 -0.0677393 1272.52
118.974 255.212 1288.1
102.271 -26.6402 1365.5
730.984 160.043 1165.63
-99.0871 -25.125 1313.86
82.8295 228.543 1492.45
104.404 -27.2511 1367
744.195 159.564 1189.75
-100.419 -25.3961 1318.12
81.03 225.837 1499.1
108.524 -28.9929 1371.08
736.905 111.207 1208.16
-70.2953 -11.693 1290.25
79.7367 221.741 1502.46
113.237 -27.4896 1376.93
732.192 81.7845 1254.04
334.065 223.141 934.438
77.9418 220.261 1504.52
116.156 -17.5437 1391.75
743.964 78.744 1269.32
357.392 228.141 960.588
77.565 220.765 1507.61
108.879 -2.55188 1401.82
749.948 55.9286 1286.94
377.001 244.398 982.246
77.8347 220.391 1510.49
108.849 3.76474 1402.37
722.036 -6.84036 1355.19
395.13 247.111 998.12
77.9312 218.738 1511.29
109.364 11.5647 1402.02
748.351 20.1158 1325.97
412.745 248.406 1012.76
78.0931 218 1515
106.943 20.1819 1403.98
710.085 -28.7228 1382.01
419.217 245.039 1030.1
78.8116 219.505 1517.59
106.48 20.6194 1408.55
785.944 41.4025 1361.25
434.26 249.456 1049.9
78.8555 221.507 1520.71
96.1544 24.5439 1422.21
793.322 31.0014 1365.5
431.46 241.791 1073.19
79.389 222.865 1521.08
94.9968 24.656 1423.66
798.05 17.2932 1382.64
456.034 278.863 1154.58
79.6723 221.574 1522.06
96.2733 25.6586 1426.99
804.38 44.4774 1378.28
439.064 213.829 1120.17
80.2922 220.444 1523.17
97.3027 25.6768 1425.5
802.784 33.2 1403.85
457.431 220.664 1132.39
80.9199 219.907 1523.94
101.81 28.9903 1420.97
802.572 25.8015 1432.83
471.978 219.272 1127.36
81.3941 219.735 1524.95
105.2 29.5899 1419.7
797.379 10.6813 1459.48
487.325 227.626 1139.51
82.3272 219.694 1524.05
103.664 27.4587 1422.24
767.724 -19.9676 1486.78
505.814 245.72 1143.59
87.1945 224.593 1512.15
102.893 26.7446 1423.61
240.121 -26.4815 1074.74
513.903 241.785 1154.43
85.6422 223.182 1517.06
107.314 27.3272 1420.88
239.162 8.30809 1127.32
518.152 244.341 1174.58
85.6665 222.998 1520.07
106.494 31.0946 1422.8
260.997 12.6961 1126.11
518.755 247.014 1191.35
86.799 222.065 1521.39
104.198 33.1488 1426.74
313.492 3.99946 1182.99
517.721 249.868 1210.52
87.933 222.196 1520.73
101.544 35.1689 1429.3
352.956 16.7009 1229.11
511.098 242.757 1224.14
88.1205 221.974 1520.21
97.8246 36.9165 1431.18
341.36 -4.36464 1219.8
493.509 240.647 1237.3
88.3356 221.977 1520.91
94.9284 39.4942 1433.9
326.919 -6.66274 1219.75
492.043 241.618 1234.17
88.5898 223.024 1521.13
92.0116 41.8845 1436.34
331.984 -1.65728 1210.68
494.717 251.186 1217.68
88.6773 223.724 1522.46
90.1368 43.9534 1439.1
320.096 9.46738 1220.7
501.324 251.246 1183.45
88.3895 224.34 1523.72
88.4593 44.8272 1442.39
320 9.49271 1205.32
496.285 263.749 1165.03
90.3404 223.024 1524.73
89.103 45.7634 1442.49
337.922 36.811 1250.89
513.389 273.502 1129.68
92.1503 219.843 1523.98
89.8335 46.3861 1441.64
355.648 61.1182 1273.96
516.413 227.619 1119.33
92.5673 219.227 1523.43
90.2491 47.4128 1439.51
371.018 81.0174 1283.92
502.112 223.227 1112.43
93.9715 218.632 1522.44
90.773 49.4866 1436.7
411.399 87.4071 1269.08
457.306 237.495 1129.98
94.4218 218.902 1521.83
89.4157 51.0655 1429.49
419.85 98.548 1278.41
411.859 305.238 1055.96
95.743 220.055 1521.39
88.5913 50.2549 1429.87
409.327 105.435 1285.63
406.406 255.993 1077.38
96.1794 220.103 1521.26
87.7841 50.0619 1429.2
407.814 117.203 1310.54
377.115 326.919 1014.49
96.3999 220.687 1520.06
87.4131 49.5782 1427.89
672.835 -103.475 1292.55
353.549 332.513 999.419
98.8582 225.207 1511.82
82.8176 49.6825 1425.6
626.234 -120.474 1297.57
368.317 295.626 972.521
99.5975 231.499 1507.81
79.4548 50.6755 1423.93
65.7166 87.9548 1447.12
306.184 341.611 965.079
128.262 242.831 1284.87
79.8464 44.6689 1416.24
130.621 121.184 1406.23
296.868 295.698 935.57
157.909 198.232 1275.91
117.026 -33.4681 1339.05
679.208 59.2976 1173.56
306.098 226.491 919.698
156.165 198.018 1274.83
118.192 -30.7467 1340.74
671.41 73.4734 1152.55
288.133 231.653 906.868
150.193 202.108 1281.3
115.623 -33.466 1340.59
653.416 81.6825 1124.05
201.666 252.873 916.423
145.107 205.738 1286.91
109.739 -36.679 1350.87
632.365 86.473 1104.5
195.976 203.704 967.486
140.605 213.727 1293.96
104.122 -35.8791 1358.06
612.88 106.15 1098.96
175.386 202.425 942.392
136.51 221.893 1301.88
100.003 -34.0557 1357.47
595.105 125.801 1086.94
161.585 200.835 920.998
133.313 229.345 1307.67
99.4135 -22.3249 1347.11
584.775 154.379 1074.28
138.046 199.409 908.599
116.57 258.564 1332.67
96.7706 -19.428 1351.93
567.536 171.913 1055.63
71.0785 266.596 887.197
93.6881 248.686 1339.72
94.4504 -20.2223 1349.87
551.66 181.885 1038.12
73.8369 224.283 927.092
100.279 225.673 1359.38
90.7754 -18.1825 1350.16
537.977 199.718 1016.18
60.0541 222.42 925.797
100.106 216.451 1373.67
83.8387 -24.7846 1355.83
519.355 207.684 1003.28
-10.5701 280.581 896.486
108.595 200.002 1474.48
83.4334 -37.8254 1343.89
501.513 207.453 969.631
-4.60776 267.788 945.341
105.291 197.991 1482.77
80.1977 -37.5143 1342.78
487.995 221.53 953.336
-62.4259 304.708 921.439
92.2245 194.844 1464.02
78.6025 -39.7771 1346.29
470.594 227.105 934.6
-93.4236 314.007 920.721
86.4865 195.079 1471.76
75.2441 -38.6047 1347.67
449.843 234.391 919.415
-122.694 321.551 928.454
86.4412 195.093 1475.77
72.0323 -39.4563 1350.81
426.34 242.674 901.463
-148.655 326.21 939.73
79.8696 195.016 1474.6
71.6424 -39.6945 1350.81
400.093 246.261 892.555
-182.217 326.566 949.273
73.7814 194.09 1478.68
69.8018 -39.444 1350.67
374.312 247.857 879.87
-213.394 328.15 957.534
76.6744 194.508 1480.07
62.1545 -42.3903 1350.9
346.604 260.33 870.818
-244.568 322.187 967.831
77.9812 195.21 1480.31
60.6293 -41.6562 1352.38
320.594 262.374 862.484
-275.86 315.766 982.99
73.0366 196.697 1482.35
58.4338 -41.8337 1355.09
288.17 264.978 852.861
-306.117 308.367 1008.86
72.8535 197.18 1482.17
58.4691 -42.9034 1355.15
264.714 262.457 846.559
-335.354 309.155 1017.79
73.1617 197.399 1483.19
53.4852 -44.6009 1354.84
235.16 265.933 843.605
-365.585 299.196 1036.33
67.4623 194.973 1488.46
47.3547 -49.4102 1356.91
209.687 262.241 846.765
-394.063 296.962 1050.15
68.6393 193.61 1486.33
56.6475 -46.0916 1367.71
183.646 251.275 860.591
-431.726 294.201 1050.23
68.2903 193.766 1488
51.1024 -30.6273 1368.13
163.519 241.054 855.626
-448.903 298.851 1081.32
67.2787 194.653 1489.64
47.5628 -19.9669 1372.53
159.604 214.664 904.031
-475.997 295.809 1104.58
66.2751 196.271 1490.6
48.0251 -13.1579 1374.84
151.649 213.083 907.662
-509.266 288.034 1117.78
63.6608 238.559 1466.08
44.6266 -8.96197 1375.44
134.449 213.202 910.312
-533.104 285.741 1139.33
53.4212 314.141 1371.13
25.545 36.7106 1355.52
93.1415 195.226 847.553
-574.3 316.606 1158.88
25.5404 305.904 1388.55
24.6968 35.58 1357.97
71.7513 195.575 849.077
-592.228 310.854 1181.42
11.352 302.705 1390.97
25.1728 30.6218 1359.91
49.8585 189.572 850.804
-601.505 300.426 1209.1
-1.21892 317.301 1356.42
26.7535 13.1807 1357.92
14.1368 216.688 859.939
-625.165 262.005 1222.49
-20.775 331.058 1329.28
23.3945 2.63935 1344.52
-2.43356 217.301 869.53
-631.59 241.981 1242.53
-29.5277 262.955 1339.71
30.049 -25.1977 1341.14
-37.1516 222.92 875.169
-644.467 212.188 1268.88
-29.1194 262.627 1340.25
34.6628 -36.2169 1340.25
-65.7944 225.57 887.7
-666.754 195.813 1291.04
-28.748 263.049 1340.3
40.7741 -41.5356 1351.29
-89.1415 225.24 886.251
-675.726 181.961 1323.54
-26.1166 258.772 1341.12
40.4177 -41.9356 1357.8
-116.258 233.602 889.085
-683.508 168.617 1352.47
-26.0853 255.906 1333.84
34.7117 -42.4721 1360.97
-134.061 223.91 898.931
-706.749 145.82 1373.06
-32.1009 179.3 1315.45
32.6707 -44.9112 1362.95
-158.789 224.149 893.071
-710.415 125.528 1401.62
-30.7524 177.835 1315.78
19.5496 -63.5991 1357.91
-145.89 196.311 969.633
-717.236 97.9029 1421.49
2.95564 155.912 1314.79
29.5386 -67.3982 1360.05
-131.236 170.305 1027.33
-725.668 83.3517 1444.21
1.68997 156.806 1314.65
33.063 -69.4817 1358.3
-164.094 178.114 1022.15
-720.355 65.5474 1472.45
-0.21181 157.695 1315.48
35.4992 -70.7465 1361.16
-228.116 229.612 973.959
-720.678 49.5245 1483.09
-64.5597 147.975 1353.1
36.4559 -70.5963 1359.38
-77.4728 111.043 1173.11
-718.44 36.3179 1500.87
-64.7691 146.943 1355.04
36.737 -70.3389 1359.42
-185.699 163.558 1076.76
-727.951 17.912 1519.89
-63.3848 147.703 1355.55
35.0287 -70.2152 1361.61
-143.119 147.25 1106.45
-738.722 4.89734 1541.43
-57.391 141.745 1379.09
35.1925 -69.1853 1359.53
-310.549 228.642 1020.46
-743.652 -3.20781 1562.02
-75.265 125.936 1366.27
35.9782 -68.1703 1358.95
-327.972 225.34 1034.3
-738.033 -15.4562 1583.39
-92.8491 112.045 1353.69
35.2155 -67.4566 1358.47
-345.881 224.534 1048.4
-743.815 -24.1079 1597.54
-110.65 99.9655 1342.43
33.2643 -66.0987 1360.11
-351.637 215.759 1071.73
-733.318 -34.5222 1612.47
-126.634 89.4156 1334.81
32.2435 -65.4411 1361.32
-357.686 204.918 1094.53
-748.088 -50.7642 1638.95
-141 79.8884 1328.96
40.3466 -52.6776 1354.84
-370.367 202.268 1103.56
-737.702 -54.4965 1651.56
-154.089 71.3563 1323.85
45.1198 -50.463 1363.82
-382.802 198.104 1117.4
-714.631 -54.1616 1668.58
-170.65 65.423 1321.86
51.4951 -48.2018 1365.01
-392.245 192.287 1129.84
-704.305 -63.2432 1678.33
-179.125 67.2183 1323.11
61.5691 -44.9627 1364.82
-392.086 185.757 1152.17
-107.088 -213.112 1622.57
-186.751 68.66 1325.1
65.3778 -44.8197 1363.1
-386.818 180.275 1177.7
-175.507 -198.957 1626.08
-195.408 73.7734 1339.88
68.8236 -41.8897 1359.66
-394.615 181.299 1192.98
-372.311 -163.138 1572.36
-206.034 76.8071 1345.41
56.3805 -52.0387 1360.28
-389.056 173.07 1213.92
-249.071 -171.102 1525.21
-175.839 92.3513 1335.18
49.869 -56.107 1362.69
-398.021 173.247 1231.52
-198.924 -168.085 1512.13
-148.786 105.802 1326.67
48.2616 -58.2978 1364.87
-388.424 164.235 1248.63
213.19 -40.0017 1322.08
-6.93251 119.509 1226.27
60.8157 -63.2784 1355.16
-362.993 145.65 1251.52
215.927 -31.9101 1326.38
-82.3917 127.967 1240.07
66.3079 -59.2712 1345.21
-354.377 131.295 1248.38
214.419 -28.6564 1319.35
-79.5738 163.413 1280.41
62.0464 -56.1144 1350.11
-348.332 136.574 1268.41
208.797 -14.7482 1318.19
-68.1765 170.02 1278.63
59.9287 -54.7645 1352.74
-352.694 134.835 1291.96
183.779 12.8541 1299.55
-58.9485 173.653 1277.52
54.3942 -46.7095 1354.21
-354.783 127.977 1303.38
143.294 26.3206 1280.81
-45.3452 179.817 1280.66
62.3959 -42.2665 1355.11
-345.518 129.715 1298.4
133.576 29.1519 1264.43
-34.15 188.452 1269.68
60.646 -39.6256 1350.5
-350.171 120.845 1292.24
-635.753 -159.387 1659.29
-31.844 187.079 1262.29
53.051 -43.3108 1356.98
-361.999 129.218 1277.12
-648.64 -169.887 1637.64
-63.1907 125.055 1237.47
57.3988 -36.424 1357.13
-354.66 119.894 1253.06
-667.964 -175.974 1625.74
-84.405 122.763 1216.87
59.657 -35.4761 1354.92
-366.618 123.267 1233.54
-679.246 -174.065 1611.32
-270.518 81.1009 1231.94
58.6785 -38.266 1355.47
-380.235 146 1215.52
-689.886 -174.496 1602.68
-274.967 80.1481 1228.14
58.5753 -39.3061 1354.64
-379.241 158.361 1191.17
-694.237 -182.618 1559.71
-273.292 83.2592 1223.59
59.0574 -44.5527 1352.61
-363.067 156.591 1175.6
-709.687 -194.823 1529.19
-264.846 91.4678 1175.56
52.2546 -52.5588 1354.63
-357.342 173.903 1158.76
-716.572 -202.179 1497.37
-266.624 89.4377 1165.97
51.2348 -54.3645 1356.56
-349.581 178.269 1137.85
-726.635 -193.523 1471.74
-267.625 91.6133 1135.45
50.1742 -60.1502 1349.16
-281.642 126.682 1186.95
-725.642 -174.296 1450.46
-247.302 90.4151 1120.78
45.9276 -59.3785 1340.44
146.125 -6.13904 1326.41
-716.498 -172.526 1422.32
-228.472 100.313 1108.51
43.0995 -60.6701 1333.55
204.822 -4.94426 1342.87
-728.599 -171.491 1397.78
-220.762 105.001 1103.38
43.667 -63.0291 1332.24
199.444 -15.7497 1335.67
-726.81 -171.972 1369.95
-210.171 107.134 1093.41
46.026 -64.6407 1332.1
208.202 -18.6287 1330.57
-725.499 -169.425 1346.96
-203.492 112.093 1094.31
50.2267 -68.6627 1338.43
118.84 75.1535 1333.43
-714.153 -162.528 1314.69
-169.758 123.802 1068.71
51.1322 -68.5887 1341.06
110.098 75.0085 1332.06
-705.62 -154.931 1288.09
-150.292 129.258 1051.06
51.665 -66.1105 1341.29
103.058 71.084 1335.21
-692.924 -143.625 1261.9
-129.559 138.791 1036.64
49.6127 -56.6304 1343.13
89.8635 97.9791 1343.91
-681.504 -125.056 1239.04
-110.224 152.055 1026.32
50.4703 -55.6839 1344.04
26.3391 84.7731 1460.33
-666.483 -113.253 1211.82
-88.238 159.599 1017.83
50.8826 -59.1033 1342.27
47.5001 83.987 1469.47
-651.168 -101.986 1183.58
8.30971 272.993 1329.03
58.8268 -53.259 1352.75
76.361 80.1424 1465.6
-636.214 -81.6413 1165.81
11.6898 274.486 1335.43
59.5932 -47.3651 1351.86
68.457 80.823 1458.74
-626.238 -55.984 1151.7
18.0315 275.846 1344.04
48.8969 -46.4524 1331.09
35.6676 122.651 1251.49
-616.138 -39.8427 1132.85
37.8853 275.063 1365.85
54.5874 -57.986 1319.97
33.2708 222.058 879.429
-602.194 -10.0814 1114.6
49.63 230.896 1359.97
53.2614 -57.7329 1324.87
183.786 135.811 1111.94
-587.472 -0.954855 1089.71
57.8911 213.599 1359.34
53.4528 -57.6336 1327.96
175.685 143.433 1093.39
-572.941 17.2282 1068.5
67.8652 211.058 1366.26
56.7172 -59.4148 1329.89
144.18 233.93 883.477
-561.179 32.0299 1046.49
66.6414 212.045 1403.84
61.8278 -59.1182 1337.36
172.961 236.123 882.057
-548.799 48.2908 1022.9
72.2271 210.937 1424.69
63.6777 -59.4749 1339.78
200.232 244.055 882.533
-531.091 67.1183 1004.97
81.6305 209.008 1443.22
63.3362 -59.0631 1339.79
226.241 252.406 880.537
-515.939 80.4105 984.179
82.5935 208.508 1447.74
66.8017 -55.8991 1344.84
266.658 240.941 888.919
-496.324 94.7025 962.891
73.2018 194.44 1465.7
66.2448 -54.3417 1341.82
295.511 240.099 892.935
-480.238 116.862 941.509
77.6793 196.361 1465.75
67.6946 -51.7886 1333.77
331.352 234.177 910.314
-458.545 128.978 916.847
73.1361 192.953 1475.95
67.4464 -50.9059 1321.58
360.108 235.001 913.808
-441.278 145.723 894.248
74.4724 193.852 1475.72
78.3793 -38.2999 1310.17
391.994 234.948 918.29
-415.288 152.323 888.174
76.032 196.089 1474.15
76.1717 -40.3972 1314.92
421.531 231.76 927.983
-390.684 172.301 871.422
75.8815 197.671 1472.91
75.6625 -41.4837 1317.72
447.605 224.648 937.325
-354.245 180.067 864.479
75.6131 197.533 1474.81
76.0619 -39.0341 1321.44
470.616 224.088 950.951
-318.335 189.3 855.14
75.2053 197.009 1479.19
77.2731 -37.2361 1322.24
482.376 154.174 932.419
-287.315 195.523 845.791
74.9731 198 1476.04
79.3573 -32.5178 1324.42
510.09 217.967 968.857
-249.772 195.075 838.466
74.4888 198.58 1476.72
79.8355 -29.9982 1325.01
532.188 214.532 977.237
-223.526 195.74 828.166
74.9704 198.059 1477.47
84.2047 -35.1968 1337.12
557.499 205.974 992.698
-190.229 195.902 828.897
75.166 198.804 1475.63
86.2527 -37.3705 1340.55
577.794 199.937 1002.31
-155.654 200.928 823.405
76.8747 199.907 1474.1
85.6912 -14.4942 1330.19
603.196 206.496 1032.76
-122.917 178.383 822.311
79.0756 201.509 1474.21
87.6108 -6.74318 1329.47
626.958 168.368 1093.14
-91.5753 168.399 824.518
83.443 208.21 1472.83
88.9291 -0.0706986 1340.97
654.558 209.222 1070.66
-61.8104 156.957 814.88
85.912 212.944 1472.03
95.2091 -6.52425 1352.86
640.367 128.237 1175.55
-33.6596 162.565 803.28
85.4957 227.588 1470.68
93.1024 -16.1305 1358.25
645.976 111.855 1208.35
0.619242 159.518 810.827
82.8248 235.727 1444.13
88.1671 -24.426 1360.48
655.591 102.344 1226.73
29.1359 155.865 812.007
80.3072 243.018 1426.24
85.6586 -28.5391 1359.71
656.795 90.5771 1251.51
55.7427 143.444 798.225
81.396 245.383 1414.04
82.3685 -32.5268 1359.11
664.422 84.9514 1269.94
85.2403 139.166 810.453
85.4576 242.316 1400.54
81.8984 -38.8689 1346.48
672.423 75.2421 1278.86
111.928 136.795 832.044
89.0158 239.605 1386.82
91.3825 -35.2813 1333.24
680.923 70.6434 1298.07
67.5625 95.9253 967.694
93.2368 235.668 1372.5
109.393 -41.4794 1314.93
697.123 53.0703 1299.82
-109.028 -116.681 1359.11
97.706 229.527 1359.92
126.798 -44.7737 1296.38
722.675 49.2091 1298.03
-118.498 -116.645 1367.06
98.5002 218.132 1344.57
136.49 -47.6615 1298.24
731.322 31.5234 1312.39
-121.895 -67.1325 1350.42
101.838 212.596 1333.66
140.276 -49.0741 1293.27
742.709 27.6671 1324.18
-112.555 -47.2473 1327.81
111.542 206.729 1322.91
123.954 -36.4468 1294.45
742.243 27.4887 1342.38
-107.936 -48.2208 1335.68
119.258 201.632 1313.25
128.582 -39.6442 1295.55
747.632 17.084 1351.64
-91.4279 -64.437 1251.39
125.423 197.662 1303.94
133.264 -41.5693 1291.55
754.907 11.2497 1360.37
-106.156 -9.75139 1323.92
129.654 195.814 1296.39
140.221 -35.7316 1293.74
763.809 -4.09765 1367.26
-104.214 -19.0361 1323.07
129.953 203.037 1291.29
142.174 -27.0471 1299.07
768.236 -14.1946 1382.71
-91.0994 -13.3351 1320.34
128.733 210.315 1286.45
129.994 -15.5486 1300.33
779.949 -25.2336 1388.49
-108.399 -3.39882 1320.1
126.887 219.232 1281.65
129.644 -12.3186 1299.74
763.026 -8.20411 1420.64
-54.9872 -22.2411 1255.58
126.339 226.448 1278.14
132.153 -9.92304 1298.22
751.927 -9.80614 1432.62
-70.0163 -4.51271 1291.39
125.569 234.135 1274.72
134.235 -7.36706 1297.88
745.494 -16.2921 1444.69
-42.288 3.84834 1252.62
124.386 241.99 1272.04
134.925 -3.79183 1300.93
788.728 7.37204 1440.59
-57.087 -9.68879 1237.72
122.659 248.932 1270.14
137.522 -0.1247 1306.48
717.879 -39.4713 1493.61
-86.4891 -5.0559 1308.63
120.614 254.217 1268.64
136.118 -0.562882 1309.41
765.561 50.1831 1467.61
-73.7766 -50.9602 1307.26
116.276 258.339 1269.25
132.365 6.32504 1312.62
740.696 29.2511 1487.01
-67.1421 -45.6572 1301.08
113.389 262.771 1269.92
132.159 11.5988 1314.65
760.055 46.2021 1483.96
-62.2797 -40.55 1296.67
111.169 266.51 1271.31
132.478 13.4768 1316.85
759.997 54.1068 1495.94
-64.0002 -40.671 1299.25
108.956 269.687 1273.96
129.718 15.2453 1320.07
742.51 50.5507 1511.73
-63.2942 -58.2236 1303.32
106.444 272.617 1276.66
128.083 18.0275 1321.28
738.438 49.9582 1514.71
-56.6723 -32.5722 1298.92
102.436 275.941 1280.15
126.479 20.4091 1322.72
723.787 49.5307 1527.46
-60.7467 -48.3966 1300.72
91.6915 280.403 1287.13
126.155 20.8046 1324.96
635.93 -0.373644 1572.96
-59.7755 -41.7472 1300.76
89.3959 282.187 1289.65
120.519 3.19288 1326.17
748.447 109.967 1536.01
-62.3161 -52.0637 1299.52
89.8383 280.987 1285.33
127.488 -7.46907 1322.45
770.456 151.048 1555.23
-65.1405 -61.1944 1297.99
89.0211 281.967 1286.08
131.629 -6.93904 1319.89
695.213 73.9432 1562.77
33.1374 -51.3703 1377.89
90.4855 274.068 1285.3
124.094 -20.091 1326.36
730.446 141.946 1544.39
48.3414 -36.0873 1385.22
90.4844 279.799 1276.17
122.418 -24.0583 1327.77
708.549 71.4157 1544.66
55.5981 -30.7722 1384.28
88.8373 277.322 1269.02
127.464 -19.3017 1323.82
717.613 85.2026 1534.72
54.5549 -40.2462 1385.21
89.529 275.974 1267.39
129.276 -18.2114 1322.07
738.441 93.0557 1525.26
77.6933 -36.5711 1377.63
89.5211 273.49 1266.71
130.473 -19.2299 1321.92
741.292 82.9892 1502.57
100.895 -31.4988 1374.41
89.829 272.799 1265.79
130.257 -18.9866 1323.38
655.435 23.0483 1458.51
102.829 -32.9434 1367.07
90.2424 272.349 1265.17
130.895 -18.1344 1326.31
731.096 72.6212 1449.34
100.081 -31.7398 1365.6
90.2894 271.753 1264.94
130.079 -17.9718 1328.38
722.16 64.6055 1426.35
99.5692 -33.6891 1365.61
91.0036 266.372 1268.7
127.818 -16.7616 1312.27
719.511 87.6061 1397.08
53.0392 -43.9364 1344.22
100.326 259.048 1281.39
123.021 -13.8869 1307.67
734.604 92.3176 1365.68
13.3288 -59.7443 1363.77
100.139 249.771 1286.44
129.657 -31.1893 1314.3
728.748 60.9812 1331.43
6.47244 -57.5744 1339.18
98.4631 241.853 1289.21
130.633 -37.1068 1319.23
737.481 74.2825 1299.75
-82.6601 -72.1449 1320.81
99.5535 237.41 1292.35
112.887 -27.3908 1312.52
714.505 71.8988 1282.4
-78.9178 -73.1672 1302.97
100.912 235.363 1290.85
122.189 -34.9826 1320.08
687.933 48.1276 1265.17
-79.4705 -67.3131 1305.51
103.525 232.554 1286.2
128.421 -34.8444 1314.46
681.002 52.4013 1239.89
-83.405 -83.069 1316.63
105.547 230.627 1281.32
126.539 -36.0049 1316.45
654.088 41.9291 1226.82
-82.2525 -63.6578 1301.37
108.43 228.434 1275.54
106.647 -44.3055 1324.54
637.674 40.737 1215.7
-72.0006 -58.1602 1236.33
110.202 226.512 1270.19
94.4749 -58.0637 1328.51
626.166 36.8136 1200.03
-67.0387 -45.2837 1269.12
107.651 220.855 1267.56
90.4862 -57.4795 1331.73
620.809 44.7286 1165.58
-78.5418 -30.028 1263.38
105.049 220.939 1270.89
90.6384 -56.7384 1339.28
597.807 50.2241 1153.38
-71.0406 -50.8535 1249.54
100.697 218.873 1286.47
92.5475 -56.022 1343.67
590.729 63.5987 1119.35
137.993 221.342 880.571
129.947 241.474 1365.44
93.0745 -54.9724 1347.17
586.547 84.7882 1084.43
45.4878 167.643 944.754
115.231 231.345 1353.59
95.0326 -53.6354 1349.23
569.876 92.4745 1070.58
106.2 192.897 1007.64
103.92 219.427 1344.22
94.3282 -52.5116 1349.11
554.453 106.062 1052.58
70.7045 243.34 873.756
96.9505 212.442 1340.5
91.6078 -51.2341 1347.56
546.3 126.032 1026.21
40.452 247.431 869.125
80.4519 208.913 1365.76
88.8263 -49.3955 1345.15
529.444 147.222 1009.49
-19.2702 161.322 1076.99
82.5044 214.305 1398.24
85.2141 -45.4775 1342.54
514.139 164.378 986.677
-40.5876 169.142 1054.43
77.0414 221.351 1417.49
82.4493 -43.506 1342.61
499.604 174.603 965.719
-58.2766 180.976 1040.64
66.2862 224.312 1433.87
75.3398 -43.4194 1339.93
481.626 189.489 945.734
-84.4697 212.02 1015.03
49.7668 232.63 1459.32
71.5134 -44.2139 1339.07
466.948 199.198 921.644
-100.301 219.917 1004.81
53.9583 228.583 1458.6
66.7737 -43.2602 1338.34
455.229 210.151 897.895
-162.001 242.183 927.416
43.4055 209.778 1435.47
59.2659 -44.5607 1346.01
431.259 221.524 880.809
-201.959 268.019 879.974
47.2416 208.889 1444.56
58.5769 -44.9255 1346.75
412.14 225.316 863.695
-202.909 198.823 994.924
58.0201 189.068 1426.45
58.4202 -47.8337 1351.57
380.859 237.651 851.416
-242.536 239.574 964.364
55.1908 199.023 1436.7
60.4012 -49.6315 1351.17
344.973 242.073 848.476
-267.661 217.337 1013.32
54.0527 203.134 1441.62
60.37 -52.2157 1353.91
315.971 242.121 846.009
-303.085 235.219 977.094
53.0039 205.708 1443.8
58.6088 -53.6234 1354.65
285.016 245.454 842.874
-328.354 235.383 994.307
52.0351 207.561 1444.53
56.2006 -52.5791 1354.68
252.739 246.403 844.32
-357.745 230.908 1002.67
52.1697 205.055 1446.32
53.7068 -50.7136 1351.64
220.69 243.795 838.723
-387.99 226.897 1014.37
51.7797 205.006 1449.83
50.5982 -49.9327 1351.16
187.916 241.682 842.363
-413.887 219.823 1022.22
53.6022 203.501 1453.37
35.9532 5.25474 1357.63
172.7 193.098 825.915
-452.392 258.551 1049.39
60.5593 204.844 1465.26
34.9375 4.03283 1365.02
140.378 187.571 815.116
-471.335 244.347 1076.41
69.8013 238.555 1457.58
32.6363 -2.00851 1366.17
109.025 194.022 806.642
-493.887 225.831 1095
70.8834 257.291 1409.25
31.0177 -2.6464 1365.46
97.8266 198.236 909.889
-514.171 206.642 1124.76
58.7592 251.365 1419.65
22.706 9.6729 1364.97
55.8554 190.356 802.547
-535.566 212.494 1148.93
57.5374 254.697 1404.83
21.9842 0.425174 1366.81
25.3461 202.881 793.477
-553.952 185.882 1163.64
47.4176 228.434 1357.18
14.2853 -30.2488 1366.35
-40.0782 233.552 773.565
-540.719 136.951 1205.38
31.036 203.886 1311.76
20.6023 -45.6831 1350.36
-70.4154 234.818 779.742
-557.392 128.408 1220.81
39.6544 166.21 1301.04
22.4475 -51.2719 1348.2
-102.106 223.27 792.614
-570.287 114.707 1249.59
38.5746 165.495 1305.81
22.3702 -54.2385 1345.83
-124.771 213.97 800.483
-585.249 118.312 1266.94
19.5412 164.399 1330.84
28.1986 -60.7036 1354.86
-139.291 146.849 865.049
-602.763 111.691 1276.17
19.7425 165.874 1329.35
24.2991 -60.9977 1350.81
-166.144 157.392 871.65
-612.05 107.654 1299.87
14.9431 169.427 1324.5
22.02 -63.6238 1346.2
-203.014 196.364 805.857
-622.071 97.9016 1324.5
14.622 170.956 1322.45
19.8322 -74.225 1341.62
152.151 -43.6286 1251.77
-627.783 84.8056 1346.56
4.81729 172.228 1322.89
14.2425 -80.1779 1340.02
77.4405 13.2803 1367.96
-637.996 63.0998 1359.45
-0.58593 177.013 1322.12
14.5084 -79.4467 1342.25
156.394 -3.07647 1320.54
-648.481 50.5165 1372
-4.29869 179.316 1320.32
18.1608 -75.0406 1345.52
150.792 -4.3029 1309.49
-652.584 33.7789 1391.18
-28.0943 80.9482 1177.06
17.4632 -72.8813 1345.89
156.791 0.473128 1315.77
-657.049 28.7817 1414.63
-37.9924 119.07 1230.35
14.7335 -71.3316 1345.33
141.296 -0.795749 1299.09
-657.135 25.081 1436.91
-46.7782 99.2651 1346.05
17.8394 -71.1819 1349.06
130.09 2.54426 1307.21
-665.752 10.5336 1450.31
-58.9913 99.9893 1350.79
18.6422 -71.4809 1351.71
135.245 7.70145 1311.19
-657.907 2.02865 1474.75
-47.354 90.3084 1328.37
20.0532 -75.5194 1356.62
139.945 -6.4458 1307.63
-659.998 -7.70926 1495.92
-57.4176 96.2888 1339.3
22.6734 -77.738 1359.14
143.339 13.2351 1320.31
-666.311 -15.1308 1514.88
-53.3407 99.5448 1340.58
36.5102 -83.8539 1359.13
138.043 -2.10528 1311.16
-658.713 -9.50179 1536.81
-80.1824 107.122 1343.21
28.6857 -77.826 1356.26
139.446 1.57411 1313.15
-656.452 -20.9735 1556.52
-261.291 121.07 1442.49
31.077 -59.2731 1354.94
137.804 14.3065 1314.07
-633.036 -44.5529 1572.71
-255.926 130.269 1446.25
16.9308 -26.6389 1353.09
-489.422 182.757 1044.27
59.4134 7.15421 1255.32
-258.96 111.403 1429.03
20.3153 -37.228 1352.41
-509.432 170.286 1054.16
36.8604 17.1968 1239.3
-258.252 97.3121 1409.86
6.53132 -5.6721 1361.14
-522.048 184.416 1079.58
56.1763 11.0809 1249.38
31.7449 249.156 1347.5
13.7932 -2.78904 1372.28
-511.264 200.394 1106.53
174.685 -49.6876 1230.9
34.5461 249.747 1351.72
15.6882 6.53821 1381.52
-506.515 197.738 1128.42
-25.5229 67.3672 1476.72
36.1582 248.453 1357.77
17.362 12.1849 1390.13
-508.836 198.762 1152.19
-74.0198 69.9597 1443.07
24.7523 253.642 1396.95
21.5562 15.2743 1395.39
-501.907 197.67 1174.33
-119.291 72.0299 1413.32
24.2879 252.139 1411.11
24.9651 17.6542 1397.85
-457.624 183.001 1184.2
-485.784 122.04 1221.89
34.3826 244.567 1416.41
28.5942 19.889 1400.64
-410.574 178.084 1203.72
-471.186 108.26 1230.54
37.9409 235.712 1417.92
32.7069 21.0906 1402.82
-391.313 180.878 1214.02
-463.397 104.007 1247.2
37.9473 230.195 1418.18
35.5423 23.4693 1406.18
-398.891 186.368 1221.2
-469.798 93.5277 1261.55
32.602 219.159 1421.87
38.7226 25.2393 1407.95
-397.819 185.965 1227.91
-465.644 86.0097 1252.88
32.7311 219.273 1421.3
41.6522 27.087 1410.42
-401.003 187.834 1234.88
-464.44 93.226 1258.41
34.6796 219.246 1419.99
43.8887 29.1579 1411.74
-399.477 183.523 1242.67
-454.755 94.0393 1281.72
35.8814 219.532 1419.29
39.9719 25.2569 1398.52
-383.961 155.936 1229.35
-432.554 92.0423 1289.37
34.7258 222.599 1420.07
42.0101 30.6685 1392.87
-456.35 147.069 1265.36
-120.536 -317.348 1470.48
33.3708 222.564 1421.95
38.9896 28.75 1392.29
-442.703 124.304 1246.51
-129.936 -235.079 1526.7
32.0948 219.747 1424.25
35.3103 22.6874 1388.89
-447.974 119.913 1228.41
-105.091 -315.177 1480.85
31.7173 220.226 1425.74
34.8174 20.093 1386.98
-452.029 124.324 1214.83
-101.329 -320.005 1482.47
31.26 220.434 1426.9
40.8445 4.98853 1388.3
-453.991 108.345 1202.19
-150.596 -250.276 1479.69
31.6037 218.966 1428.04
53.9364 -11.0923 1378.22
-445.709 83.918 1175.36
-663.763 -118.552 1584.83
31.9686 217.535 1428.49
41.0215 -26.9051 1377.87
-441.693 68.9974 1150.9
-673.567 -107.744 1572.25
31.5909 214.459 1430.16
35.9625 -32.141 1373.3
-440.92 71.3562 1135.32
-677.013 -102.447 1551
30.6758 208.148 1430.6
31.9565 -35.6343 1370.95
-435.742 60.5003 1110.93
-685.292 -99.1077 1539.55
31.4275 207.906 1428.34
24.7899 -42.291 1371.41
-430.276 62.3583 1094.2
-684.915 -90.8709 1517.07
31.8324 205.687 1428.06
24.6015 -43.9262 1371.62
-418.703 55.7271 1070.79
-684.529 -81.7629 1503.93
34.2592 199.326 1424.04
18.789 -48.3857 1372.61
-417.331 47.453 1051.53
-688.453 -74.0979 1489.52
41.6066 195.258 1404.15
17.1934 -48.4272 1372.48
-405.731 61.3821 1039
-677.056 -77.2195 1464.23
40.8126 191.911 1406.55
16.9624 -51.2496 1373.25
-378.965 87.2516 1025.38
-672.725 -84.957 1440.54
38.1388 188.811 1405.08
20.4498 -53.6289 1376
-362.661 102.149 1015.74
-685.541 -96.3247 1420.62
1.24811 193.64 1418.65
21.7145 -51.353 1375.39
-342.444 105.635 1008.06
-690.766 -96.9697 1392.63
3.98993 191.893 1424.06
27.6456 -44.5248 1368.14
-315.211 112.396 997.313
-687.079 -86.5922 1371.07
16.3942 193.94 1434.89
22.1753 -45.0509 1360.32
-282.502 100.163 985.04
-681.736 -69.7859 1350.6
19.6075 197.62 1438.27
21.8176 -50.3607 1357.32
-239.647 104.834 1004.7
-707.682 -63.197 1297.7
13.6321 196.773 1435.14
17.3137 -44.7706 1357.11
-240.479 124.174 995.223
-693.739 -61.6079 1278.66
14.2586 198.491 1438.93
25.5375 -65.5161 1362.29
-257.205 118.046 942.285
-654.577 -38.3077 1297.89
15.9586 199.716 1445.51
23.6238 -65.2008 1357.79
-226.626 151.071 952.005
-657.797 -55.722 1255.01
17.5847 200.483 1448.59
32.2243 -50.2229 1354.33
-205.172 166.612 973.602
-662.035 -57.4475 1204.67
18.4767 201.911 1448.13
29.6708 -52.7637 1354.99
-190.019 174.278 963.703
-648.531 -43.8024 1185.51
19.5163 203.637 1446.28
31.4357 -46.8981 1353.33
-168.309 175.307 956.905
-638.662 -27.7815 1162
10.722 209.726 1342.53
35.2022 -54.2709 1353.08
-152.395 189.713 949.211
-624.435 -18.1446 1143.61
11.3616 208.959 1332.22
35.7298 -53.2678 1350.2
-131.141 193.367 945.703
-613.139 -1.08856 1119.61
14.851 179.759 1324.82
40.6982 -59.9924 1359.78
-106.351 186.708 934.504
-596.769 17.9511 1106.13
16.6626 188.923 1323.62
38.1068 -59.9379 1351.12
-77.7452 180.409 932.111
-586.6 34.2585 1083.44
13.2745 220.843 1350.06
39.6028 -56.7123 1354.16
-53.7704 189.051 928.332
-569.515 40.7127 1061.89
24.7174 231.643 1379.66
40.1735 -54.6074 1355.23
-32.9072 193.729 921.098
-558.093 56.884 1049.14
52.3683 198.105 1402.39
37.3901 -54.6499 1356.35
-16.4982 199.322 912.684
-539.873 70.7899 1034.05
58.5029 178.557 1416.96
36.727 -55.7248 1354.32
3.95983 201.282 896.609
-519.171 82.2599 1029.09
70.6669 160.291 1397.89
32.2162 -54.129 1335.73
27.1957 215.519 888.554
-502.506 89.1526 1016.06
71.8295 164.523 1403.06
31.1583 -51.6142 1327.36
51.17 225.352 886.586
-488.523 97.5599 996.669
71.5532 185.707 1401.61
37.5546 -58.1462 1331.12
80.2325 233.493 894.547
-471.455 104.337 971.393
69.3313 195.186 1397.33
42.0016 -60.8606 1333.57
105.655 237.635 898.752
-443.535 123.606 961.506
68.7471 201.581 1394.72
44.9303 -60.1733 1334.68
137.479 243.936 903.786
-425.866 126.183 942.876
70.2451 204.106 1392.42
52.1127 -47.397 1317.44
163.569 252.242 896.538
-408.692 131.296 934.098
73.2716 206.264 1391.02
56.459 -46.3389 1323.05
190.402 256.326 898.931
-379.351 136.831 927.387
68.6126 197.47 1417.01
59.0022 -46.2634 1325.31
213.505 260.106 901.249
-355.651 150.892 917.988
71.6443 193.368 1427.54
61.6532 -46.5646 1330.4
245.125 255.424 908.225
-328.48 160.568 909.881
71.78 190.813 1437.6
61.0194 -49.8392 1338.06
267.676 256.844 917.657
-305.351 172.397 895.341
68.8351 189.13 1456.37
63.2153 -50.7208 1342.66
299.464 250.042 925.681
-275.02 177.935 894.94
66.2584 189.162 1466.91
63.238 -51.7095 1342.81
321.711 248.859 931.651
-252.253 184.315 883.728
63.7961 189.965 1472.3
62.5337 -35.8381 1347.2
347.969 258.533 932.551
-223.314 172.484 889.76
65.0018 189.32 1474.67
71.2047 -15.181 1353.72
370.913 272.41 945.612
-197.926 164.643 881.632
66.4794 188.403 1477.87
75.8488 -8.09739 1355.65
396.882 274.721 955.999
-174.365 154.312 870.49
66.5764 187.447 1478.6
81.1737 6.60602 1364.62
417.588 285.467 961.029
-150.98 139.079 870.738
66.3893 186.521 1478.73
83.9646 27.0108 1370.51
444.972 255.682 948.851
-126.783 163.978 875.724
67.4652 184.154 1478.75
90.4034 40.9729 1343.98
481.364 324.655 990.006
-115.625 103.795 873.591
69.6847 185.191 1478.5
99.6044 56.832 1334.04
511.401 332.003 987.538
-106.773 80.3031 875.947
71.3643 186.395 1477.95
99.3481 56.7461 1334.22
526.602 336.294 986.727
-85.8569 153.667 900.874
81.7915 195.478 1482.87
99.4816 56.4455 1334.56
567.434 260.234 1075.5
-65.0673 76.4235 861.229
90.1456 208.009 1496.76
110.853 50.0648 1346.64
558.601 335.845 1026.59
-57.6387 65.8192 801.848
95.9044 213.549 1502.4
112.357 37.5641 1346.51
566.141 316.361 1037.91
-2.76931 100.309 784.048
95.5262 212.617 1499.48
112.323 43.1715 1344.91
590.257 337.003 1029.33
25.6866 128.38 896.021
154.079 95.4591 1522.29
114.028 48.3194 1343.65
618.944 329.619 1026.53
5.5765 56.1182 870.021
127.322 269.571 1292.25
105.856 64.9935 1349.03
636.939 293.043 1046.71
56.5003 182.734 847.587
114.322 231.478 1343.17
133.631 241.76 1137.45
2.81839 -150.338 1292.26
35.808 301.807 822.118
110.416 230.979 1337.84
134.482 212.513 1157.88
51.8885 -43.4786 1200.22
14.7158 161.552 955.756
108.77 229.418 1332.65
123.225 35.7529 1304.39
743.174 312.332 1108.21
-3.20385 -3.65294 955.068
111.634 230.795 1321.82
130.421 43.6719 1309.05
749.549 299.285 1114.96
23.6629 8.4461 960.516
112.217 226.233 1313.75
122.227 -48.5967 1297.74
667.792 120.842 1181.4
94.4994 94.8346 1010.8
116.616 225.457 1311.95
130.145 -50.7342 1301.06
674.489 114.339 1188.94
103.265 90.0963 1028.08
123.442 220.588 1315.07
135.415 -50.6724 1303.85
684.07 113.536 1198.17
100.419 76.7656 1049.88
126.661 215.013 1312.9
123.86 -54.4182 1298.83
693.755 109.081 1211.5
-125.028 -73.7699 1373.29
128.046 204.447 1312.56
122.604 -56.2846 1293.65
701.079 100.048 1230.48
-115.539 -69.4881 1361.57
129.461 197.651 1311.62
123.919 -57.4198 1293.59
706.866 95.2752 1243.05
-119.301 -74.4821 1371.13
130.583 191.989 1309.83
123.426 -58.0005 1294.03
713.544 90.198 1253.03
-118.872 -55.7402 1357.78
132.124 187.389 1307.32
127.581 -53.2489 1296.1
733.507 100.504 1245.65
-115.008 -44.0436 1357.23
135.842 187.348 1307.92
133.775 -51.9151 1300.93
741.895 100.522 1252.85
-111.948 -42.5523 1355.95
143.252 184.48 1306.04
154.882 -51.0218 1298.23
748.55 98.2914 1272.61
-111.125 -39.7468 1358.21
144.896 181.861 1304.72
167.518 -49.6735 1302.7
752.666 102.918 1286.86
-106.185 -30.9996 1348.38
147.673 181.037 1302.6
172.63 -50.0514 1304.27
759.491 107.773 1299.68
-99.8952 -39.2382 1347.72
150.264 181.574 1301.73
176.507 -48.9927 1304.46
757.37 108.375 1310.77
-76.9778 -14.4119 1264.71
151.832 185.813 1301.27
164.394 -53.1669 1297.71
752.776 118.813 1340.34
-105.9 -57.3065 1350.16
146.394 184.084 1298.72
148.027 -52.8587 1299.47
650.376 75.4552 1282.13
-105.831 -74.5134 1336.43
141.064 183.234 1298.57
143.915 -53.796 1303.94
646.171 74.141 1286.57
-74.0583 -44.3428 1276.89
143.979 180.323 1295.2
131.227 -61.5818 1302
641.303 71.9275 1279.2
46.0931 -3.36607 1181.66
153.742 175.837 1303.44
135.675 -57.9502 1309.06
752.88 133.613 1411.86
187.92 48.9957 1121.31
286.915 149.291 1364.01
142.609 -57.0364 1310.91
765.515 135.914 1425.51
109.817 -22.0878 1188.76
281.6 148.363 1358.88
150.492 -56.0269 1327.07
772.331 150.083 1443.42
-17.718 -59.3502 1208.71
297.475 148.097 1353.51
157.415 -45.0467 1330.05
768.897 139.723 1449.41
-15.1616 -63.173 1204.35
311.614 147.009 1347.91
162.192 -40.8484 1332.96
779.608 110.517 1446.97
-8.67619 -34.5172 1200.1
323.22 145.939 1343
156.178 -24.7091 1338.57
777.53 110.146 1452.02
-18.5265 -66.3433 1202.63
332.297 143.774 1328.85
166.005 -16.7184 1340.91
816.78 78.5171 1414.21
11.3525 -25.9004 1176.08
394.942 101.603 1201.62
159.627 -12.8713 1337.65
816.056 69.0065 1408.74
123.819 32.5352 1133.81
402.419 114.655 1176.51
146.876 -11.9831 1331.99
787.571 41.9127 1394.87
136.022 28.08 1117.59
399.635 110.269 1177.45
141.32 -9.46831 1328.82
774.564 25.6817 1379.19
115.704 20.8218 1121.92
397.495 109.273 1176.16
129.691 -24.7566 1323.6
762.839 -1.89712 1358.14
-27.647 -43.0844 1214.26
392.929 105.29 1172.23
128.586 -41.6384 1315.83
748.449 -27.3312 1335.94
101.264 5.30267 1182.23
389.354 103.394 1169.05
130.583 -48.3733 1316.56
741.625 -48.4732 1309.88
103.779 64.8825 1118.23
378.117 89.9768 1128.66
134.223 -60.7445 1305.87
741.469 -66.2851 1291.03
128.316 101.836 1096.16
372.932 86.3875 1104.9
136.954 -60.2483 1306.98
729.634 -65.0948 1279.83
45.1843 56.3022 1138.72
367.3 82.8302 1082.56
151.34 -41.4798 1307.06
728.244 -45.3192 1263.49
-67.1994 -29.2039 1246.93
364.849 81.2122 1080.42
144.748 -45.8347 1308.38
724.963 -45.7395 1246.92
-57.2739 -15.2771 1214.49
363.054 80.3667 1078.96
141.817 -47.5769 1310.02
713.766 -42.9822 1229.53
199.838 108.08 1015.22
358.986 79.2348 1077.34
136.069 -43.404 1314.81
709.497 -32.3057 1215.92
250.123 152.946 985.121
315.994 94.6594 1062.13
131.286 -42.173 1320.69
702.023 -24.96 1197.03
229.441 156.658 979.351
294.485 98.3943 1056.53
120.624 -44.4356 1341.38
686.469 -12.5684 1182.69
231.949 161.994 969.128
273.806 111.353 1034.9
113.518 -46.018 1350.62
673.651 -4.67393 1178.28
202.42 158.255 955.32
257.668 112.743 1022.99
107.91 -57.2892 1351.01
659.412 4.12607 1170.55
186.902 151.628 983.36
238.722 107.956 1024.41
103.356 -61.9044 1350.94
647.074 12.0565 1152.32
179.763 149.369 978.496
226.535 107.692 1021.28
101.31 -64.9714 1347.93
638.838 20.1199 1140.21
169.408 150.234 972.276];